-1.020352
-7.705903
-8.419203
6.689898
-6.012930
4.367776
-1.950870
0.897738
-0.118592
1.302340
5.424828
17.798470
-11.974536
17.532682
1.455402
-9.880219
18.607008
-2.351556
21.765070
2.270389
15.306337
1.182991
11.671289
7.040532
-2.814701
23.204548
-5.879462
3.363779
-7.055989
12.593643
10.778282
5.897426
19.759544
9.162903
-8.821612
-2.154272
5.560939
-11.133222
9.802698
-3.513744
1.331264
7.400434
-10.285546
12.783387
2.093356
-1.748571
3.546495
14.133915
7.572009
-13.323855
22.433613
-12.228951
-34.330578
-4.947807
17.996853
20.242186
5.833930
-12.776470
-4.920276
22.177284
-1.682664
10.989680
5.771934
14.312789
-6.392775
6.440593
4.726575
4.435233
9.611045
-0.104063
5.663286
-9.911036
8.100497
13.288527
12.831331
13.041845
-0.692632
0.312033
10.609668
-6.994256
-21.959373
-6.988844
7.724851
0.472911
8.992719
-8.296432
-9.641051
-9.497020
-12.229332
13.165218
-19.536703
-0.235477
-1.576570
2.432288
-6.133115
-1.326830
-4.819861
2.202478
-1.925883
-2.439463
7.120095
14.285782
22.561722
11.201334
0.019877
-2.074136
12.807349
-2.982424
-11.804433
14.929989
18.369057
-18.148039
-12.837701
-5.938022
-3.841394
13.671751
-24.359528
3.190746
3.340453
19.555870
-28.244673
-13.756812
-8.476719
-0.535742
6.249953
16.167135
18.046024
-24.460443
-5.564254
10.016875
-28.691778
23.740850
2.907185
17.479893
-19.305880
-3.145911
-0.904415
-6.004031
-10.957019
6.519613
17.975212
-1.406188
3.273780
1.217694
24.234585
-19.261311
2.196985
-0.156384
0.171537
-1.432613
15.270351
1.706016
8.398869
1.869222
-9.699105
1.859221
-18.621410
3.716742
-11.870032
5.074409
1.002394
-6.796108
3.871379
15.466926
-3.332718
5.744463
12.839093
-0.102485
-20.176689
-15.331823
-20.858829
4.287458
6.885910
11.792905
7.084689
9.281653
-21.263741
-13.268830
1.889155
4.786717
0.727690
12.290121
14.863384
9.125279
-15.350829
-5.796318
-3.879097
4.494098
17.834387
28.843678
6.826623
-0.903374
14.235840
-8.179751
-2.902600
5.099117
-3.476282
8.975453
3.021775
-5.606217
-3.965094
-7.642166
-16.185694
-12.114238
-3.379905
5.889411
-17.828413
-20.488146
-0.287578
24.169636
-13.653378
21.967604
-13.323895
1.788761
30.425188
-7.831755
26.447952
22.470488
6.003634
-8.245564
13.912755
4.977521
1.871503
14.122367
-1.313821
6.147808
-3.927193
-1.518510
-22.396318
8.784083
4.122988
2.261262
15.054580
-5.354053
10.743372
-9.910011
3.588356
9.497583
-24.051373
7.162421
-10.156819
32.227795
9.847183
2.953708
0.262563
3.706533
-9.956538
3.207635
23.578348
9.310320
-2.794924
13.920506
-9.083091
-7.019248
-25.346859
-9.669234
10.314430
-3.844105
-0.764120
-0.310678
1.384542
8.493577
5.819832
3.244179
-16.594070
-16.263409
2.056119
15.711905
22.416063
-5.905494
8.549150
-2.981357
-11.021067
-6.967682
0.846868
18.928419
-8.026604
-3.458641
28.419973
-22.223597
-7.466483
-6.971390
-3.752073
-8.934216
2.842257
10.571320
12.552853
37.327000
-13.167898
-3.028361
10.824155
5.641385
-8.387664
-13.857198
-0.491596
8.834202
8.075178
20.843458
20.844963
-0.611922
15.139732
5.834471
22.501333
11.327505
-10.464069
13.702908
-9.080957
8.878886
-11.659348
12.868159
-1.076303
20.188969
-8.443130
-13.286318
-8.746373
10.514048
-8.638677
-3.187057
-10.639231
-2.548122
0.667734
-7.963143
-3.973057
20.518167
15.139003
7.941786
19.098070
-5.013880
16.058857
19.187729
-0.527723
6.177921
-16.396614
0.826023
-2.199557
-27.701239
-7.615689
14.049935
-17.002462
4.207147
-6.783943
8.282276
-1.506340
-16.337967
18.982235
17.901655
7.415506
-1.110467
-1.921618
25.874434
-13.301868
38.018551
4.011979
13.470723
-7.864278
-1.268011
12.904713
4.201060
9.727687
-14.853721
10.133066
-5.802443
5.041632
-6.276719
2.523627
7.011221
7.079929
13.378082
-9.931577
6.043393
18.366182
6.459697
11.137927
1.375939
-10.516891
17.685036
13.734964
-7.996346
12.326871
-8.073874
6.084212
-2.462137
17.767027
17.270658
-3.984623
6.346809
-26.877296
-10.379639
19.254576
10.847389
-0.219258
-3.506845
25.306160
-14.755176
-6.936819
7.328315
10.034498
1.587096
14.188520
10.615809
12.713577
8.462008
16.403648
3.796688
5.744876
0.070963
-12.396291
3.601521
15.951132
24.961531
-9.835862
-24.135876
15.560214
-7.222788
-9.180784
-0.433003
-6.493896
14.128418
2.644151
11.704679
2.194283
6.018634
7.733181
9.720904
-2.317517
18.171522
6.239240
27.082275
22.313700
7.640779
21.132271
-22.056885
-1.715656
10.651618
6.031983
13.232682
10.041612
-8.777081
9.910889
5.416333
-4.029250
-8.891116
14.985088
-1.117525
0.100684
7.462617
4.063383
0.318261
20.426638
19.593195
-4.603260
3.158497
4.712474
-2.928062
1.867744
3.440566
-15.988771
1.376397
15.851351
-9.748207
0.186419
12.890987
6.951718
6.920988
12.788348
41.848339
-9.543578
7.939259
-10.022539
19.777424
-3.024285
26.795319
6.323816
3.405668
-4.472757
15.827807
11.623450
2.912240
5.158850
10.902967
-5.678382
3.250605
-32.391449
0.778101
3.822042
-1.093033
2.096285
33.580051
0.284155
-8.279616
5.821681
-8.561768
1.264651
0.294770
-0.105855
-2.019433
0.341158
6.708258
23.261852
11.815804
-17.530891
12.990898
-9.491393
2.312615
22.252604
-5.590095
24.916769
-6.365442
27.765430
9.165294
-18.684309
15.869576
-6.316525
28.756178
31.519876
-16.986374
-0.394800
-2.180420
28.981949
9.941479
3.280755
-18.247143
11.012327
22.181356
2.041337
26.012196
16.044956
-20.886795
12.814404
-6.264411
4.344705
13.668427
8.207761
-5.772722
12.930087
-16.613266
2.785467
21.556360
13.777432
-17.004730
3.957140
-8.934464
1.561405
6.418141
2.595583
2.481695
7.032539
8.021584
-8.968213
13.169914
10.089261
24.599775
1.061686
8.360312
0.535533
-11.217040
13.400743
20.408785
10.661596
6.653203
9.516275
-0.390391
-5.648863
-12.972378
-15.908531
-6.921522
29.850245
6.408340
-11.195607
-0.929298
9.357213
9.084847
-7.054591
24.145992
10.205411
3.859276
8.735009
20.699224
-6.882440
25.896040
14.764494
1.375210
11.156998
15.464312
9.418456
4.321966
-14.843083
22.641275
10.841547
8.524330
3.244911
3.092860
5.742123
14.574406
12.535129
1.416785
5.293324
6.239069
-9.627677
-0.441253
-3.623501
-3.811581
-12.517857
-18.503649
-7.855176
-11.808742
16.367525
38.886780
23.865849
-15.657004
-0.194796
3.660909
7.796910
3.373131
-3.829309
-25.418419
11.751441
-14.322230
-8.678983
7.817121
1.394560
37.430279
11.294219
-6.441903
17.358679
16.576906
1.228255
6.133960
-11.471034
-6.062851
-10.499264
-7.997340
13.185048
-12.994458
18.803385
4.172459
-23.935480
19.814947
2.101630
9.587678
-7.009342
6.044441
-13.598058
-3.354677
-4.716588
-4.036050
9.021675
-0.988590
-9.832829
10.478360
-1.507121
0.222260
-12.452736
3.273867
-13.777550
9.332913
2.871204
-6.408476
1.161824
20.938520
-11.850262
-4.062114
18.274092
-4.776723
1.623284
15.214542
-11.401432
10.914131
9.098122
-15.609985
-5.930879
2.553337
-16.299128
-6.357230
-0.088137
-3.641446
-0.288263
-16.134333
-6.280772
-3.525602
12.138760
0.209756
6.553475
21.547878
5.612456
-11.026709
1.567873
6.389127
-9.551657
-8.926523
17.776155
3.687528
-6.078018
7.271919
-19.692776
11.261744
4.163452
-12.185103
11.478557
-1.222839
5.166762
12.693879
-7.286510
24.780346
17.120188
-11.499551
7.655150
3.825710
-3.647413
8.110267
-4.770999
-9.752051
7.577079
16.392900
-1.353130
0.123388
-4.776728
-1.179710
-3.911553
13.449599
25.503876
-7.643700
13.951771
24.380892
-4.299524
3.934434
11.554555
-1.704792
-22.383028
12.901200
-14.801148
5.859684
13.653174
-21.749765
17.214304
10.454209
-19.120371
22.193844
-24.859619
35.804157
-14.278832
-12.799993
14.189889
-4.384483
-33.236382
35.508907
6.943924
-5.495896
-4.887492
3.264143
-5.602803
6.330799
-5.598817
-24.717138
0.973183
-4.693463
-0.323218
2.249337
4.823054
41.471066
-4.502480
-1.975686
0.841903
6.904407
6.074876
-3.379663
1.147629
-1.869894
9.870750
-8.104825
8.664373
3.375164
21.498987
11.036380
-7.530468
14.145370
-17.432241
3.586273
-6.318370
11.972459
8.035522
-25.922831
-2.214372
55.811741
9.392263
3.580955
-11.528511
-6.264069
24.675732
5.113377
-17.328085
2.381694
19.919737
-12.025686
38.525745
12.555945
3.113124
6.659720
6.915498
22.428347
2.265075
1.922826
10.421472
-7.920599
-5.255161
2.307230
-11.501613
-5.743584
-13.194928
-23.945532
10.138243
7.037266
-9.598254
19.207886
2.532843
6.971495
9.583962
10.851656
15.480493
8.332850
7.991611
-6.570496
15.101143
18.058718
-2.293657
15.445411
12.639795
33.003944
10.398089
2.240996
11.140223
15.163774
-11.119567
-2.918627
5.326478
26.680305
33.458103
-8.335458
9.529597
8.741126
-8.608026
6.448988
-0.466108
2.632777
-18.444574
1.674422
-4.745831
15.602601
-15.408162
7.759507
14.487413
-4.808634
-20.970650
9.197124
0.486303
-4.052454
2.504033
3.773078
7.855081
-34.047897
-7.070699
-7.669322
-3.073720
7.446013
7.176985
-0.798767
12.685477
-11.891662
-3.088781
-3.032197
-3.141493
-7.119912
-0.734686
-10.260509
8.915720
-0.899629
10.320739
13.285753
6.405540
12.569797
7.491444
7.765568
-6.993102
8.088277
-3.832436
2.984369
6.282034
0.047855
-6.568305
10.475730
4.790281
29.610111
-2.518552
15.524232
15.685999
4.671016
17.372524
11.119193
-9.249938
-3.939866
-13.683209
10.787247
-1.132402
-7.483256
-11.869194
12.888460
17.284744
-10.819235
14.580749
3.287807
-0.975366
21.092892
-3.353875
12.876624
-8.686871
-6.247753
4.807441
-23.743507
-8.443247
-0.951694
-3.573451
-19.333853
-3.142371
3.497159
15.567823
26.747396
-10.541093
20.794687
-1.045134
22.715731
-4.795527
2.871232
-30.524244
-5.860362
-11.090995
12.170939
-13.150068
14.294299
16.301334
-6.884861
-5.498442
16.943043
-2.768581
1.328128
10.236069
-19.997580
8.181785
10.028631
3.559130
-7.101585
-0.414467
22.849545
-9.008649
6.151026
-6.297706
3.879445
24.383999
-10.439327
-21.750395
-2.215588
-8.428903
-8.653776
-12.429091
6.966345
8.351121
3.488029
-32.123058
-12.628976
15.761889
28.964594
-1.426187
-10.789475
-5.575678
2.114461
8.997275
9.589995
9.704370
-15.365318
7.772312
20.855738
13.305382
0.595625
-6.346134
23.117964
-13.038455
-6.773492
2.281807
-16.096302
0.224539
3.237736
-8.331492
6.653958
10.537998
-8.170285
21.018841
-6.923007
9.091500
9.543498
-12.259570
9.148846
-2.188248
-4.449038
6.844235
14.685373
2.406317
10.639701
-11.055160
5.886360
23.705536
-2.415371
17.022078
-9.893578
9.252466
26.251495
-17.645275
2.959021
7.616615
1.659175
26.668158
12.343087
0.686139
15.705159
-5.971668
7.162586
0.241636
10.606614
-1.295779
-7.009358
11.996340
-8.159170
14.076622
22.099453
19.076929
13.802538
-2.328351
9.418123
-9.841637
13.603722
13.093766
3.370528
2.450161
17.191639
16.379807
9.408159
-2.479010
-17.926891
-14.023739
8.285783
2.183267
9.263084
13.409764
-0.049913
9.135374
-20.653629
12.950481
-16.316565
-7.505438
4.014764
0.973322
3.811826
-12.622167
21.558037
12.354718
25.059053
23.274193
-9.360076
-7.368472
27.065718
8.382343
17.981100
-6.119666
-2.992510
9.587300
0.238616
-3.597111
2.488063
1.475383
11.903023
-12.098386
-6.474123
16.703104
3.903610
0.081941
20.456810
3.844444
10.066000
-2.918650
-5.311382
5.123118
8.208995
-27.051931
12.099039
10.564137
-16.569155
5.210060
-11.189907
-10.342013
9.900350
-3.520410
5.516695
13.758231
-13.720558
17.947628
-5.243316
-4.904947
-0.625403
0.967077
-0.993614
19.573668
15.532995
4.747021
10.395235
15.468478
17.873995
2.963428
0.517226
-2.586019
-13.388433
2.558165
12.471054
8.222899
-16.195303
-5.653163
-2.331173
-5.880353
4.926627
13.451220
-10.928184
16.401079
-11.964396
16.365950
-12.113413
-10.128048
6.562493
-15.100245
16.544907
-17.935398
-0.750890
2.414717
-0.097613
23.362656
10.823374
6.689716
10.357193
-7.440062
9.542764
-13.938887
-9.462854
9.846002
-3.362412
-0.059006
-0.306552
22.999727
19.091469
-1.994204
-10.911882
7.055691
17.358082
9.906946
8.789422
13.372138
19.092783
-6.493082
-2.047009
17.332022
10.531326
-4.458181
11.087689
-0.209032
-1.896152
7.970840
10.629148
-9.759742
10.205215
6.015622
8.660613
25.261902
10.395888
5.276483
14.628036
-6.522994
1.517953
11.609960
3.923029
13.623936
10.776759
15.402008
7.821002
-14.288223
11.795814
-2.134988
3.139752
-0.315462
23.730446
12.847154
-2.704884
8.535010
3.436666
34.933094
-10.298911
2.645605
-4.428042
20.560701
7.627392
0.954470
-2.088311
13.739322
-2.210686
19.296295
7.946591
9.790681
0.023109
-10.641891
-2.169638
3.635813
-6.842369
-22.711933
-17.412169
-1.545897
7.223404
24.382732
-6.958805
2.564722
-9.733641
-20.414986
7.205160
9.414296
-1.544624
11.464463
1.096686
21.376198
10.294687
5.708849
-16.194471
0.124936
4.970071
-18.140646
-2.723068
8.223434
1.727087
-11.311951
9.413937
-3.655560
-10.487170
1.773236
2.391324
-4.943461
9.762773
-14.474295
17.511341
18.168531
-12.523948
-22.685474
11.407356
13.533194
-27.785122
-17.313595
12.019277
26.767500
-1.369996
8.815447
4.813169
3.026576
7.850750
19.942047
-14.944839
-1.299841
-4.883732
7.596219
10.011312
26.676266
3.414973
-13.585493
-2.851334
-29.721825
-8.349927
8.042287
4.292110
-17.488720
14.269981
28.551664
-5.501395
12.040096
-25.361927
-17.073229
-16.280827
1.832546
-2.526493
-18.746765
4.868547
-7.816737
0.923935
7.571877
18.091003
-0.952606
4.616366
27.317472
-20.360191
2.059680
19.100519
12.388679
13.291973
-0.306852
5.349748
0.266268
-15.137011
7.248826
2.018122
-1.393722
-18.714203
5.124913
-1.356833
2.072357
10.799958
0.909335
-0.987991
10.791926
11.320832
6.506696
22.013815
-2.832100
-7.618877
5.417260
13.518268
4.439728
1.515970
-3.861657
-9.366383
0.998855
24.712467
1.794368
14.222927
10.974494
-21.614408
-5.121682
-14.753371
11.978941
16.949991
4.029788
-1.574953
-0.101391
-9.979910
25.391893
-19.791948
2.124828
0.839930
-7.939691
-12.177881
-16.023525
16.949543
14.332336
-7.298241
7.852502
17.527943
0.906780
21.870493
1.227473
13.634659
4.761648
14.269853
1.652136
-9.104823
11.488239
-9.188984
-5.514971
7.644703
-10.394403
18.335323
0.773882
-0.474131
27.565508
-10.082303
-10.925719
-15.266258
11.332710
2.167870
-1.368049
0.315080
12.471250
1.401677
-6.289175
-1.308518
-1.835020
-6.744390
-2.966253
-6.170502
8.477677
20.405701
-0.756489
8.114997
-14.143436
12.174994
-1.535189
-0.799060
-1.721550
12.163276
-7.385091
5.487245
-9.127353
3.550782
23.123583
1.505038
11.605121
-3.978754
1.911545
14.836886
-3.481470
-10.747866
-1.458587
-23.078852
20.958099
-8.982142
-3.601513
-0.819247
19.502480
17.248251
-5.717407
-5.710117
-6.458764
18.012472
-8.826021
-5.642193
1.333503
-3.391623
15.316473
24.294556
5.875044
10.223610
-3.667204
4.998614
-0.432255
-19.852558
1.557605
0.847757
27.365515
2.576444
19.031096
19.043293
9.354190
5.123480
18.848572
-4.441548
-1.199541
6.082487
-1.885302
-1.263815
5.215415
-12.852857
-10.165324
-15.939735
-11.299113
10.696013
4.269245
-7.675378
-28.794537
23.685564
-12.080657
11.198970
-3.127432
-1.733602
1.168100
-5.982642
-10.651038
4.027823
27.096363
-8.005885
8.332649
-5.541435
-13.096393
17.626251
7.973262
-22.293875
8.523177
13.981534
8.201277
19.394238
13.438091
3.773631
-2.268690
-0.706246
-0.975336
-1.501597
-0.539196
-28.968679
-3.286667
11.284678
24.817701
-11.013973
-5.263470
-9.010154
-13.304834
8.990533
-3.293248
16.630306
-13.685330
-2.899096
12.164981
-27.840321
-13.941906
7.038348
12.137742
3.064715
16.755306
-20.376980
30.316870
3.829082
-7.662102
1.507319
-15.735554
-8.166684
27.514999
-39.422558
-12.842451
0.535531
18.094006
9.674265
-25.709166
-19.776333
11.722737
3.858527
23.908836
-15.251975
-4.648961
6.884717
19.348768
-11.868739
18.301767
11.278549
2.399320
6.202719
-2.072818
10.718620
10.119370
-11.426689
-20.196531
-0.052234
25.930021
-11.433648
4.306698
-0.600046
3.102747
-6.596926
-4.228742
33.866249
-1.497474
16.005409
4.749722
8.923021
7.331817
-0.976512
-1.846459
-8.133253
7.064328
10.622272
-14.388760
6.475343
-18.819122
-4.272379
12.241620
6.877763
11.728248
1.530732
-6.163604
2.415308
-5.333334
-1.279416
-2.593789
-6.497276
17.442356
15.233775
-9.139562
-2.798735
11.559722
2.701443
4.347708
10.916806
-1.610040
0.149062
22.145893
4.301254
6.108235
24.015497
2.446999
14.726429
-0.820752
24.402565
19.350578
28.297760
0.952944
-14.669997
-8.671926
23.177303
-10.564531
15.701530
17.244137
19.517372
6.626397
-12.694532
16.858665
-12.496914
25.839924
5.288784
-11.051691
-11.182452
0.038775
-2.079393
-8.454257
28.223289
10.977014
-10.662747
-23.344986
-1.982600
0.741600
2.047456
9.608667
-17.831316
-15.817535
-1.302975
-0.158236
2.882549
5.806546
-2.920879
-22.795843
6.132550
-18.427368
-5.108354
-2.149957
10.489163
8.371276
0.119956
-7.272556
21.707514
15.750712
21.560791
9.719989
3.820542
1.629116
-2.588251
33.375633
19.180752
1.643654
-3.459467
-8.687622
4.105844
3.773449
9.235763
-10.787745
-17.762554
18.040861
27.966625
-11.571521
-15.276269
3.660596
7.942729
20.112846
2.483359
17.238838
-5.568683
9.601505
25.173956
-18.449949
0.808375
-9.947270
1.961698
22.205534
-9.030149
-9.076134
-5.500001
17.708349
4.170925
-1.938074
19.640471
11.210744
3.244955
-0.533831
-1.410140
9.855462
-12.504634
-17.939560
-8.964988
6.797012
-3.218828
10.837756
18.854826
-12.934526
17.075893
-9.437341
-15.519304
8.099420
-13.056190
12.539974
-5.449640
-4.921471
-3.684939
9.061028
21.585934
3.417280
6.202229
-4.830820
18.833786
29.993612
-1.081951
4.137668
-20.459888
6.931626
25.098080
-14.448007
0.395830
0.589107
3.636051
6.030593
-0.332375
-5.371263
-5.266758
25.675722
-16.995539
20.321041
7.518572
-3.609091
-13.699148
-6.180251
27.061401
-6.652314
9.478857
-1.771134
24.777203
-2.839947
-14.973388
-9.331591
14.162693
-2.479183
-18.965837
-0.081199
14.120199
15.114654
16.234171
21.433136
4.010716
1.796767
0.095021
-8.255138
-11.020764
-6.033769
3.655116
-12.856760
1.497873
-8.571000
-4.256708
18.550764
19.414257
12.981875
5.427354
-1.716066
-1.365146
2.131837
8.489268
-1.656503
12.158962
6.514403
3.668678
12.420952
4.527076
-11.082222
5.070435
-2.650620
-4.990301
-3.376720
16.243412
-2.715137
-6.970829
-19.949102
0.745485
-20.609655
22.212118
-16.948753
-10.312741
-8.551671
8.587515
-2.550197
-0.841049
-1.060944
-11.697470
13.112391
18.337950
10.389530
17.438267
1.899246
-7.095061
2.279649
-3.678210
-0.550153
-10.292640
-15.603842
17.620800
17.060549
-31.886990
16.922092
-2.252033
2.053200
-29.611744
-7.122524
8.811087
7.524340
8.960535
17.406700
0.653081
10.108474
16.282181
-13.922771
0.152106
10.485995
-7.372581
-23.132462
11.546809
10.339314
-2.894542
-1.657602
15.510036
-5.797531
-1.983189
20.403740
-7.407988
14.477442
12.582706
18.271719
-2.901498
-6.131897
-15.957090
-10.942819
-14.098625
9.474339
4.776752
-4.519922
9.984983
-13.356312
-5.310536
0.521287
-7.849813
-21.848986
-5.861798
-3.820292
11.263650
-6.684048
-10.855439
6.893509
-11.870994
0.582640
21.723949
17.553068
-18.325134
30.219213
-12.720168
-8.879070
-16.068127
5.746407
-6.693703
-2.323760
0.481412
1.492326
-8.972955
-17.682636
-3.527971
-3.972270
22.213327
-11.905758
6.055736
19.329760
-11.841937
-12.297912
1.621297
20.547649
-13.422937
3.017243
0.156214
-13.639346
1.916661
8.897964
15.106899
-10.086101
-1.019793
-6.259277
4.017001
11.675563
-10.480889
-14.944267
-9.560311
12.779248
-2.088242
-9.982760
1.579711
-8.746526
26.377666
-4.968567
-1.011891
6.835206
27.170065
14.180573
-11.034622
7.416606
-12.172436
-2.976584
-12.256537
9.126845
-13.669200
-10.107348
15.140692
14.861085
-8.805999
10.444712
5.155107
-16.781399
3.461858
8.097611
13.649718
14.588369
-1.445456
-8.283772
-7.970994
-1.017694
4.775636
7.252121
0.628547
23.087854
7.254015
-13.159718
26.488068
5.821139
4.421660
19.541315
-4.690339
1.540756
8.081363
7.046125
29.081333
14.714321
6.675572
-5.811611
6.613142
-0.101602
-11.345683
-3.523319
4.108611
15.826398
-11.224237
19.812418
4.513229
-5.233829
13.678016
0.790398
13.096055
11.707069
-1.087693
-24.380411
-8.324681
11.656961
20.276114
-9.386756
-4.749296
6.201077
7.043614
2.033676
8.644056
-8.503014
8.008138
19.199301
-18.478151
25.243942
12.847522
10.343419
-1.672377
-8.053333
7.494558
-27.048109
-5.623879
5.059634
15.921427
-8.339383
2.124210
-0.909631
-2.522397
17.781761
-12.551231
17.617992
21.174850
1.894344
7.990382
-20.614544
18.112320
-11.393129
-33.042618
-17.091343
28.853117
1.570827
-5.652418
5.182898
-6.271377
13.256867
-17.852844
3.261956
8.483947
1.173187
8.991514
1.106787
24.867363
15.045077
-21.435177
-3.918309
24.802237
6.104435
-18.804880
5.628466
-6.837173
-26.000782
6.148963
33.212440
5.638113
22.400249
31.128317
-5.043191
9.786579
-4.550697
1.911257
-7.823240
-1.801119
-9.011129
4.375954
32.042995
0.561527
-16.404245
33.306721
0.890329
-1.912141
14.689413
-0.600408
4.772004
-9.575464
7.324363
22.207489
-5.616788
-9.369696
4.106780
2.617239
-4.086240
-17.372587
8.290393
14.536561
2.081554
13.353756
9.772721
22.786140
0.593847
1.300467
-12.489048
14.152068
18.860083
10.160303
8.166861
8.664308
5.889138
6.300565
-13.086219
15.604750
3.779307
11.862630
-10.611772
3.601822
-3.799828
-17.759199
20.161829
0.698398
-17.724566
0.917266
-0.737021
17.667088
-15.394835
18.840506
-4.742179
-3.971467
18.970470
-5.974441
1.191229
0.578594
15.780246
-0.091866
21.142305
9.944804
-3.404920
13.690726
1.961150
12.830901
-13.158193
8.487089
-8.528449
8.018562
14.200741
13.597976
-16.971504
10.246297
20.680744
-14.163366
-5.523884
12.528500
-2.956157
0.249734
0.808769
22.940504
7.517562
-0.510623
-10.265624
13.295401
3.999333
-15.512356
9.498707
7.187316
15.778992
9.151752
7.352835
-4.552626
-6.593021
-6.288946
8.006920
-26.457695
3.017691
8.074659
-3.562136
-4.790720
-12.879249
11.395075
28.754538
20.384787
8.986374
-17.558340
-0.012470
-9.833009
16.612539
13.363111
-34.049297
-18.238396
7.317130
-3.781849
14.242664
-4.300253
36.783447
0.694185
19.893373
-3.747218
10.248573
14.129313
-3.515416
20.084764
-12.520666
5.746984
14.663838
13.386171
7.656408
-15.171228
16.195450
20.297480
1.731179
0.096154
3.060810
18.305256
-5.570650
5.560650
18.200510
9.772897
-3.853606
13.260694
-24.991871
4.287155
4.519764
-14.315844
-11.571129
-12.353110
-1.381679
-12.634847
25.678988
25.186888
2.046537
-3.421160
-9.106820
-12.600226
-6.331455
2.956984
1.314931
11.375520
-5.869817
-2.897160
9.938990
-3.952839
15.398381
-12.512888
-10.385472
-5.013756
13.130399
-6.501472
21.282463
12.277680
1.784802
5.724358
-15.484258
-4.040492
-14.601339
12.901910
22.427393
-10.714549
14.482035
14.643012
13.549658
-1.329434
12.356539
2.342493
-1.525475
-7.204374
7.365718
-17.990263
-5.494682
-5.190485
-12.436429
6.017642
-8.714715
21.208101
1.432312
-6.208704
16.121592
9.134263
4.836679
4.232799
3.898778
-0.147262
-10.758164
5.489732
19.213129
-12.317894
7.878728
22.459879
-14.599876
-20.594595
8.391765
17.578491
20.300755
19.995722
9.658752
-9.950828
13.626880
9.304280
-31.080507
-13.763376
5.803761
5.883915
16.182337
6.465701
-1.787094
-12.812753
3.168825
-7.909335
18.762127
13.676415
-15.073879
2.836708
-26.053202
-11.484508
24.769073
16.204092
7.346559
-5.043942
6.898009
5.623910
41.993847
1.226440
17.654938
2.570404
-11.399174
14.495767
5.965979
18.479069
-3.219171
-0.685274
-10.479075
3.532849
-5.868410
-3.680192
19.531113
13.921616
-12.032729
-21.292698
-2.417119
19.415991
16.607363
-10.468709
-11.266600
-10.819297
-4.163571
29.520088
9.241750
3.047769
-12.081815
8.696115
14.005623
17.026577
0.257902
-2.897677
7.743757
0.129619
-9.619164
16.412336
11.362926
6.550276
17.968735
-4.319489
11.043800
9.519515
-11.275607
-11.608737
14.337652
-4.123316
4.759724
-17.035084
-14.896374
18.038044
12.035240
-3.898168
13.740762
-13.741152
9.355245
-9.464234
-7.779031
-13.045704
10.210406
-10.639642
6.251424
2.265170
-4.095314
10.334929
-17.919676
-2.909836
-12.663332
12.376700
4.112381
20.049866
9.012908
4.959330
-12.410294
27.068001
-5.325479
2.431870
-3.721423
7.572360
8.846794
8.200431
-9.185430
-4.144793
-4.091830
-1.920401
-25.384254
10.504586
5.416224
-1.022923
-13.894770
7.546286
-8.801048
-2.836516
7.377320
12.771299
-14.085773
5.071135
11.703762
-5.473662
4.032796
12.959110
-1.297818
-9.441532
6.431607
-1.563292
3.796066
15.593928
3.589733
11.026308
-3.681462
-8.357101
1.242076
23.905615
14.513660
-2.896695
10.609497
10.384858
11.553744
3.634608
-1.851222
8.934841
-4.300629
14.236745
8.149084
15.836452
18.798332
-4.731763
11.730263
25.567589
-4.089491
-12.913630
0.582843
-15.011275
16.200672
14.240911
-10.097775
-3.834854
8.568358
0.955603
3.499699
0.773474
-8.862608
8.758953
20.463135
-1.627100
-4.758465
-13.624954
-13.116070
4.036447
-0.691828
16.827589
-4.416849
4.887584
2.374168
-1.249186
17.186790
-6.180460
13.409366
7.727238
4.064044
5.880828
3.592894
15.187047
0.718937
9.440957
-0.232340
12.369158
5.226624
-30.358738
9.991484
7.719533
0.312589
-16.832197
-14.634684
-27.493774
8.338659
-0.936806
-0.156266
-1.953100
-3.878421
-24.339773
-4.358919
-16.348621
-5.157775
10.234870
23.406628
-4.774539
-4.575669
-12.343975
7.622406
12.172841
3.828669
11.618107
19.383963
-1.829398
9.481020
19.341204
2.881094
10.344818
-18.611702
21.355593
-26.988224
10.315758
15.291252
-11.213312
1.544244
14.207930
-4.804614
0.759816
12.853726
24.939489
-9.580208
9.177409
-0.383657
-0.748595
9.708742
-18.053116
19.850941
-1.132907
-13.054997
-0.509885
7.654815
7.280131
-16.209105
-8.585760
-3.937908
-11.052988
6.082227
3.244539
1.020531
3.787866
27.092554
-0.704519
20.843893
1.418164
3.117516
8.685440
-18.729570
4.669332
1.168306
-6.071951
15.118403
35.124760
1.864427
-2.906718
-3.681899
-20.960691
19.464365
-5.491655
27.419069
0.907072
-21.995342
9.294532
-9.800675
7.262186
26.108047
10.358554
8.734960
0.012964
11.263786
5.830199
-2.280207
-2.367296
7.518822
-1.149453
-12.578738
-3.494434
3.626723
9.155535
31.166576
20.625954
12.835765
-12.552541
-24.954607
-16.221779
29.739538
-8.568148
12.527086
10.102391
14.394040
24.896166
-1.925054
27.111347
-17.661083
8.616376
-7.430636
5.485552
-13.243378
-2.535021
10.415666
-7.120450
-8.907771
1.606375
-2.860302
-25.239012
11.508207
-1.370827
10.797392
7.865155
5.160127
2.108235
2.263114
-9.205378
11.614937
15.857728
-5.601300
-10.646977
0.728576
12.586552
12.319080
-3.584106
1.820941
11.635793
-1.288931
-0.038196
12.603345
21.276011
10.760621
6.045453
19.645132
-29.253712
-0.190839
-11.694673
0.404907
2.170058
6.754589
26.073584
1.135950
-0.847783
8.868146
9.928403
-11.261953
12.796623
-1.041963
-16.992441
8.948406
-6.106449
18.775791
-16.932344
2.369207
5.041274
-1.830224
5.655489
4.533754
13.750539
-5.575855
-1.859842
3.269756
1.915763
11.224766
6.616838
-3.641201
24.465963
-4.592391
8.152864
-4.451206
16.313793
16.168915
1.159043
14.845958
6.151675
2.163328
10.885208
0.571642
10.785202
-3.973637
-20.394833
-10.338989
-0.424238
-1.609081
-9.467752
30.196632
-1.629831
-3.573439
10.412515
-2.203694
20.290081
9.429526
20.071505
-0.356459
12.494059
11.422491
8.029737
4.049297
-18.733101
23.382523
-13.709301
-7.053617
4.229119
15.487708
8.603559
-6.179147
-13.553893
14.731319
4.731968
-9.178001
15.539168
-10.356662
-26.657543
12.481211
13.271938
3.549983
4.951710
13.839292
13.006876
3.624088
20.637037
6.280045
7.508759
1.411885
-0.942594
-0.225235
1.292572
2.840134
-8.755973
5.528524
11.383916
19.409103
15.323556
15.011236
-0.194055
-14.402584
14.719228
20.147717
-3.747026
3.633281
-4.279638
23.077131
-0.819604
3.412295
14.386042
-7.212993
33.923763
5.260363
6.420874
13.032401
-8.768436
23.517748
12.629929
11.125977
19.501932
15.021419
3.957906
10.488449
-3.245963
-13.428453
8.196280
6.486663
20.740414
-24.268560
-17.448757
-4.755702
-21.575806
12.339893
8.171412
-0.947899
11.793552
-12.194357
-15.175731
11.598544
-3.608039
-2.936353
21.573223
-0.184186
23.043751
15.633676
20.265486
3.297140
-21.113056
10.763635
11.701062
-2.922436
16.663328
19.333050
-12.401963
25.407621
16.154350
12.870750
-8.929614
-9.814247
22.376369
16.148371
-5.350380
-16.012302
-4.229354
-0.763283
13.211184
18.310534
24.055952
12.249101
17.572823
16.317764
-17.424801
-3.535317
5.963226
2.890315
-26.737051
24.609270
8.295119
7.048836
-5.656653
0.956526
3.657696
5.000886
-12.916154
-7.425881
9.092555
8.918838
-15.788921
16.669369
4.850496
12.249885
-12.433202
4.806763
-7.357962
3.921500
-7.958883
15.131002
-2.172230
10.135709
-0.222965
-10.303219
30.381084
23.449520
32.685776
8.240015
-25.670361
-3.189151
-9.028450
7.860406
0.727153
-13.045577
11.825584
22.248743
-9.097418
17.060354
-17.957903
1.294074
8.871939
-19.871397
-18.649061
-3.058585
9.496910
15.619161
15.974030
5.545275
21.166456
16.738619
4.242694
3.908652
-29.641949
2.128798
2.060125
33.987625
10.068517
11.880370
-5.672566
17.339609
-0.920251
14.063314
6.692756
9.267602
2.280076
24.364603
16.872173
4.593644
10.002971
15.803056
5.315709
0.749408
1.018516
-6.728089
2.632443
4.611543
25.980177
-11.777267
-25.774645
14.958054
29.533756
11.588148
-0.445354
-1.409993
2.058874
5.175231
17.329977
1.488508
21.619978
20.861685
19.174557
8.871492
0.937093
32.642162
14.144525
-12.608388
21.065529
-5.864196
3.443474
-1.554515
18.735693
14.097159
5.640265
22.703882
14.763062
-12.338640
12.055141
-1.535753
13.307220
36.606983
18.899801
6.723547
11.866016
26.559494
-9.380022
16.134720
14.379066
-12.660046
1.882983
-0.396664
13.451796
27.463427
-6.609991
13.082842
1.175705
-15.236366
-21.931215
-4.030087
39.336369
-6.711456
3.434556
-8.469170
12.394139
-3.321838
12.546134
-13.408823
-2.029318
9.240663
3.880134
-17.809599
18.818424
7.850067
19.406015
-9.028883
16.170145
-14.772462
-6.837976
14.397993
9.976369
7.519629
-9.166392
4.052218
-6.250426
5.445510
11.825734
-0.162989
-30.156897
-9.062550
-10.259877
15.383527
-6.296115
6.830420
14.960506
2.003778
16.179493
1.423681
-0.325670
4.973489
-3.784240
12.091491
7.169934
14.923096
-17.840721
1.358015
1.781375
8.720643
17.512787
2.387604
-7.643697
-17.804300
-9.839736
22.109758
-11.872626
2.139794
-3.673315
2.222353
-5.296194
-2.915561
-1.749802
17.081575
5.732700
8.873069
0.700540
0.738079
-5.105969
-14.375529
4.959253
1.522310
-17.378054
7.658795
-8.407667
6.953325
17.835857
16.436352
33.961124
-11.274460
-2.984385
9.390827
-5.286042
-6.994731
8.705726
4.864727
7.228990
33.795872
-8.813868
0.218135
-5.326257
17.759293
-16.251396
4.400636
-3.282147
6.417130
-21.631712
7.961438
-18.466442
21.870750
10.561929
12.757197
8.170106
5.511629
9.323552
-23.464293
33.972698
16.620173
4.875812
5.333448
-11.258492
0.499298
30.443665
-9.835251
-6.053464
12.493501
17.885683
8.798987
9.081321
4.459273
5.117499
-7.015719
5.515997
21.577871
-0.654628
19.511608
11.061133
-4.282340
30.526724
-7.223958
18.581669
-6.836104
-9.361763
25.308353
-7.078317
21.950741
0.703373
-7.012594
9.571927
0.104696
2.613169
9.679755
6.364774
10.213948
18.922558
16.976028
-0.411254
-3.389115
-4.365732
-8.208740
-13.653451
-21.806877
-11.820919
21.991190
15.495520
11.115983
-4.628424
-3.621581
-10.526375
-5.581619
-1.378047
11.375199
23.984751
18.642178
14.776548
16.964281
-25.563190
2.275184
34.188534
14.158706
17.299053
10.172130
26.846323
1.194869
25.149927
-3.147677
6.937381
29.753494
6.248070
-8.664864
17.149622
0.110059
4.172356
2.381116
48.706783
-26.167439
-20.012161
16.346741
11.247200
-20.565767
-9.846100
-2.712384
5.039692
15.235536
6.421842
31.797388
13.850980
0.162685
-12.952793
-1.179671
14.925472
-2.027803
-6.337037
2.435779
8.822731
-10.789371
13.566466
4.061865
-7.316458
4.923889
3.154229
11.053374
-18.194641
8.322236
3.486951
-31.422941
-7.596067
21.780804
-5.564861
-0.096025
2.634437
-19.803045
9.559462
23.931770
-22.320950
10.948424
7.213602
-0.455342
5.496882
-3.519157
4.852567
10.036027
-11.016733
19.888391
4.057856
18.631315
-22.070333
11.919754
-3.077807
15.530059
2.674415
19.527548
23.133005
10.079768
9.228859
14.758136
-8.250302
-17.720058
15.723508
-10.370845
-0.373639
-3.086752
-4.355901
-10.164197
-18.320234
-23.811405
-20.317493
4.335693
-11.028718
-3.382163
14.958701
0.501387
-6.601083
-2.496212
-4.539420
13.055335
10.623301
-2.158115
8.012618
1.018678
3.014920
4.708104
12.043799
0.028684
2.853473
-9.095556
16.979483
-7.307658
-1.681859
10.273654
16.649433
-4.518085
8.658402
25.447826
7.144906
3.038163
-7.029958
-23.887901
-6.185411
2.172534
-17.215347
-6.560911
-7.000206
1.313134
9.751032
-2.569333
-3.425343
-14.835125
20.394709
-2.078038
28.545782
28.026497
-12.544712
-2.658316
-15.171665
-0.685968
-0.506700
9.907660
11.224395
10.243054
10.641078
0.582207
14.613244
0.917569
-3.112826
6.705448
-5.652339
8.059516
10.038356
5.533975
25.680656
2.743006
-23.668270
9.913310
14.886571
-7.161637
23.763098
8.708177
25.682673
-5.115385
22.046030
14.429976
-5.252175
12.949805
-9.878531
2.459104
2.223395
-11.588915
-1.287006
34.501656
-24.563330
14.126399
20.471687
-0.498464
5.555380
12.626821
28.573141
-1.122036
-7.686211
15.859663
-1.127634
-17.183838
3.241309
-8.666674
2.962701
20.503901
24.940990
6.568503
-3.753517
11.190701
0.413140
-4.520370
-16.765030
0.444405
-2.498266
13.679433
17.539019
-11.669033
8.183362
8.546549
13.431155
6.021865
15.119265
-22.840746
6.039522
-19.253710
5.658252
3.183028
10.169634
25.143909
23.219929
12.163196
5.676571
-7.790092
-2.778189
3.184937
3.704907
6.694433
16.309124
9.541318
5.781668
-17.843548
-2.377543
-12.063614
15.580469
19.608185
-8.447340
22.358370
36.222149
27.186092
7.432050
4.163643
22.178951
4.838098
-23.552233
-0.755303
-20.380770
4.530021
-3.296822
15.022025
-13.275414
0.111392
2.733921
3.755373
18.875374
-4.721717
5.742850
-10.503956
11.673815
-10.416276
11.721482
16.808781
10.966304
1.046926
-6.876187
-11.097956
-4.187903
-12.365499
-0.648492
-4.088657
-17.408356
-3.396177
24.385908
12.899578
8.765365
-7.215437
-9.310781
-17.095217
25.855286
-9.773620
-5.233335
-18.361670
11.125304
0.702821
-1.249732
5.144388
-2.280925
10.059754
-2.300102
-0.821794
-3.042491
20.826752
-3.015725
17.685141
-5.212644
9.220500
-8.825727
-1.108202
-23.419712
52.225021
1.472336
-1.978572
29.863459
15.955098
-4.100059
-0.619880
-19.885855
-14.051856
23.760969
-11.576452
-15.660070
8.675508
-7.260939
8.442803
9.938107
-12.808226
-0.354648
20.336866
8.384776
-6.573594
2.708668
5.596051
5.057775
20.849262
-16.484617
-8.738276
11.761613
-1.451805
6.087299
10.645048
-1.366111
1.920887
7.761331
10.800211
10.447407
6.626802
-4.020448
-9.340660
33.059097
6.817244
-5.419233
11.833009
-31.490082
9.998211
11.653814
-15.723551
14.362990
12.206695
0.704833
20.187206
2.410942
13.230028
8.983631
30.205694
37.093903
9.868292
2.812096
16.472576
14.455018
-5.598274
5.505878
7.264155
21.356047
-3.676668
-11.974906
12.925722
14.267381
-0.269193
6.817284
14.625246
-3.139525
2.414716
25.560223
11.544518
28.041433
0.348695
-6.857433
14.013673
-10.865956
-3.136048
6.067966
5.140863
12.642682
1.230416
11.297308
-9.475635
11.817253
9.494987
14.765763
10.074630
9.692901
28.737303
14.538725
37.850201
11.770988
7.559216
-0.015951
-0.203948
17.273964
15.956673
1.670254
25.359093
-4.852724
-13.533040
-17.880203
8.728861
9.124313
15.400391
10.553783
4.268779
-19.328077
-17.451263
-4.759348
8.417613
6.530342
16.010080
-8.541958
-14.912154
-0.777966
10.605962
-13.111911
7.079918
-2.697128
12.938069
13.703506
-1.314618
1.726074
14.977094
-10.636117
8.920350
6.696564
13.184874
-9.702077
10.568628
15.393525
-5.467845
-6.880260
-5.022425
-20.556330
11.852325
-4.373280
10.161332
-8.222840
23.836315
6.292895
-4.272766
11.511551
-12.484026
1.884011
36.774105
14.880063
7.533528
1.666253
-2.534574
1.443648
11.084259
-5.476116
-6.823153
-5.281220
16.027227
33.060295
-7.623379
-6.608237
-24.032497
3.630316
13.679546
9.508478
2.901104
22.176878
-9.804229
8.214380
17.727507
1.624004
9.417596
4.058536
-8.209885
-8.126591
-10.876616
3.395722
-1.659693
-12.142965
8.747192
-9.498792
16.910557
6.415304
-9.927938
-27.641371
13.631815
-9.009714
5.623799
15.659978
9.591927
-7.692366
-11.870933
16.457518
-20.368065
12.573259
4.362465
-18.008574
-9.960937
15.526875
-15.455070
1.295403
9.196654
-0.802092
17.507362
-13.671693
-11.812980
16.744259
-0.156303
17.543486
-19.794212
-17.869122
17.631731
-20.605394
15.365744
5.266780
-4.480786
-0.212894
-3.440558
8.797766
-7.147707
19.222086
6.733738
19.839338
-8.750137
-14.388368
-12.367535
6.439618
-6.077440
11.829040
20.297066
10.731956
10.725482
-0.412770
-8.753267
13.753900
9.757805
23.687428
-3.877927
12.106031
-13.135839
10.271068
22.452288
0.675217
9.539626
10.964167
15.316212
-25.400312
7.231243
19.107599
15.776635
11.634601
1.639391
38.556820
11.636332
12.916409
-0.856857
-8.075835
-9.804702
11.685319
-9.635385
-12.919780
21.169699
-16.676085
15.510324
-13.786311
-7.767509
3.917326
20.841747
0.525627
-3.843476
22.994247
-11.250257
-0.064797
7.845067
19.759258
18.101915
11.356709
-3.755908
12.871191
-5.064660
-7.655746
-3.804976
8.449197
-4.454164
22.333004
2.678198
14.008575
8.374928
3.360769
15.077960
-2.740632
3.111916
8.005951
-10.126775
-10.450592
-3.514351
-8.541765
-3.355073
-20.722698
0.845610
24.188362
-5.933152
-3.828279
-3.507333
28.170946
2.580554
-16.299891
0.547454
24.061558
-16.007784
0.146816
-19.503735
4.209719
6.079831
-1.869024
4.402327
-15.426950
16.242422
7.965444
-18.814732
7.986316
-8.420308
-5.413536
25.379509
-4.203210
20.329380
-18.986423
-7.637960
-11.782023
-3.578115
13.571437
-4.888267
-23.679735
-1.202068
7.919728
-2.681322
-3.007903
5.799374
10.918061
-5.110906
-9.409736
-12.150243
-9.515924
1.370038
6.027619
6.810504
2.079870
14.124722
14.325207
-12.933558
31.592518
1.012051
0.587323
23.723753
-5.927608
-27.132017
23.014292
-14.253000
6.494908
14.313444
13.392246
-5.151947
-5.923711
3.243362
-3.738210
-4.018980
41.368999
0.032319
-4.908729
7.204248
-13.573149
1.492451
-13.090490
12.887938
7.993563
2.297757
5.213338
-10.307158
-9.439824
3.087262
-10.161027
-3.321836
-12.351788
-13.853356
-1.559247
2.707645
16.031578
12.204608
10.622253
22.960440
-4.020039
0.498642
12.337827
-3.444315
-23.466560
14.014301
14.286180
-22.910624
4.272511
27.796690
2.967408
18.646200
11.444836
7.586155
13.004864
5.284664
3.024714
3.868344
11.894485
11.146114
11.745024
-17.394194
-12.113236
-0.677451
4.093478
-11.776582
-3.401705
5.875810
18.950247
21.092836
20.741402
35.144878
27.493910
5.691751
7.240489
-0.006710
6.136896
15.603237
-0.966634
-11.874022
4.393157
-9.207794
-10.176047
-3.518129
-17.102545
-2.685953
-7.112695
28.502102
0.760601
10.791281
-12.203499
-12.265333
6.874448
2.670983
-11.960772
-5.844541
2.756857
13.207109
9.255033
2.368036
15.586847
9.203848
5.683984
-22.577904
-1.251926
0.866567
-2.474187
2.140065
15.870929
-2.530185
19.329369
4.171023
3.310496
-13.400750
9.658795
2.486794
-2.204870
12.781649
14.526258
-9.455399
3.850099
-12.486149
18.507662
-5.254293
1.220247
18.781599
0.187026
7.906089
5.989085
17.770929
20.124411
-2.809453
-4.782573
-2.962793
16.262098
19.739674
11.662514
-1.919626
4.769616
4.104684
-4.551667
17.816790
16.042809
-19.674841
4.426781
-3.654126
-11.836961
5.607882
31.589661
-6.070994
7.188922
0.126713
0.381869
33.787991
24.002605
1.335073
14.084073
-0.095815
3.223853
9.491335
5.692149
-7.792006
12.161711
-9.100298
10.762707
5.331844
19.531017
6.707128
11.270180
15.481520
2.049975
-4.279583
8.416659
8.665316
5.312079
13.863881
-2.985241
0.502565
-6.004794
-2.688634
21.609596
-1.722260
-2.368280
4.551877
10.724880
3.763019
-2.581940
8.622346
-6.039096
-3.642022
7.348036
6.565796
0.880383
15.477277
-12.431670
-9.903803
21.600485
12.898092
2.265209
-23.370815
16.359362
23.004894
8.935539
22.502338
12.340385
-10.677092
-5.870973
-0.539083
20.865309
-8.002755
0.713819
37.496880
-14.510426
-4.239709
-3.505319
21.550014
-0.066777
-4.356833
-10.905355
9.641089
14.943887
7.846431
22.436451
-0.211749
7.106552
-10.122706
24.884369
-13.014376
-6.790595
0.110939
1.406226
-15.048110
-3.204761
-14.959023
0.378363
-11.065473
-2.881780
8.119937
-5.480529
24.444281
-0.778943
6.259462
-4.703551
6.639373
-1.637835
-1.378175
11.002647
4.886212
13.529956
-13.794407
4.585919
-2.535451
8.787008
-12.329114
-17.581926
13.204004
7.317019
-10.424961
-0.594095
3.526430
-7.257162
10.581152
-9.903286
4.952355
10.753123
13.205148
-1.566632
5.817299
-3.068807
26.231707
-0.868749
-3.861597
-4.664682
-5.525802
11.594477
21.948830
-6.484113
8.955952
7.182499
-8.099515
15.997121
-4.196759
3.824883
17.353165
9.983505
9.452828
3.726840
12.803781
9.390674
10.116114
18.270449
1.667178
5.758972
-5.607051
-6.869846
0.772669
-15.630871
1.853042
1.893968
-7.882138
0.153897
-4.582160
-12.822695
18.025892
-20.289583
3.988519
-4.693267
1.850844
25.556150
10.816401
16.737860
15.029990
2.137243
40.523895
-2.238404
-0.910739
-16.301605
-7.119154
-11.202444
6.051633
1.718610
-0.109876
-12.756942
3.186699
4.371722
6.297665
18.371214
13.717780
11.508887
-14.139821
34.952168
13.945302
6.298648
-2.383109
17.838974
-5.727141
19.517530
5.460581
5.610413
3.599479
2.736256
14.156158
14.957510
-8.673664
18.874985
4.826388
5.457056
26.585142
-1.249041
7.536945
-8.589175
4.784646
8.327751
3.103350
19.980885
6.564758
34.889931
14.464132
-0.724294
21.654701
-3.294962
19.835520
5.374554
-2.360085
22.951563
-5.980353
-4.825122
3.346101
-9.042023
10.395035
-16.559723
5.334522
-15.166747
11.606423
5.395812
4.964429
-10.615837
3.292623
20.530552
17.302818
8.761411
-16.347040
8.874876
5.937806
-1.617859
-19.621572
4.148539
4.346113
-10.136591
5.163120
12.325166
