-0.073786
-3.827812
-8.940939
4.840142
-9.345617
6.522880
-2.533784
0.423977
-0.731895
-1.758124
0.458892
21.359697
-10.735961
20.609030
-0.200430
-6.781282
20.635563
-4.446874
24.408155
2.463262
11.775311
3.601790
13.452028
8.655495
-2.242260
23.784069
-2.658536
2.437239
-8.106287
14.750979
11.424289
5.198919
16.684746
12.309912
-8.391548
-3.357315
5.315718
-14.338399
9.216871
0.178166
-1.627810
10.881128
-9.580530
13.240234
-0.118787
1.322318
-1.124698
10.611099
3.532694
-16.733620
20.600292
-9.347706
-33.118061
-5.956508
19.849907
24.113308
5.087460
-14.931316
-9.184136
17.191236
-1.975268
10.654095
1.495296
12.397278
-10.085131
5.101640
2.438437
6.897604
14.581656
-0.956977
8.116907
-9.248416
6.982008
14.028651
8.160439
15.568570
0.112500
1.107779
12.337729
-5.408517
-22.779423
-7.659379
6.374979
0.540949
8.521296
-2.783795
-9.162980
-4.876921
-13.477118
8.564261
-19.128164
-5.414898
-5.897799
0.346557
-5.014809
-0.150332
-6.151631
1.434206
-4.009144
-0.126239
7.140439
7.729001
22.688417
13.475345
4.597535
-5.054917
11.938385
-1.940423
-7.921441
13.519128
17.813892
-15.279737
-10.098415
-3.414533
-2.126247
12.319779
-25.439342
5.754968
4.940500
19.374451
-30.613924
-20.811918
-8.929108
0.870600
8.378866
21.677288
17.543039
-25.173712
-8.673160
11.443727
-33.414299
21.896650
6.918076
18.170349
-21.251102
-4.624475
2.008068
-4.783135
-9.021151
3.765657
17.738014
-2.132251
0.841289
1.792517
24.298788
-17.292210
1.535690
1.475519
0.477435
-4.491247
15.839251
-1.858723
2.940791
2.689931
-12.355833
-3.188957
-19.166227
6.593740
-9.148016
7.173932
3.490504
-7.887853
3.375197
17.350096
-8.800677
9.970042
11.298629
5.070802
-24.407074
-12.600586
-19.496126
-1.248847
9.684504
12.131924
5.267556
9.057207
-24.028036
-16.967821
2.051368
5.561610
-1.015002
9.102133
16.241846
9.594781
-10.083385
-0.788256
-2.349571
6.197442
14.455027
26.832607
6.735913
0.476532
13.987620
-6.665874
-4.417048
7.002582
3.536939
8.607401
3.850260
-5.006927
-1.696760
-6.712637
-12.045743
-10.959229
3.601148
8.163462
-19.040751
-19.037449
-2.289189
22.390362
-14.633018
23.178244
-11.875625
4.024793
21.408562
-6.219661
26.887409
20.904324
5.946848
-6.796405
12.020823
5.329895
-0.398067
12.119011
0.026865
6.901128
-4.293210
0.396234
-22.963152
8.947781
2.171736
0.237234
16.856684
-2.196121
10.633810
-7.559484
5.726085
9.856496
-23.634571
3.920803
-8.957372
37.040833
5.373980
5.694370
-0.565246
4.440047
-6.952812
3.535644
26.505978
11.419756
1.111260
16.077419
-11.283483
-7.622442
-20.069702
-10.757570
8.080598
-4.284007
0.337670
5.102426
3.543995
10.277059
2.186494
6.404851
-13.648017
-14.759377
3.408532
13.386339
20.159033
-5.033535
5.630289
-3.282589
-10.067126
-5.955671
-5.431851
20.730318
-6.737298
-7.048438
28.892614
-16.491920
-6.066075
-10.217525
-3.354960
-11.005310
-0.999449
14.412922
11.051627
37.402367
-10.092968
-1.569902
12.409587
6.622396
-9.068778
-12.629584
-1.518199
13.460472
2.282079
18.601948
16.145388
2.836471
15.138494
6.818254
23.778124
9.703009
-8.841046
15.236960
-9.110991
13.117467
-12.122766
16.116789
3.108260
19.156378
-6.099704
-11.741986
-4.133595
13.033145
-9.027472
0.982582
-8.115108
1.750746
-0.777586
-7.672477
-3.084968
18.931896
13.044486
8.387832
15.376569
-9.283157
18.024981
22.613014
-0.192801
4.196392
-16.739252
1.114126
0.649292
-26.103613
-6.057487
20.378653
-18.820229
3.756807
-7.985939
8.160117
-0.056475
-18.624760
18.862156
17.298063
5.390130
1.282551
-5.414207
22.553236
-12.675945
33.630314
3.807242
14.822435
-4.235200
-1.705443
13.659722
7.119934
9.119790
-13.371624
10.793759
-4.051341
2.451552
-6.191761
4.575342
8.519713
7.238013
13.277787
-8.038351
7.725204
17.943239
4.687411
14.114996
0.158739
-14.045184
18.533644
12.632912
-8.259105
11.885782
-5.581522
2.876728
-4.325521
17.733755
15.941219
-5.734902
9.832616
-28.500639
-11.220253
15.108346
12.373607
-5.357045
-1.437027
24.834532
-12.350448
-8.034990
13.231677
9.496027
1.358083
13.078520
9.701122
8.415568
6.582088
17.030926
3.545158
8.205853
2.402539
-12.707892
1.024932
20.366497
29.951132
-9.304242
-26.075851
16.513865
-9.078074
-12.499479
7.962096
-2.969167
8.616316
1.009932
8.686763
1.885640
7.777215
6.639991
7.400342
-2.745843
19.579550
7.173795
30.351925
26.709513
8.225984
19.653940
-24.286724
-2.727934
14.080809
4.912434
12.019521
11.793040
-7.088999
11.732791
5.263186
-4.883359
-8.151976
17.033150
-1.610488
0.822233
7.157254
3.049045
2.717634
19.711143
18.637877
-4.410107
6.105890
4.098324
-2.259022
3.006625
3.889109
-14.374629
-1.018413
12.956890
-13.915771
2.252686
12.021211
5.794760
9.240260
12.450018
37.312668
-7.878976
10.553247
-6.550459
16.972963
-6.225928
30.132540
10.496177
6.009189
-2.035904
13.906679
10.924013
3.851041
5.468436
10.183947
-8.401644
3.988971
-27.945366
1.060243
1.338097
-2.665298
3.110566
29.224073
-0.545692
-11.199100
7.275202
-8.488722
3.151760
4.609856
3.490424
-3.497866
-0.424430
3.553921
28.080605
10.235061
-22.567751
16.714083
-15.314799
0.905556
22.857801
0.637867
26.089029
-1.869787
25.260380
9.593593
-15.334154
18.716129
-6.125171
29.404476
25.938797
-19.211159
-0.268514
-3.373821
28.713938
6.807320
4.471009
-18.865196
6.770780
20.271852
7.904408
28.030689
12.131616
-20.760988
12.680568
-5.329737
4.245758
11.806024
9.714281
-5.605494
14.078461
-16.911802
4.006558
18.458328
14.850562
-12.128152
1.979129
-1.794507
4.362545
-0.524284
2.812685
5.151227
5.699279
5.019578
-4.280301
12.766497
11.073989
25.843767
-2.937081
9.066864
-0.395426
-10.600872
10.203820
20.119873
15.249800
5.583095
9.408728
3.369320
-3.514114
-9.349916
-20.115627
-5.449464
31.644888
7.161152
-15.540546
-1.943043
8.448848
9.887220
-5.589531
23.897823
10.948059
5.130996
11.639683
19.557840
-7.799551
26.050295
18.863457
1.587210
11.363050
20.522921
9.304698
2.920561
-17.698254
24.531033
9.368965
7.190199
2.894665
1.227841
2.483115
11.490714
13.397918
2.624174
9.837943
5.713675
-5.105030
5.579332
-8.016798
-4.779191
-10.053487
-13.846235
-6.220601
-10.956443
16.262617
34.380924
22.340956
-18.322086
-1.340631
2.687152
10.005322
2.427448
-4.640758
-25.861895
6.692103
-17.838108
-5.340677
9.780600
-2.644291
40.462143
11.535525
-7.098539
14.976537
15.069293
-1.730503
5.009119
-8.081079
-7.750756
-7.020702
-11.065527
16.205009
-14.779815
15.943900
1.148409
-23.278528
15.826355
4.496119
11.918076
-7.462049
6.239417
-14.677774
-10.066930
-6.188442
-3.127265
8.515420
-2.899007
-3.398829
13.533817
5.741140
0.530224
-16.940569
3.140979
-14.539693
6.953820
4.653931
-4.558622
-0.062084
15.506649
-11.268602
-6.151679
20.349775
-7.799974
7.117301
16.628954
-11.166751
10.950007
10.604515
-12.010262
0.565644
-1.140254
-12.962961
-7.973943
-0.170604
2.655290
-2.075580
-14.084206
-8.210896
-6.951388
12.482628
-3.938995
4.406621
18.703682
6.629213
-14.880929
2.223180
6.674850
-7.480511
-3.727251
19.945314
5.278922
-4.999298
6.945535
-22.020426
10.328494
4.586881
-14.050376
12.528095
-2.508728
2.722572
8.782957
-10.113125
23.937218
16.822367
-9.958693
12.315819
5.771134
-4.194216
8.663940
-0.007390
-7.426976
3.106171
15.552713
-2.387101
0.680350
-5.482922
0.061410
-3.262833
17.893103
23.594540
-13.649574
15.042385
21.813366
-1.398174
-0.837049
12.470655
-4.651144
-19.530838
13.601617
-10.817173
5.135852
14.519411
-17.918556
15.587861
9.083491
-21.694464
21.717409
-24.712074
34.454014
-9.790516
-13.747552
15.510890
-1.913213
-27.136627
37.134918
7.374083
-8.968498
-2.575340
5.143435
-4.183367
2.238396
-7.899908
-25.079237
1.706684
-7.048744
0.776092
2.442909
7.722215
38.224014
-2.195289
-1.534413
4.866602
5.364157
10.173596
0.007017
-8.037712
-3.304852
6.501176
-3.845935
6.658470
1.076248
20.872797
12.759433
-4.579656
14.948126
-13.869378
4.046733
-9.606351
8.732563
4.818017
-24.867670
-1.670714
52.376095
10.099589
3.240107
-11.472795
-6.618196
29.933115
8.749578
-16.000832
0.363865
21.892063
-13.947177
41.380714
11.577157
6.642813
9.721397
8.731705
21.735138
6.076631
4.021658
9.040650
-7.697865
-5.435744
2.594635
-10.266261
-4.756103
-13.919408
-20.234715
8.986345
5.358551
-9.220699
20.824074
2.014183
7.010909
9.219106
17.076645
16.373308
7.965968
8.584252
-5.505175
13.227538
18.785912
-2.768425
17.635523
14.186716
33.903526
6.518688
0.721722
10.132668
16.139452
-10.995528
-3.814413
8.609172
31.275057
34.159027
-6.256316
10.792828
9.650803
-7.774020
7.986054
-6.524556
4.045366
-16.356951
0.795016
-5.610402
15.932202
-12.837304
9.849213
14.305359
-7.714000
-18.318947
11.478771
6.774139
-0.806171
3.393810
4.105839
9.245617
-33.777473
-5.700905
-5.355056
-4.451283
4.750576
9.429488
-0.511657
15.069316
-15.089595
-5.892440
-2.790804
-2.787607
-6.555848
-0.883392
-9.702238
10.380431
-4.630304
10.926974
16.260061
7.966227
11.158442
5.850250
8.325651
-7.534367
8.128673
-6.194340
-6.519462
4.531824
0.474152
-10.588624
8.835768
9.626012
25.408037
0.087041
14.688596
10.408065
3.263956
22.631245
11.410140
-10.426190
-6.095636
-12.892568
18.186705
2.745265
-4.999161
-12.257116
16.165277
18.658262
-11.368505
14.911215
9.961435
-4.028259
20.889563
-4.063119
13.387947
-11.205481
-6.670007
3.623282
-20.312262
-15.688036
-2.966162
-0.177934
-15.323899
-9.766992
1.641377
16.839062
28.579994
-9.632131
20.290201
-8.617562
29.196606
-10.471320
-2.304473
-27.636654
-3.758278
-10.052892
13.927360
-18.492548
13.257359
14.120751
-12.436659
-2.242942
13.613317
-4.871009
-2.266052
15.571349
-18.784361
6.963876
13.657954
0.211425
-4.733156
3.266741
19.815487
-10.529532
7.959785
-10.126206
4.099404
24.180084
-7.424323
-22.786676
-0.629050
-9.639306
-7.749022
-9.953602
3.813140
11.650122
2.640208
-30.763092
-10.986125
17.097532
27.873821
4.025551
-7.543916
-5.576667
0.329005
9.596914
7.514083
9.797370
-11.782084
10.555716
17.588161
12.147790
3.184560
-6.984804
18.049501
-17.103916
-5.894412
7.193950
-16.490444
1.780084
6.745225
-6.042513
8.853609
9.112941
-9.821228
20.018305
-10.766927
6.514324
15.604012
-12.252823
6.489718
0.108212
-1.999158
6.352394
17.602133
4.271152
10.252881
-5.040998
9.329037
25.624762
0.613500
15.944170
-13.364258
8.332049
28.405245
-20.653143
2.759859
8.278235
2.690145
24.170582
10.109232
2.079647
11.719448
-4.225941
6.698012
-0.995349
8.147559
-0.402833
-7.782193
17.226040
-11.374915
16.330677
18.143986
22.624722
11.014237
-6.724304
9.294985
-10.113708
13.700088
17.036659
-0.603118
1.841800
10.813114
16.401958
4.257613
4.306475
-19.585604
-13.153689
9.375661
5.783516
10.824783
12.485642
3.757553
9.757187
-21.483074
17.072353
-14.204238
-11.614868
4.163665
-0.990772
4.011500
-17.518364
16.052893
8.513768
23.075771
23.991133
-12.666655
-10.968726
28.523075
5.736341
16.393003
-3.788121
-0.395623
10.185276
0.874142
-3.994874
2.607641
0.587815
12.661483
-10.781809
-5.285127
14.751587
9.691653
1.352643
21.678564
2.107516
9.946001
1.890003
-7.209991
2.906358
12.424309
-29.356060
12.783736
13.362494
-16.169916
3.655836
-10.430670
-11.318332
6.498148
-2.090807
5.401809
15.467566
-14.943084
21.638365
1.222232
-7.469744
-1.203444
-1.281075
4.171180
19.424070
16.284304
6.054020
6.748935
12.365544
17.456472
3.884089
-0.384765
-1.932294
-9.643164
3.438774
14.359426
11.256457
-17.242514
-9.234160
-1.593778
-5.870074
5.445886
17.444752
-14.089722
18.848293
-8.260358
14.014225
-7.907362
-7.040466
5.097083
-12.416172
12.815358
-15.268217
-0.381049
2.774623
-2.314572
23.480623
9.803317
5.392281
10.333747
-10.175371
13.376227
-10.617121
-9.912898
9.214392
-4.094541
4.052752
0.622842
22.732491
13.969808
2.091690
-12.127740
6.970966
17.784842
9.221544
9.191877
14.225907
21.546743
-8.393409
-1.648706
24.175508
8.664901
0.229691
9.794094
-1.386165
-2.164293
12.240803
7.003437
-14.692418
11.206115
5.085054
7.012075
29.296835
9.614469
3.900985
11.029473
-5.034508
-0.430335
15.332974
5.608399
10.882069
14.299702
14.084593
6.749425
-12.237784
9.973282
-4.644591
1.664972
-1.470676
20.200272
11.324004
-8.690536
10.090751
0.475357
32.271397
-5.168892
3.835486
-6.272609
22.058258
7.357775
-2.979000
-3.893834
16.491341
1.801236
16.701805
13.331558
7.387566
0.189804
-11.486629
-0.827942
3.522765
-11.216190
-21.150698
-21.120926
-2.646383
12.106174
25.166956
-7.967882
2.135928
-4.500342
-17.074453
3.940868
6.885808
3.215161
9.920027
1.254109
19.172626
8.836483
11.083378
-16.478596
3.374032
6.013910
-20.854383
-3.151417
9.909449
-0.475159
-9.269146
7.648809
-6.732304
-8.286669
0.143656
2.973908
-2.266021
10.243993
-18.589748
13.862967
19.132355
-16.203579
-21.369444
17.709013
10.908791
-28.125648
-15.456684
11.363601
28.828730
-0.652128
8.182083
4.058834
0.867288
10.111131
21.238560
-16.728308
1.143701
-5.005308
6.205328
12.492733
25.875317
3.524549
-17.794245
-2.400118
-30.283983
-7.582283
6.273843
1.458233
-15.348663
13.417426
30.519115
-8.443252
12.578512
-25.825502
-16.951952
-14.312304
1.413233
-1.814109
-13.944283
6.843213
-3.926467
-0.354940
6.993101
15.039474
-0.241718
1.678557
24.735991
-14.310686
3.296307
18.868511
10.345465
13.869370
-2.596566
4.711491
4.748372
-14.438287
13.831637
1.061377
-1.758360
-19.398558
7.066480
-1.729836
5.322356
11.003886
5.409611
-1.818218
12.663562
14.608768
9.781607
25.702620
2.353465
-4.140333
4.495783
16.389828
-0.773994
4.891222
-4.664222
-4.635890
9.156858
26.078159
0.455578
13.378729
11.345570
-21.218285
-4.082857
-16.227398
14.628983
14.747757
6.554158
-2.445454
-0.721408
-10.934484
27.866671
-16.700893
2.435210
-0.279713
-10.491699
-11.826999
-16.228365
12.510889
16.830353
-7.005242
7.597419
21.364548
-2.754315
20.789860
3.544797
11.277494
3.419785
15.122740
-0.289412
-9.497972
11.258927
-7.829346
-3.744981
7.350185
-11.186244
13.201650
-0.350734
-0.974811
20.655766
-10.189444
-8.834292
-17.225660
9.927994
5.267287
1.230361
1.795785
11.890006
-2.024176
-0.178253
3.126375
0.928456
-10.922713
-5.679872
-4.305479
9.774541
18.631174
-6.799081
2.628693
-9.602558
11.593153
-2.487765
0.155858
0.274406
16.433447
-8.921318
5.143197
-1.869398
7.465707
22.487196
0.458904
9.909376
-4.696445
-0.467202
11.464182
1.345378
-14.528138
0.244792
-22.810688
25.131062
-7.122907
-1.624780
1.766977
16.589424
17.626652
-9.809770
-1.537519
-7.158378
15.815473
-7.875015
-4.729161
2.317061
-2.375103
13.023600
21.870659
2.861207
12.194016
-6.684513
2.834514
-3.973489
-18.717773
-2.523690
1.675989
29.987869
7.255032
18.779921
11.454585
3.581509
6.494015
17.151796
-5.142095
-5.356378
3.893324
0.237411
5.093906
5.753797
-15.279102
-11.800041
-17.010942
-3.867978
12.885786
6.195092
-4.443260
-27.026989
20.908545
-14.939780
8.990879
-9.060040
-3.903749
-1.815161
-9.423419
-9.875496
7.550086
25.927183
-6.609789
1.669648
-1.301015
-16.546656
12.491940
11.057055
-23.222750
7.597558
13.868018
5.922599
20.614658
16.900095
5.935559
-5.673317
-0.646451
-0.140320
-2.772171
2.338166
-28.911087
-4.602288
7.067605
21.215786
-12.547451
-3.482828
-11.087378
-11.853465
10.957207
-4.367482
20.314159
-9.011913
-4.269988
8.316630
-24.976828
-14.199758
4.148440
14.090288
8.603002
19.867567
-19.080854
32.071796
8.421418
-8.054345
4.194171
-17.943111
-3.933295
31.481735
-40.394550
-16.988098
-0.311371
19.254257
7.548474
-24.169966
-18.927691
6.461777
0.261821
28.470667
-13.847775
-5.225723
8.190253
18.816133
-11.829470
19.367872
13.958345
-0.722269
12.896197
-6.880371
7.091403
15.603910
-11.239958
-20.413158
-1.122862
23.191910
-10.792565
3.426518
1.073683
4.841249
-6.605278
-5.559434
35.111080
-5.713254
17.428974
5.755722
8.336847
3.997946
-1.426568
2.718309
-7.913604
9.183196
12.486444
-8.123343
2.610422
-20.896402
-4.366301
12.822727
2.694473
6.826082
-1.900721
-7.861213
5.552700
-8.356861
2.906072
-0.323697
-7.878676
19.991823
15.620035
-12.439137
-5.156130
13.103429
4.887022
3.991176
7.428749
-0.627709
-3.039762
22.264801
10.606825
5.690058
23.929796
1.982611
19.500820
-0.460495
21.574326
20.597670
29.190773
-3.716503
-18.306797
-4.142157
24.430136
-17.109604
8.844388
11.040816
22.009968
9.647628
-14.785148
20.395788
-11.389298
24.762074
4.305554
-7.955479
-12.631372
-1.178687
-0.687471
-12.702193
26.347120
12.497673
-7.891222
-18.734699
-5.703968
-2.954815
3.674752
8.675109
-17.151291
-16.942375
-0.131505
6.784021
2.028773
6.194817
-6.887111
-15.839085
9.394713
-15.521931
-4.161674
-7.688942
6.086765
9.789546
-4.138181
-0.950380
21.589354
16.897121
19.917963
8.704333
8.317451
0.654711
-2.541365
33.816982
18.076273
4.472107
-1.524381
-10.530151
2.725690
6.319153
7.907444
-11.197563
-14.964332
19.023182
26.482191
-10.571364
-13.612354
3.779774
4.362710
17.301374
7.345649
13.737522
-2.927857
8.421658
21.913876
-16.602221
3.310779
-8.994922
2.767546
18.979980
-11.681920
-11.499926
-3.913359
11.355354
3.791679
-1.839673
15.145608
9.823644
6.427006
2.326782
0.202955
15.902722
-8.827733
-19.350986
-13.447124
6.337669
0.011265
12.161235
15.471066
-11.532932
16.893600
-9.698135
-16.890652
7.372683
-18.327539
15.002943
-3.543205
-4.131087
-6.016862
6.153253
18.438877
1.420371
7.227394
-8.120691
21.102951
31.145926
-1.304931
4.853830
-22.997032
1.022019
25.156275
-16.511658
-1.998979
-2.806704
-0.975861
6.215191
1.218571
-4.254952
-8.848564
23.595119
-16.982599
23.570438
7.061043
-2.769387
-11.506032
-4.673497
26.139605
-4.808516
10.610762
-4.372434
23.961847
-1.940043
-10.057844
-3.888223
16.252100
-1.051850
-15.879337
1.568612
14.722829
13.797742
18.738180
20.100281
5.231728
5.628402
-2.597753
-11.183912
-12.108332
-2.132433
3.523156
-14.697151
-6.190400
-6.899071
-0.179452
19.183058
18.349424
8.708971
10.031762
2.049792
-2.440280
2.671191
7.390941
-5.630542
10.214030
4.592481
5.813684
9.087172
10.766985
-11.944040
6.883846
-1.017171
-2.206585
-4.484926
15.021593
-4.295429
-6.358061
-18.755239
0.853339
-26.702148
20.308409
-17.425146
-8.173866
-9.040988
9.517223
0.118533
-0.793919
2.031375
-6.056167
7.970148
16.148651
7.628724
18.778456
1.604658
-6.941962
0.529756
-4.063759
1.558689
-14.293189
-20.430441
21.761311
14.760529
-30.061487
21.354034
-2.738470
4.869625
-29.693182
-14.137008
8.246545
11.027236
8.310931
19.517853
3.301457
7.217599
15.042892
-15.692111
-0.478494
5.025721
-7.819460
-24.212746
7.766300
14.020830
-4.316271
-1.643888
15.305800
-1.812667
-0.653183
19.131065
-6.941633
17.136902
7.091447
16.655123
-4.725700
-4.628503
-12.806166
-9.744071
-12.061428
6.325019
7.534024
-2.555208
7.494075
-13.734524
-5.201895
1.480354
-9.563004
-19.283119
-0.701582
-3.174217
7.434312
-3.559162
-11.448627
2.490106
-7.125817
-0.278762
19.438217
17.897686
-17.328964
32.901680
-14.864487
-4.902450
-17.181061
2.615720
-6.979351
-2.839170
5.017939
-0.225096
-6.964498
-11.077454
-5.161680
-4.791986
22.515640
-11.866406
5.624624
20.890661
-15.329058
-9.073071
2.520778
20.630005
-15.699937
-1.541342
0.125928
-11.069899
2.671389
7.431983
17.476467
-10.033460
-0.396593
-9.090952
8.841204
12.962780
-8.359779
-13.382136
-10.097171
15.026139
-1.043350
-10.313432
5.612135
-10.292233
28.051777
-3.897235
-2.749491
11.777795
26.506311
9.784966
-10.674499
9.295067
-14.040614
-4.251126
-9.778066
7.925651
-13.548281
-13.366508
16.191313
11.258121
-9.740254
9.917554
4.364959
-14.677672
5.176042
9.899417
9.756521
12.043428
-0.884651
-10.111606
-2.620245
1.551083
7.486312
5.351423
0.817853
15.866139
8.483239
-14.142921
26.593969
7.626605
6.473901
19.927588
-3.141195
6.704576
10.407699
11.316804
27.016476
18.479948
2.855624
-2.693763
7.956977
-5.245214
-9.705021
-6.897533
0.905289
14.081852
-10.229764
22.238195
10.078721
-4.322941
16.119680
1.746336
13.793984
9.799795
-2.946755
-17.898874
-14.005107
6.703415
23.648205
-10.010449
-5.863817
4.243309
8.155860
-2.238988
11.024310
-9.562513
5.656053
22.368891
-19.978113
25.172321
11.697691
8.624603
-2.052810
-5.761432
8.739463
-24.061867
-5.867681
7.281730
15.801659
-8.880713
-1.454730
-2.732750
-4.813214
20.088127
-12.960226
16.603228
19.955591
4.636509
4.231554
-22.350651
16.944422
-10.723319
-31.257854
-20.413006
26.145697
1.439467
-3.575234
5.809649
-3.615929
10.573478
-15.776393
3.671748
5.977866
7.110970
16.713299
-0.018419
25.418983
13.712276
-22.240795
-4.050299
25.865141
6.836519
-15.347414
11.890113
-10.559164
-32.371674
6.594760
35.366699
1.068140
23.289995
29.705008
-2.740563
10.394935
-4.824377
0.353439
-2.843108
-5.042852
-12.374614
4.619478
33.179947
-2.368068
-17.343786
36.459362
1.290473
-3.448387
17.933666
-2.109841
1.969190
-9.357279
6.235590
25.977280
-2.829829
-4.725296
4.778682
4.285060
-4.209244
-17.068436
8.304092
14.275114
-0.250858
13.326958
8.126542
17.455235
0.431498
-1.794605
-11.147948
12.475233
16.030102
13.247269
6.109293
9.545927
4.796858
6.975442
-16.818052
16.521217
7.891422
7.136631
-8.158459
1.237226
-6.831836
-17.944439
17.947346
-0.464665
-17.237104
1.661838
0.306224
21.511147
-17.316637
16.420460
-10.838181
-4.638113
20.174129
-3.409067
-1.809047
-2.620527
17.416161
-2.446157
19.234989
11.445792
1.661845
12.386388
1.977137
8.453842
-17.413492
11.369521
-9.360860
4.817473
13.829762
11.466455
-14.951523
12.304375
15.744875
-16.153282
-7.767917
8.974401
-6.851640
-5.185693
1.452307
23.467703
8.961080
-2.267496
-15.666087
14.294165
5.045879
-17.717810
5.685757
6.819194
17.092640
5.291165
7.074024
-3.540283
-1.539444
-7.702467
10.889801
-27.463203
2.845256
8.370836
-1.358787
-6.829661
-12.236159
12.407507
30.552052
19.293633
6.799630
-19.554188
1.904567
-10.226094
14.589873
15.097974
-34.528828
-19.592091
6.058932
-6.860317
16.989759
-2.258467
34.076149
1.515684
9.257057
-2.921912
7.728715
16.061987
-5.775600
18.536242
-11.376498
5.042388
14.403250
9.656129
9.762501
-13.056456
15.409153
15.611476
4.931968
2.161542
2.481354
19.125366
-6.986276
4.547078
16.117640
10.472536
-4.991720
12.349317
-26.666731
3.705914
6.472510
-15.849065
-14.921219
-14.548243
-2.096470
-20.198580
20.984049
25.721619
4.432294
-1.034591
-11.171595
-14.077125
-7.506762
-0.004210
0.292901
10.887142
-8.524675
-2.393207
11.795574
-3.147109
14.248757
-13.880485
-10.872664
-7.089345
10.524705
-6.866796
22.378489
10.266499
-2.269490
7.797250
-14.580624
-2.294435
-11.296786
9.635697
16.127541
-9.819589
19.617285
13.444380
10.509892
-2.020447
12.867624
2.106516
0.251981
-10.838060
10.010553
-21.807480
-0.982071
-5.486971
-15.313886
11.383943
-8.539424
24.905699
3.959156
-4.691974
12.625828
10.104411
5.032529
4.719376
1.529669
0.766311
-12.967854
6.980155
19.559956
-17.335697
3.216930
16.680037
-9.672602
-21.207960
10.609598
17.859116
18.158646
20.766676
7.615211
-7.346894
13.116735
6.860808
-25.522097
-12.463138
5.700906
4.962639
13.889456
3.081638
-2.083426
-14.527653
0.402327
-11.765097
21.805109
16.528448
-16.216633
7.232168
-25.697611
-9.783582
26.870827
17.426849
4.757757
-5.113069
9.069889
2.777013
39.354931
4.807624
12.308317
-0.501345
-14.130915
16.651096
6.724200
14.097586
2.616827
-3.217851
-6.743616
2.568844
-6.122070
-3.309708
19.474003
15.923682
-13.866294
-21.136164
-2.500491
17.916075
15.501273
-8.350857
-8.042241
-9.389411
-5.590688
30.160872
7.924562
4.144399
-12.405215
11.193196
7.208800
16.859259
-0.778173
-5.078060
8.976000
3.144920
-11.135080
16.054697
11.288836
3.618748
20.243723
-3.263212
12.930400
8.808593
-7.317245
-12.927980
16.504927
-4.050506
2.016376
-12.373074
-8.895547
15.886975
13.914589
-0.765201
10.748810
-6.530075
6.498870
-14.592412
-9.114253
-12.902448
9.461770
-7.999468
9.075102
4.926363
-7.233106
7.014771
-20.948740
-0.383227
-14.933660
7.445233
7.030234
20.574926
6.039194
6.674440
-10.872004
24.660877
-3.189138
3.574700
-9.068274
8.748971
13.225651
12.207079
-10.870343
-6.330634
-6.377645
-2.947533
-23.551172
11.573478
-0.163453
0.128016
-19.645613
8.016726
-2.977364
-1.290584
4.686263
14.769135
-13.709206
10.119880
11.233479
-5.909044
1.950510
14.273948
-5.097723
-10.403197
6.593505
3.319018
6.804149
15.895842
0.648362
13.270185
-3.473267
-13.986623
1.293918
21.460892
14.345574
-0.726811
13.807036
12.544112
14.640515
1.607685
3.802530
9.296498
-4.649195
15.126227
3.327588
12.015084
19.424870
-3.641879
8.480984
22.529627
-7.060944
-12.331137
4.376282
-11.861358
19.370747
15.037348
-9.667207
-3.678222
6.767060
4.514690
6.872201
1.117378
-8.781555
11.304685
15.794040
-4.741403
-6.173225
-16.869406
-10.690024
4.167319
-1.530035
14.423767
-6.598271
3.360151
1.564479
-4.608193
20.276949
-9.525602
12.213248
4.115064
5.835145
1.840797
3.789448
16.712358
-1.873574
8.845689
1.353975
15.146821
2.624490
-31.808237
6.417750
7.567745
-4.863676
-11.220812
-17.129185
-26.278507
7.801119
-0.983779
-2.584385
-2.222426
-10.019855
-24.431890
0.550731
-15.429601
-7.293400
11.936059
26.112030
-3.867443
-3.227525
-13.236876
8.337612
13.822889
5.205636
10.826628
16.352720
3.359822
9.763194
17.637793
6.281190
14.949178
-21.087551
21.205442
-25.000347
10.196206
13.020288
-11.405491
4.996332
9.002759
-5.375362
-2.280546
10.519752
20.709307
-7.667616
10.951286
0.762244
-0.114272
12.285901
-18.375551
20.711933
-2.038581
-13.262268
-4.127008
8.521568
7.914793
-10.024399
-10.726138
-3.493521
-8.772225
8.414083
3.428070
-1.127787
-1.971547
23.188688
1.098461
20.748575
5.036670
4.365229
5.962290
-20.141029
3.425994
1.736913
-6.275153
13.801044
34.008007
3.084205
0.735670
-1.353165
-16.219160
17.800037
-2.556546
25.417522
-1.417344
-19.037899
11.798910
-6.714114
8.734908
22.825569
10.483639
6.946867
-1.455377
9.822776
5.745328
1.371484
-5.234844
7.095864
-0.734030
-11.490493
0.984183
-0.406328
8.254767
28.801172
17.802019
9.672578
-11.234566
-23.421480
-13.947225
29.467293
-1.731171
11.319747
5.244840
14.734143
21.650740
-4.209476
25.013138
-15.812340
10.099828
-8.881422
1.381086
-8.133266
1.636506
13.174756
-8.079034
-9.111437
-1.499682
-2.731047
-27.603706
17.582005
-1.253714
7.096166
7.588164
10.215082
3.840173
3.431720
-12.108542
14.581651
17.272404
-6.164304
-13.080016
4.382923
15.902522
11.582721
-1.641587
4.332132
10.535623
3.029982
-1.746343
12.923428
18.444721
14.251307
4.489335
13.046973
-25.510405
-6.596615
-11.155607
-0.468042
-3.528987
6.122058
21.621716
4.492499
-4.724468
8.277516
5.597561
-4.570752
11.282216
-1.108574
-19.500895
11.524763
-5.646429
15.943475
-15.142540
0.547950
6.452453
-2.485289
8.745047
4.652953
15.440455
-3.260845
-3.443364
6.613892
7.218528
10.982933
7.225616
0.615736
25.920341
-7.159664
8.109254
-3.940390
16.509453
17.058573
5.640227
16.057787
5.485360
0.050284
11.611328
-1.357565
11.956770
-5.825799
-26.434971
-8.387109
-4.369662
-1.248410
-3.101782
30.179434
-2.851656
-8.163988
10.499961
-2.156918
19.318756
8.673366
15.469836
1.367871
14.996094
8.123968
10.683944
3.154027
-17.999903
18.092516
-15.330320
-9.469584
4.979727
14.419926
6.484990
-3.615083
-16.318684
12.599479
1.913041
-4.647672
15.632077
-6.539583
-22.275558
13.782837
14.294985
4.273350
6.416603
16.889172
12.095984
0.710738
19.150255
8.327553
9.296401
4.934647
1.188127
1.088874
1.026974
1.240076
-10.484493
7.436870
15.629590
21.339706
15.485505
15.909482
0.132582
-17.184317
11.279450
19.837854
-3.454185
0.242797
2.185702
23.820284
3.447695
8.181239
16.300529
-7.606807
29.420139
4.829839
5.885520
8.817808
-8.847656
29.217747
10.770105
12.695017
15.893375
4.754624
6.038209
10.662716
-1.288968
-13.640415
8.472595
10.352852
21.895571
-27.052258
-18.066946
-2.316859
-20.906178
12.840942
9.002546
-1.337593
14.741368
-7.644897
-18.957575
11.268575
-4.242672
-6.960296
19.803019
3.597907
22.783686
16.778627
19.273924
-2.828778
-18.368406
11.860004
9.763993
0.618493
21.635643
15.205150
-12.971942
22.595579
20.248577
8.866948
-7.793519
-10.824793
20.233347
11.620401
-3.101804
-22.241837
-5.575777
1.294858
13.610001
21.464788
26.445616
13.907122
20.007050
16.173136
-19.509254
0.244355
0.621492
3.771201
-24.785471
25.339867
6.677701
8.124600
-4.622572
1.542253
3.088444
7.908620
-11.616508
-4.776216
11.778777
9.716080
-18.294434
16.104866
7.457331
12.625906
-12.540580
8.832975
-6.285056
2.756782
-9.336671
12.961843
-8.875796
9.127370
1.298136
-9.454042
32.612793
24.068968
33.931313
9.943836
-18.591253
-4.990048
-9.678436
6.470536
-0.165469
-8.897821
9.052943
17.327360
-8.598258
17.052109
-17.119211
-0.860940
6.680976
-19.815388
-16.894068
-1.083076
8.476869
14.575155
17.629932
3.071153
20.455004
14.587363
3.405350
1.743622
-30.187811
-0.110817
1.134287
32.081669
5.786976
8.045873
-7.752771
16.113092
-1.187291
10.109603
4.698839
5.205308
-0.602262
23.974134
14.737519
-3.522146
8.671694
16.803946
7.120698
2.494617
-1.124114
-5.150085
3.292585
4.116704
30.017948
-10.272099
-25.655191
14.210724
28.941950
10.626040
-1.804526
0.954703
1.510911
14.396394
17.405836
1.910851
23.558268
21.108500
16.382322
6.893716
3.393693
33.629181
11.758063
-10.007170
23.636820
-3.496948
4.695427
4.204399
20.728184
11.357576
5.843911
22.706020
11.663127
-11.860582
14.880181
-3.115476
8.227667
36.656567
20.272875
4.268325
12.836638
26.904150
-8.782667
12.113490
12.936313
-11.464900
3.489447
-1.501890
14.161304
26.626570
-7.880147
17.819164
-0.000630
-13.891621
-21.626705
-2.419690
38.580807
-5.253280
7.514748
-9.336013
10.398882
-6.244383
15.613409
-12.673050
-2.316108
12.744700
6.101892
-18.093845
14.630336
10.244147
17.530445
-10.594178
12.284962
-16.283194
-7.581281
19.542389
9.443638
11.333642
-4.035500
-2.122503
-3.964602
12.319959
12.334376
6.294274
-27.794947
-7.227565
-6.381819
14.899959
-8.574552
8.698278
16.642685
4.836795
15.723834
-1.779402
0.836412
7.083725
-1.762447
15.578291
6.266163
18.229395
-20.440775
-0.756804
-1.192178
7.000947
15.875614
3.091451
-11.042713
-15.456623
-6.744991
22.017857
-7.950898
-1.544952
-4.653011
2.380516
-5.758035
-0.559605
-2.578579
15.997519
-0.158432
10.101282
0.466883
4.046244
-6.735308
-13.364770
5.165234
4.488190
-13.641153
7.010619
-3.591061
7.999440
19.037603
17.459471
31.838511
-4.954216
-1.439857
9.182595
-10.870876
-2.754826
9.389720
4.209951
9.954791
36.041836
-1.556581
-0.758573
-9.034830
17.950926
-12.591358
5.195357
-5.250528
7.704551
-22.468632
11.175228
-15.894944
22.329227
10.161943
12.512282
7.537642
4.750004
8.452445
-22.514631
32.421280
15.602874
2.169653
3.365263
-10.647113
-1.970072
29.275490
-11.776901
-6.323616
17.759783
23.561111
7.672737
10.188987
4.316738
0.271305
-4.730549
5.616902
21.010773
-3.047111
19.827160
12.132999
-1.304244
27.453012
-9.693010
15.501179
-6.318620
-8.111238
21.908550
-6.002429
23.240440
2.158527
-4.607606
10.840968
-6.086844
2.864990
10.247244
4.454741
6.683880
20.790579
10.531359
-4.278986
-7.148854
-5.389205
-5.464452
-11.621957
-21.690908
-15.585152
20.637547
16.322672
11.088353
-2.784580
-6.901778
-6.112463
-6.674084
-2.781023
18.525782
22.846712
18.860188
14.343800
18.914164
-26.730991
1.775970
31.557272
15.254400
15.977508
13.939288
26.037346
1.775804
26.928949
1.765870
10.043205
28.111790
7.743636
-7.564620
16.763405
-0.445898
4.965689
0.453543
46.701096
-23.073755
-19.042032
16.025227
11.078362
-18.910597
-10.075891
-1.508990
2.657604
16.619036
7.165237
36.621052
13.396975
0.403249
-12.100175
-1.037602
18.403959
-1.683628
-7.059823
-0.132864
8.506095
-11.590891
14.770687
5.760152
-6.120653
1.567400
2.004968
7.393640
-13.886523
11.504284
4.588267
-29.377260
-6.906265
20.542915
-3.577199
-2.245022
5.134398
-13.613608
6.218689
23.263315
-23.101622
11.547655
6.735173
2.236878
1.589214
-3.951375
4.468435
9.957132
-13.335716
13.105772
6.507825
18.015371
-24.760548
11.241627
-2.132571
16.082375
2.938202
15.573093
25.041819
8.217400
9.141305
14.262915
-9.323930
-11.728271
21.086798
-11.006453
-0.632853
-3.806735
0.006979
-13.781672
-18.281029
-23.175014
-20.572542
4.144532
-8.355006
-6.682307
17.959044
-1.473677
-7.945939
-7.263375
-2.461591
11.576011
4.179353
-0.216358
0.270413
-0.625838
2.871667
3.415619
15.139636
0.596749
-3.411822
-10.718402
22.823622
-7.014109
2.979357
10.349701
18.848993
0.744664
4.690577
24.949001
7.250947
1.373443
-6.176535
-25.221453
-4.059590
2.141606
-15.319014
-7.660235
-1.867902
2.398067
8.259355
-2.908803
-0.892337
-15.850297
17.157221
-1.947315
27.674368
28.627424
-12.895574
-4.013368
-13.112728
-0.108350
-5.751911
8.025332
11.312858
6.643983
6.399373
3.089148
9.746895
-0.969621
-1.288112
5.806769
-6.223186
6.874001
10.530052
3.670217
19.840918
0.363230
-25.406420
12.168354
16.347126
-5.740465
22.703568
8.606727
29.291019
-10.171444
19.925987
10.655133
-3.857222
13.283484
-9.765313
0.877256
2.677425
-11.833843
2.379310
34.690853
-21.153460
13.144491
18.920725
3.142788
6.211617
14.258444
29.845009
-4.457923
-6.495944
15.997310
-4.698016
-11.716632
0.927683
-11.772095
-1.823847
18.791912
25.068468
6.573817
-4.063081
11.019359
-0.966067
-7.152952
-17.390427
-0.858346
0.115534
15.939662
19.473209
-8.379292
9.066241
11.396203
13.616920
6.833620
16.617756
-20.955494
3.697236
-19.568144
2.250221
1.158630
7.082421
25.147665
22.735228
14.715373
4.142008
-8.497222
-4.998207
-0.865117
0.927225
3.638895
14.873455
7.849794
10.076209
-14.335446
-2.427157
-7.529327
13.543972
16.871334
-6.660278
22.679434
40.060310
23.980255
8.850084
4.192827
20.627739
4.718025
-22.864462
0.318996
-21.221346
8.183030
-7.039404
9.925178
-13.439939
0.337220
2.199873
1.004156
21.141010
-7.018811
6.465732
-8.716035
8.767979
-7.762844
10.262854
19.998322
9.519607
2.513545
-1.143614
-7.207150
-3.326840
-13.733926
4.238456
-3.934743
-16.115231
-0.972956
26.126684
8.476001
4.372392
-5.747855
-4.467230
-15.540958
24.470572
-13.023997
-3.151123
-10.798139
5.907175
-3.362192
-1.979705
7.094031
0.074615
7.778910
-0.436776
-2.187094
-4.118794
21.781181
-0.945898
19.131626
-1.803466
10.301137
-7.407134
-2.086331
-19.474010
51.366131
-2.690559
-4.607172
28.385611
16.614498
-3.611032
-0.241739
-19.129282
-12.122377
24.825367
-9.879271
-18.635843
8.407332
-7.523511
8.614414
7.825658
-8.491877
-0.122969
25.108244
7.576359
-7.011112
2.233543
5.979254
7.021058
20.377073
-18.375204
-9.525261
15.912975
-1.725688
9.224352
13.323120
-2.107532
0.579178
7.422449
8.858826
7.212546
4.087180
-0.236688
-14.316776
31.866772
4.868704
-4.588691
11.579871
-31.320532
9.037692
9.695112
-16.583025
12.204628
10.990645
2.278095
19.589184
0.251262
11.936063
8.251959
28.498520
35.970798
12.118480
6.657287
16.429455
10.125085
-8.700274
4.359557
3.086888
22.761585
-2.181964
-12.997456
13.014325
12.491152
0.274859
6.419598
13.759830
-1.920163
1.869260
30.132271
12.209675
25.267530
-1.803633
-6.632889
13.926661
-11.220945
-5.355692
8.016959
6.079871
10.369092
-0.349764
3.152333
-11.430972
9.886226
11.126656
13.117530
8.253379
11.473419
26.983322
11.745087
32.250656
15.849249
10.958160
0.878415
0.735457
16.647203
18.286037
1.078794
24.876135
-3.072697
-10.615831
-14.213538
6.635235
14.405079
20.269043
16.554798
5.656341
-17.091900
-15.977674
-4.836156
9.447185
7.271626
19.252142
-3.976615
-17.296005
-3.438383
11.717017
-20.090551
10.189084
-1.702800
11.233161
17.089266
1.659351
1.045029
17.028032
-10.180134
10.226053
5.813945
12.844720
-9.117746
8.792801
12.218128
-6.983856
-5.268034
-4.450431
-21.293983
11.368530
-4.665575
12.006083
-8.306956
21.694454
2.214675
-2.370459
7.895171
-8.705482
1.123812
39.038830
13.041858
10.232623
5.670966
-2.870685
2.394188
12.997045
-4.295377
-3.989341
-2.602121
22.179474
30.761005
-5.574458
-8.159910
-24.944521
3.312495
12.334481
12.002913
5.188321
17.669184
-8.205775
9.482738
18.958742
3.102206
11.370543
4.097678
-7.358099
-7.599813
-8.821614
-1.253110
1.428689
-15.398808
14.045584
-11.211856
12.676826
9.142765
-10.078771
-27.072741
13.161540
-5.555968
6.710027
19.108734
7.816901
-5.085842
-9.364133
15.527667
-21.844919
7.895152
8.573198
-18.767298
-6.397137
11.378563
-8.840812
1.377862
8.348053
-0.081822
21.831200
-14.285938
-11.019061
18.858175
4.225461
19.252539
-19.200186
-16.290668
16.979168
-17.092216
13.321605
4.574391
-5.638974
-2.747786
-3.044554
8.331329
-11.984002
20.939745
4.967463
17.871956
-8.078482
-9.398207
-6.019942
5.524964
-9.677032
8.455261
19.428471
13.418838
10.304585
-2.370369
-3.374547
12.658543
12.317691
23.346733
-5.386591
7.866822
-13.001575
11.609859
24.992346
1.011986
6.928443
14.139556
14.513302
-22.948130
11.174533
18.221708
14.683213
11.705735
4.258983
37.666115
15.262632
15.647269
-1.029799
-5.266041
-12.651989
13.880744
-10.840281
-13.682369
20.351900
-19.187098
14.972132
-8.779771
-6.273639
5.620876
15.966911
-0.505297
-3.449258
25.044704
-10.598192
-3.202745
5.156922
22.635267
16.944777
16.351295
-2.948987
13.348351
-2.762840
-6.904356
-6.907733
11.034094
-6.306629
24.290674
7.183626
12.181447
5.369262
3.062006
10.506212
-2.348087
4.556610
7.950337
-15.142997
-8.658269
-4.417346
-6.154428
-0.541021
-13.784350
0.414329
22.955893
-7.384143
-0.899737
-3.349208
28.434401
3.387672
-16.318640
0.298603
27.113026
-14.882201
7.805144
-18.658699
5.592674
3.967695
-1.445081
6.936025
-12.084440
15.165206
9.413683
-16.342398
8.253913
-8.465022
-2.880203
25.352150
-7.314011
19.739719
-19.054213
-8.315819
-11.861805
1.372374
13.947400
-0.550580
-25.081547
-0.827561
9.303011
-1.427736
-4.864770
7.530912
9.262054
-7.782193
-11.079946
-13.255532
-8.506169
5.298851
6.232057
0.938823
6.769884
8.892060
13.407974
-15.815866
30.565929
4.255751
-1.639120
20.025345
-5.245856
-23.488602
23.459967
-14.040755
5.350329
16.982347
13.954089
-6.475801
-6.651276
6.220236
1.042776
-2.167927
43.324390
1.557016
-0.169396
8.336512
-14.872056
2.776862
-12.625987
12.844845
5.592204
4.770616
4.513013
-10.731024
-8.749428
1.042537
-7.476572
-6.597057
-18.177532
-15.430407
-2.583359
2.646427
15.386453
10.815709
6.655598
24.048115
-3.011775
0.059383
15.444215
-4.949102
-24.039207
11.379082
9.825436
-24.614422
5.699840
33.237282
0.602695
14.870214
7.005774
9.432142
13.540552
1.684769
4.380552
2.380766
11.062963
13.762848
12.619054
-17.632368
-16.395523
-3.990396
8.595113
-13.071678
-5.983362
2.202558
16.448687
21.157143
20.922588
34.538795
27.481647
7.347461
7.601699
-3.144419
5.072303
19.512102
1.079136
-13.428912
3.022940
-6.545528
-10.681823
-3.680161
-14.656113
-6.080013
-5.011747
28.370140
0.241645
15.951176
-14.625293
-12.576435
5.093175
9.211110
-12.387452
-5.025444
-1.687842
10.299306
11.665322
0.910347
14.806294
16.304657
4.484095
-24.961004
-4.135350
2.289585
0.288854
-2.136621
15.745912
-1.699228
20.194191
2.648995
0.683301
-14.612885
8.413987
-2.910721
-0.594522
15.084987
13.562514
-9.067624
1.788012
-10.970185
16.346098
-2.906072
-4.136013
20.809517
0.917513
5.686234
1.781549
19.937420
19.857454
-3.003300
-8.570527
-0.991446
15.626224
22.072001
13.527699
3.585203
4.182980
3.811421
-6.232902
22.572563
16.850605
-17.449795
4.655856
-2.193877
-12.684695
0.845155
31.888813
-4.901514
5.846123
-1.612780
2.331840
33.289051
24.471395
3.799398
11.304616
0.131492
3.337831
4.928988
2.929448
-4.835302
10.713074
-11.566576
14.349798
5.592749
21.966999
3.304062
13.923238
16.500507
4.394268
-4.496996
13.502792
8.673717
7.714981
11.289074
-3.671403
2.678770
-3.261710
-3.184986
25.361248
-3.969937
-2.191077
5.978914
12.652110
0.456470
-2.092381
9.431143
-6.460764
-4.753733
4.374362
0.517895
-2.603295
12.621353
-9.241069
-8.263160
22.551155
11.234218
6.262465
-24.273329
19.529356
23.852642
10.070927
23.747129
9.496223
-10.942562
-6.572884
-1.128220
18.897701
-8.666020
1.108681
35.932568
-12.436914
-3.330014
-4.928308
23.901571
-2.438372
-8.654157
-11.379383
8.552867
9.936262
8.622240
19.963150
-2.140285
10.045111
-9.216358
22.700996
-17.313036
-5.158038
0.107777
5.455891
-12.577029
-6.000385
-11.876607
0.687676
-12.401402
-5.978060
4.623833
-5.914095
24.654490
-3.704235
3.331886
-8.650715
2.478017
-4.270855
2.088810
13.405408
6.566566
5.915485
-13.731133
5.007651
-3.871328
10.697093
-11.696245
-20.388557
15.828518
4.348349
-10.770205
-2.224174
5.410168
-7.073697
9.869359
-10.041255
2.609051
11.820231
7.348993
-1.763092
2.142345
1.090050
29.155161
4.643726
-2.900784
-3.179775
-6.660953
10.193853
22.098318
-8.674928
9.939925
12.824473
-10.305280
11.114672
-8.505434
3.282502
18.353785
10.448030
9.919638
1.522378
12.633157
13.142362
6.625561
15.174915
-3.711407
4.753130
-9.262628
-1.754095
0.478817
-10.855389
4.353303
4.608044
-6.253361
2.539908
-6.081191
-15.410754
17.728224
-18.598198
1.745037
-6.464238
0.873293
26.789438
8.179840
21.317450
17.254871
2.456610
42.502148
-1.185297
-1.556834
-13.557985
-9.005485
-13.128641
5.469300
0.067382
3.164531
-14.969517
6.597553
6.680782
9.224695
21.544220
8.752141
12.584143
-14.487436
38.193008
9.981086
6.074005
0.726153
17.524429
-6.574685
22.082678
3.496590
6.025921
1.028881
4.345640
15.518081
11.685805
-7.078768
18.139919
3.813553
5.279221
27.048553
0.390845
4.558420
-12.292329
6.550574
4.077082
0.096326
19.857483
4.006994
30.492498
12.673001
0.152270
20.768513
-0.953465
19.944984
3.498935
-0.174906
21.379250
-5.551073
-1.879258
1.894143
-9.610859
11.834609
-12.837128
4.735739
-12.484369
12.888540
3.261313
-0.344707
-7.256540
0.183411
17.876690
14.931438
10.472428
-17.403137
10.679451
3.021621
-9.820589
-22.994402
9.542829
-0.501519
-10.460209
7.701424
9.434088
