-0.191472
-9.402146
-6.904180
7.467607
-9.649922
2.167149
-3.248821
1.994841
-3.011980
3.754157
4.585738
23.656519
-11.101319
21.313955
2.392274
-6.096754
19.883173
-3.126528
19.653605
1.220968
15.084923
1.433737
10.974546
8.482656
-1.171578
21.809517
-3.584559
4.682292
-11.014049
11.508632
7.377077
4.655627
16.067415
6.534479
-8.079899
-3.074577
6.051176
-13.888968
8.862495
-2.748752
3.634289
9.022138
-8.462420
15.434443
0.624287
1.782719
0.477089
10.282954
7.779573
-10.343716
22.768106
-11.597823
-37.054501
-5.002713
19.903963
22.477514
5.309151
-12.120026
-2.407284
17.540680
-0.124164
10.890142
3.821141
14.654201
-8.625638
11.111717
4.775002
6.718012
12.995830
2.923326
8.961817
-9.087242
8.237109
11.597550
7.854023
17.979074
-1.929610
4.715462
8.445654
-5.975853
-22.171667
-6.818344
6.641427
-4.739753
10.836051
-3.598427
-13.286266
-6.469166
-12.555406
14.066757
-15.347541
-4.161243
-3.211173
-2.167737
-4.658140
-0.569261
-5.527582
1.383889
-2.666820
0.449775
6.438595
7.482874
19.180780
12.486054
2.981560
-0.624034
9.605785
-5.335661
-5.826420
16.119114
17.572651
-18.396378
-8.048257
-2.985003
-2.302438
12.964034
-23.903484
2.294078
3.497370
20.513176
-31.373360
-16.137396
-11.746407
-3.261339
7.662880
19.198595
13.196048
-21.055567
-5.055422
10.981896
-30.259121
17.801291
4.646786
17.816843
-21.876047
-4.722205
-3.228271
-7.017378
-6.284963
1.107207
15.638492
-2.808021
1.462605
4.942749
25.216600
-18.131208
5.527798
3.490661
-2.036409
-7.309929
16.202818
0.796682
1.138271
3.633852
-12.006542
-1.375700
-21.024477
8.778556
-13.842462
4.804158
-2.041313
-14.065701
2.508313
17.829618
-5.491494
9.995689
10.937499
2.229100
-20.528830
-20.763411
-17.109629
-1.401014
6.137527
9.647343
5.221350
11.107514
-22.203421
-17.713816
2.439239
8.594381
-1.482718
14.875613
11.182553
10.391334
-13.291652
-7.835289
-3.265832
2.998414
17.296995
27.813211
11.884734
-2.008806
17.817327
-6.917840
-2.917633
10.745785
3.912144
10.071191
4.070423
-3.769526
-0.485320
-4.980907
-13.215763
-10.098248
3.235792
4.902868
-12.058133
-20.572531
0.343607
22.209383
-14.863086
19.073395
-12.747307
3.799352
19.770483
-10.005886
24.588728
23.293364
8.483119
-6.944462
10.862348
7.135314
-2.764187
9.864001
0.526579
2.082394
-5.939717
-1.172036
-20.975826
8.971120
2.201253
-0.639508
13.387984
-4.461272
8.373199
-9.253430
3.196123
12.012013
-23.063156
4.925656
-6.384845
37.709736
2.806865
4.859076
-1.969779
2.413126
-5.981443
5.537405
25.093735
10.626192
-0.539956
15.316067
-9.878996
-7.075548
-22.931856
-11.122929
10.191385
-2.488159
-2.031161
3.136985
1.033306
10.112969
2.874563
9.598892
-13.766725
-17.236160
-0.633718
12.557635
19.762115
-2.175783
9.393633
0.966320
-9.610579
-7.576745
-4.547071
24.431993
-6.322229
-3.185215
30.943357
-20.008904
-9.377535
-9.776525
-3.988451
-11.596118
5.228528
11.451645
11.724315
36.613842
-9.940464
0.872073
15.214982
9.752231
-7.994932
-16.478617
0.003682
8.219451
8.367406
20.146893
14.743752
3.101753
13.133986
6.171980
21.384928
15.166986
-11.970946
10.947453
-9.552654
11.000857
-10.825760
15.440001
4.460949
22.515059
-7.032786
-11.114655
-6.110890
11.675220
-11.577766
-2.510153
-7.602468
1.960125
-2.049215
-9.343536
-3.812926
22.869310
12.616531
3.719439
21.561878
-5.821471
15.891655
21.802288
0.536869
6.599268
-14.272477
0.464194
0.927492
-25.602600
-6.275335
18.753117
-18.530333
5.075727
-6.134968
5.461129
0.003503
-18.265348
18.036304
18.525068
3.651489
4.694230
-4.619716
24.269588
-12.615203
35.102085
6.155473
14.865537
-7.011744
-1.029512
14.592950
3.306780
7.777218
-15.000061
10.239925
-4.655383
6.311976
-4.746805
4.156220
8.009239
8.277985
12.591558
-9.707273
8.564712
19.453194
4.133631
13.303068
-1.501847
-14.162304
19.164398
12.112589
-7.135225
11.798830
-4.064278
4.686849
-4.612582
18.419323
17.987606
-4.816230
9.842398
-26.237345
-8.309906
18.112337
11.351722
-0.999668
-4.056893
25.333906
-12.961442
-3.781604
8.622710
10.702220
-0.374843
15.012905
9.680269
10.072163
9.068799
16.733072
3.811395
7.339100
4.071429
-11.479918
5.418791
16.938179
26.978640
-5.874172
-23.706778
19.513836
-6.970605
-9.010514
6.467934
-6.422086
10.105706
-4.051496
14.687083
0.770855
9.134243
8.699301
11.370530
-1.997370
20.722973
5.316046
28.324898
24.569263
5.085819
18.160017
-20.037338
-2.480195
15.586226
1.883597
11.754046
8.880835
-10.550736
10.909783
8.562440
-4.870752
-8.102327
18.843929
-2.092581
0.279246
10.316164
3.298621
4.811210
22.448324
20.936274
-4.217057
4.420184
4.554146
-4.002622
2.590771
0.858419
-15.167568
-1.999032
10.634432
-9.595039
0.934135
11.458270
6.755310
10.186958
16.478796
37.976040
-9.560829
10.335165
-5.797197
19.996124
-2.649934
30.281256
5.414315
2.805616
-3.841111
14.280768
14.480623
7.470129
2.770691
10.176789
-9.503682
1.817900
-30.263742
-4.324447
6.280519
-3.664495
2.045429
29.270285
-1.466813
-11.337791
6.304749
-6.467976
0.564520
-0.674318
5.494182
2.077177
5.595968
4.472070
24.030844
9.885210
-21.505548
17.665409
-7.007591
-4.122233
23.874775
-4.195482
27.283348
-3.862377
22.250483
3.440463
-16.684605
18.434063
-6.807853
33.209339
29.599804
-20.496336
-1.969369
-4.035528
25.431799
12.004808
3.220764
-20.850397
2.080498
21.117746
7.245304
31.834091
15.514617
-18.667257
11.738936
-3.613651
5.921802
10.911419
8.366373
-6.957938
12.277536
-19.312456
1.411715
19.658251
14.250396
-10.265639
1.481936
-4.848100
5.288698
2.038814
-0.098205
2.892913
6.426108
5.597664
-4.416208
12.656005
9.468204
26.460203
3.350475
9.034268
-0.301309
-8.684451
13.168419
23.166098
14.289182
5.934052
10.361006
5.123036
-3.564054
-12.574925
-17.342621
-5.954218
30.045818
7.134219
-17.068977
-2.880465
10.130378
8.962285
-5.578552
23.531534
12.601341
2.011945
10.136150
20.423401
-7.575622
27.654205
14.076741
6.209629
9.827696
18.184847
9.194207
5.607556
-15.043113
22.544847
8.648787
9.451856
6.666154
-0.710491
4.606929
11.837396
11.055058
5.729000
8.376968
8.544737
-4.728756
4.079609
-8.101516
-3.016579
-14.993525
-17.377380
-3.699343
-11.511532
19.767912
34.632469
23.296883
-13.014059
-2.482010
2.989893
11.960753
2.984599
-4.531508
-27.202736
9.790731
-17.203308
-6.260874
10.221327
1.019732
41.831387
10.175456
-4.423991
16.272327
15.385618
1.706651
8.696141
-7.048994
-5.835829
-8.061710
-12.626199
11.835230
-14.848213
17.263342
3.204566
-21.660303
21.720472
0.488183
9.177025
-7.528237
7.372671
-16.740974
-5.149375
-4.137252
-1.648349
3.337253
-3.354620
-1.349827
11.871847
2.535942
-0.819356
-15.797359
4.134775
-18.207239
5.507679
6.804437
-3.049805
-2.756518
15.526281
-9.621212
-3.567247
18.159048
-7.050059
3.379147
19.286064
-13.100214
10.419411
13.415191
-11.650239
-0.677970
0.895223
-14.084888
-8.569437
-0.327040
1.627079
-0.511313
-15.247749
-9.168867
-4.833508
13.733336
-5.205871
6.090106
16.969954
8.172127
-11.760003
2.101555
4.332716
-4.226347
-4.702351
19.832563
3.055566
-6.036761
9.038548
-21.975468
12.273921
6.220737
-13.949122
7.147313
-0.500226
4.110953
13.171961
-9.985186
21.642248
16.606764
-11.180167
5.226618
7.613380
-2.381728
8.782984
-1.852982
-14.428995
6.026683
15.036785
-2.287006
0.065738
-7.370294
2.611291
-7.229717
15.921443
20.985296
-13.589478
12.373946
22.313965
-1.777579
1.782793
11.282171
-5.608475
-21.903950
14.910245
-11.916034
2.954525
11.365818
-21.488663
16.781141
13.310945
-20.387022
18.907305
-22.528723
32.578304
-7.631000
-12.514607
15.361763
-3.295418
-32.016674
34.293591
4.159781
-5.514855
-2.084390
4.502813
-4.977303
4.237624
-5.472732
-23.750607
-1.032372
-6.935017
-2.994213
1.767642
3.128882
40.891724
-2.142484
-0.925131
1.015284
9.872834
10.983434
-4.018590
-6.029234
-0.954007
10.617043
-4.242458
9.379735
0.761244
20.940571
11.538397
-9.967984
18.324945
-19.623787
3.998598
-5.036254
8.249595
9.210015
-24.710661
2.106704
53.743031
8.313251
8.458516
-6.662248
-5.658137
23.975386
6.012162
-16.845991
3.966711
22.775871
-11.561193
39.490688
19.001848
-0.515278
9.138174
5.764290
19.191265
7.097879
3.851841
9.327558
-6.721859
-7.236871
1.585042
-8.727360
-6.371737
-12.395772
-20.121052
7.368656
8.523041
-7.112878
18.767221
1.847169
6.420603
6.949890
12.692054
17.906046
9.663866
12.037719
-8.976934
17.584118
18.754433
-3.568142
16.319763
13.887968
38.483765
10.965613
2.374107
6.911309
15.052193
-8.557499
-2.941101
2.380727
26.919018
35.259384
-6.859133
9.722459
9.547448
-4.383748
8.411394
-5.874788
4.637652
-15.688321
1.255798
-3.877228
16.226126
-14.872221
8.633677
14.599925
-4.816390
-17.411520
9.920026
2.209179
-6.553052
6.020593
6.043020
7.967023
-34.662300
-2.512967
-3.919666
-4.841855
11.401248
6.424603
0.338818
14.905970
-10.418957
-4.060754
-6.417127
-1.602691
-5.108704
4.710553
-5.413445
8.953716
-3.250368
11.470901
16.331890
7.481891
11.824485
7.121929
9.439306
-7.937156
11.466565
-6.121886
0.608432
3.878267
2.037557
-10.005138
8.213896
8.888954
25.071695
0.284477
15.211727
11.845898
4.089155
19.705536
11.079465
-15.557360
-7.468914
-11.803617
13.565409
-2.870886
-9.003460
-15.680384
16.600182
21.019236
-10.045358
13.127969
10.725040
-3.294465
19.048405
-2.400154
11.412965
-16.451262
-11.439230
2.860084
-24.801310
-12.619005
-2.747020
0.082922
-14.954679
-3.090053
1.208834
16.241173
30.781998
-10.419193
19.367601
-5.281278
22.121386
-11.068266
2.260095
-27.044491
-7.518123
-11.351802
15.940957
-14.694176
14.628370
15.616012
-12.696162
-6.463495
15.158865
-3.082911
3.148148
12.350780
-18.608751
5.062935
9.342156
-1.578274
-7.139697
3.444702
18.018665
-9.340369
9.082818
-12.567842
3.128175
22.000242
-7.354137
-21.274836
-2.865744
-9.299448
-10.154524
-7.684990
4.702477
9.247828
-1.354515
-31.408842
-9.752106
13.133096
27.213297
0.538075
-10.830235
-5.609396
4.750188
12.905925
8.708880
9.652431
-11.564474
7.114313
20.464485
10.222580
-0.116821
-7.235880
18.917315
-16.299412
-6.076130
2.037347
-16.123617
1.283617
5.205846
-8.083550
6.976757
8.885824
-12.221550
19.743351
-13.034207
8.433405
10.316269
-13.292389
5.588302
-3.957241
-2.944158
10.617271
12.382539
-0.161439
12.603132
-5.273785
9.589764
25.791988
-0.163582
21.603598
-13.219463
8.031232
28.861103
-17.477131
-0.079402
5.105941
5.593082
24.504625
12.911543
-1.775393
12.641558
-10.399113
4.317323
-3.057107
10.373547
-0.724068
-7.546581
13.395990
-10.603651
13.357354
18.144722
20.850914
15.221678
-0.721863
9.459611
-10.517222
12.351192
13.857559
1.096009
3.480823
16.023094
19.973074
8.368479
0.397073
-15.204035
-14.233867
6.107859
3.952327
10.274529
10.479313
2.127671
9.689093
-22.501444
17.241226
-12.359684
-10.825859
-0.736521
2.515137
4.535738
-16.880211
19.083527
7.850318
22.348265
24.126932
-10.290360
-7.340230
26.773285
7.180809
16.160347
-5.849165
-3.065913
15.751261
4.985061
-4.838777
1.208784
1.487639
14.961546
-11.663740
-7.448204
17.022411
9.574021
0.978728
22.856232
1.584782
11.497021
-6.172916
-5.956958
5.326201
10.621740
-30.517040
10.544368
13.950264
-15.406015
3.241462
-11.469272
-11.592054
6.371377
-3.119483
2.800514
10.696508
-14.806936
23.737621
-1.674225
-9.634070
1.760188
-0.570107
3.370919
19.831030
14.203626
4.207815
7.862846
16.827229
20.147667
6.786418
0.710227
1.796312
-11.362691
1.368867
12.078763
15.006510
-17.214354
-5.669783
-2.875261
-6.619348
3.692704
19.073038
-11.924992
12.775779
-13.548906
9.054243
-13.716030
-8.464216
10.538704
-11.410947
14.554235
-12.109080
0.731956
1.042732
-1.224416
18.058929
10.581465
7.974878
9.975678
-8.376333
11.718944
-14.008402
-10.343809
10.861819
-2.894995
1.484658
1.168364
19.662586
18.564390
0.963460
-11.962216
8.311104
20.299778
8.421337
11.105039
10.921231
18.106768
-7.290702
-2.174307
21.011816
8.648838
2.354619
16.158297
-0.095445
-1.118814
11.750387
4.610530
-14.957529
14.393245
3.144110
11.137554
26.609758
10.334642
3.976750
15.377891
-6.083762
1.224790
14.977952
5.738405
13.626301
14.489092
14.137316
3.677984
-10.035770
7.990654
-2.466564
3.297943
0.411042
25.716202
14.318499
-4.252292
9.728567
0.896010
34.319286
-4.672145
2.025304
-5.559003
21.270718
8.907333
-6.291911
-6.897739
14.894156
-1.461522
20.350710
14.701347
10.557390
-2.453823
-9.405689
0.357553
2.469111
-5.539660
-23.563637
-18.520319
-3.444084
10.282927
25.227999
-7.377737
5.136971
-5.198462
-21.805063
9.860240
7.970447
2.957253
10.041011
2.522100
21.224335
7.750816
4.815748
-15.545987
7.007260
0.073192
-19.783033
-1.510758
7.322924
0.938341
-11.144425
5.158250
-6.933376
-8.838346
4.488966
1.012936
-2.076860
11.901370
-17.523130
18.159006
20.561020
-13.808367
-23.980446
12.784852
11.637869
-28.206320
-15.723147
11.839482
29.742624
1.881704
6.210549
3.057499
3.552207
11.893196
22.589912
-13.530046
-1.733648
-4.583893
7.395390
9.813820
24.981684
2.707906
-16.417685
-8.213131
-30.046080
-10.503510
9.329041
0.848823
-16.343536
11.413902
26.503704
-8.463589
8.552377
-21.346600
-19.787260
-18.077057
2.412471
-3.204693
-19.096708
4.720932
-5.727091
1.679755
5.531310
14.768441
0.483879
2.565501
26.982721
-17.055254
4.730370
20.152388
15.151616
11.110117
0.889299
5.490743
4.545757
-18.505838
14.050551
2.136360
-2.868826
-16.118792
4.034226
-3.560646
6.092893
13.110842
4.143264
-4.431408
11.885055
11.250072
7.601408
22.662949
0.234513
-5.775004
6.231947
15.311036
-2.591572
1.832525
-0.913958
-4.732749
3.827404
20.967743
4.461827
14.044838
12.402085
-20.452806
-3.308043
-15.067240
12.148885
17.190264
3.320707
-0.029218
-2.230210
-10.360809
31.853853
-18.490288
0.862142
-0.563540
-6.740497
-11.800198
-16.955780
10.861135
16.956879
-8.883950
5.774992
19.911377
-0.346509
22.091019
3.451032
12.932357
2.170961
13.200702
0.377278
-4.144687
11.451902
-8.535978
-5.502293
9.380686
-7.929141
12.782720
-1.061771
-1.316343
27.040796
-6.848895
-8.228945
-16.739719
10.400474
4.857886
-1.075813
4.546564
13.774404
-0.627299
-3.546980
1.134047
-0.464379
-12.361532
-1.689978
-6.413403
9.340572
16.807793
-3.581619
7.824350
-7.924058
11.959221
-3.426437
-3.032117
-2.908884
11.731084
-9.815355
3.800839
-4.389908
7.824710
21.195597
0.070222
8.697928
-4.013827
-2.412073
10.683783
2.667324
-13.753144
1.355277
-24.240009
22.746740
-7.313593
-4.267524
2.569818
16.690348
18.143703
-10.986823
0.146203
-2.865727
16.700916
-5.668315
-4.938591
3.785954
-1.162777
13.028461
19.600235
7.787733
11.846793
-4.944280
4.836353
0.272526
-17.515827
-0.171133
4.324603
29.863010
3.754750
18.544569
12.157330
3.305229
6.218192
16.765549
-3.767368
-0.367306
3.680809
1.325324
1.696445
6.421108
-13.619853
-7.251808
-15.573064
-7.426829
10.492178
6.459056
-4.749957
-27.843542
19.314432
-13.522470
11.060995
-5.864192
-1.866247
-0.300809
-7.025388
-8.656345
3.707503
25.627684
-2.307725
9.272645
-4.075476
-17.906393
15.793186
12.019790
-20.454208
4.712807
15.240190
9.318518
21.439610
17.401421
4.266037
-1.243521
-3.820668
-0.830735
-1.525796
-0.954210
-27.969378
-4.618166
8.198158
25.446280
-10.552900
-1.181495
-10.734179
-8.416085
12.739506
0.276475
21.514339
-12.824026
-2.841436
8.163878
-23.066273
-12.089546
3.907406
18.191231
7.134696
14.363379
-19.797171
29.635834
5.952387
-3.854564
3.945683
-20.169903
-5.935077
25.263678
-35.748287
-14.494048
1.059564
17.434830
3.995834
-23.264616
-23.150408
6.244199
-0.594219
21.469067
-18.318069
-5.704262
5.747168
18.443264
-12.608824
14.780556
4.358047
-3.407979
9.955520
-6.039095
10.978490
12.710855
-7.309122
-17.443474
-2.733094
26.098864
-10.109340
4.209803
1.398938
6.735657
-8.368241
-2.707845
36.277493
-1.677634
17.507513
6.697363
11.496579
2.362867
-0.574808
-2.112318
-7.323541
8.287785
14.407222
-12.925569
12.186302
-20.776373
-5.038125
11.425802
2.926570
3.470738
1.438895
-7.916178
4.187282
-7.539312
1.235762
-3.193809
-6.729104
16.980423
17.405851
-10.276676
-5.695340
5.424684
3.401844
7.782118
9.517907
-3.370556
0.542122
23.167749
8.754146
5.682068
25.830046
-1.875489
15.585591
0.057687
26.510057
19.941645
26.743547
-1.315929
-16.710024
-4.996342
22.123974
-16.747648
8.623557
15.285330
19.306288
11.072007
-12.042312
18.749838
-16.308622
24.765739
6.106004
-10.061793
-7.468165
3.561826
0.283802
-12.098962
28.690472
8.574697
-5.492277
-17.899229
0.496309
-2.014975
5.045559
11.493218
-15.272964
-17.925428
2.511246
2.340390
-0.744406
9.244158
-7.662362
-19.141977
7.789010
-14.121008
-3.707681
-4.207498
8.543674
10.275675
-7.164624
-4.976500
22.873163
14.181958
18.997227
9.442138
6.308784
1.263596
-0.832830
35.912731
20.634289
2.165308
-3.017421
-9.872867
1.562011
3.641613
9.505180
-11.806055
-17.520332
17.867510
29.133543
-8.965832
-13.447742
7.611218
5.593306
18.098236
8.952288
17.075541
-3.079000
11.027694
20.491604
-16.588659
1.011612
-7.975050
5.177598
23.855049
-8.182927
-9.498000
-1.119646
12.992775
5.255285
-5.375393
16.823034
7.674069
5.937653
-0.844596
5.569628
12.497989
-7.995884
-16.766905
-7.539776
3.979329
-0.081951
8.719574
20.285639
-15.074028
14.510735
-13.331076
-17.417059
8.201747
-18.653961
11.955037
-2.462011
-6.433465
-6.674056
11.107046
17.795820
2.639823
8.092558
-11.041013
20.751963
29.524136
1.640770
-3.560709
-23.190166
3.760331
28.209703
-10.407079
-1.906393
0.560502
-0.350731
5.409749
-0.955501
-4.330337
-2.932260
24.100796
-16.618185
21.715801
10.512888
1.070130
-14.555690
-6.206234
28.229115
-6.210391
12.338523
-0.700750
22.533121
-5.567626
-9.690971
-3.792473
12.314375
-3.974312
-18.580256
1.842737
16.456991
12.733435
13.936403
22.773563
8.491137
4.253858
-1.019652
-8.037769
-6.884877
-2.040110
2.262124
-12.988722
-0.923761
-10.355323
-1.180743
20.896145
19.536304
12.145853
7.958326
-1.209992
-3.377611
-0.219244
8.219831
-2.082392
10.375199
2.473708
4.521266
9.052382
11.101055
-13.945692
7.502760
2.577393
-4.474373
-4.996379
13.296659
-5.450405
-2.517940
-23.573114
1.903908
-26.982655
25.209856
-17.092897
-12.336647
-7.415999
14.760058
-2.640557
-0.043887
-1.150824
-7.129045
13.112147
16.043079
10.331472
12.804368
6.154769
-2.956151
-0.524666
-5.590876
-2.368663
-11.025581
-17.401447
26.846714
16.768051
-30.176199
18.370495
-5.292509
4.067556
-29.829838
-12.055226
12.033137
7.031536
8.669690
14.387347
-0.008276
6.401150
14.824594
-17.877497
-3.610826
8.097969
-8.866699
-24.443281
10.084904
11.445500
-0.758870
-3.390692
20.130228
-6.496246
-2.341295
19.073326
-10.084469
15.611656
11.808655
18.099140
-6.788846
-9.715269
-15.566484
-12.241094
-10.357597
3.514478
10.888126
-1.543772
8.747762
-13.232426
-4.396638
3.414732
-9.112519
-22.781719
-6.249101
-2.413929
8.041368
-3.764725
-13.809893
3.370776
-7.197389
0.562733
18.165579
21.444916
-16.265951
30.973650
-12.380347
-5.703669
-19.563032
3.026620
-4.262588
-1.849848
5.270940
-0.847165
-5.939224
-10.865207
-2.594069
-2.156801
21.595070
-16.882212
3.019863
23.945669
-15.630283
-12.669068
3.800619
17.513361
-14.841866
-1.916602
0.824498
-12.149025
1.841453
8.659542
16.176170
-11.649006
1.183217
-10.232306
7.524570
13.229238
-9.035696
-14.467351
-6.965023
10.032050
2.100348
-9.801003
6.045435
-7.839552
31.247934
-6.421344
-0.933614
4.704736
25.211229
8.207494
-12.315709
5.242409
-13.836019
-0.321133
-9.196568
6.338622
-12.879478
-12.921168
12.689229
12.413130
-9.350771
10.548144
7.617714
-17.506090
5.601905
8.637835
8.061754
10.767105
-1.194641
-10.628090
-6.648170
-1.646848
8.229165
4.564834
0.894474
24.867020
5.544183
-8.317298
25.370955
7.465401
2.759771
16.846674
-4.270967
1.600039
12.994998
9.331577
29.959003
14.424754
6.407965
-3.587276
8.683714
-0.797011
-12.268178
-7.260262
4.883259
12.505697
-9.651717
20.271236
4.954628
-7.464650
15.158745
-0.814470
15.408946
12.997196
1.050854
-20.200548
-6.612823
7.832295
19.241201
-8.092144
-1.273476
7.784770
8.260016
-2.496571
6.973534
-6.992271
9.263938
21.778681
-22.984467
29.847767
14.332921
9.573016
-2.525930
-6.432384
5.678619
-21.764034
-2.880197
7.038697
15.524303
-7.938378
1.239772
0.886779
-6.300443
20.504078
-12.958209
18.355377
22.778130
4.903793
6.993762
-22.748245
20.557280
-11.903829
-32.241962
-20.442831
26.025129
3.314608
-1.357305
6.824889
-4.581010
16.030865
-18.424368
2.095431
10.236310
8.562173
14.888568
-0.336151
26.575949
15.198388
-18.062960
-2.524383
25.594133
6.059121
-14.850315
8.183887
-8.905420
-35.296543
4.509286
29.513203
5.829535
21.982191
33.177391
-3.608902
9.547606
-4.070043
0.128705
-6.365386
-5.754375
-11.032946
3.092969
29.515497
-1.342688
-20.116949
35.086754
8.460658
-4.270659
13.187358
-1.864676
5.772327
-8.844173
8.229508
19.289127
-4.105661
-10.809708
7.767788
3.477998
-7.825748
-16.511808
11.317515
11.040209
-2.392572
12.230814
8.826640
22.615301
0.306498
-0.212121
-11.439878
14.290481
19.496355
9.949742
11.890203
10.415541
5.840800
3.684816
-16.819571
14.269215
2.273020
6.860805
-12.069123
4.432985
-4.521897
-16.567661
18.506821
-0.597936
-17.229906
4.501948
-0.003097
19.801680
-12.984614
17.605768
-9.241714
-3.751973
20.460043
-2.646120
-3.719308
-2.275696
18.603046
-4.631442
18.967789
10.088844
-1.032619
7.724741
-1.067653
10.546410
-12.695599
7.501924
-10.158439
7.199736
13.420191
12.451839
-18.358557
13.899127
19.031254
-12.499070
-9.074524
11.763640
-8.612589
-1.901175
0.947263
24.926208
4.721285
-5.706645
-14.433012
13.297915
4.936196
-13.856585
8.247774
8.928426
18.129118
7.552217
10.884495
-6.894320
-3.025639
-10.676049
8.595356
-28.206816
2.666817
4.995156
-3.019688
-4.473136
-13.874162
11.752926
34.325809
18.629070
7.753122
-21.670954
2.980517
-12.817355
10.956182
10.782687
-31.423847
-17.437994
7.692881
-3.424978
8.287141
-6.837289
35.823368
-0.794625
18.056892
-4.409491
10.704364
17.789204
-5.587666
17.351976
-10.411209
4.316615
16.028770
10.879947
9.434225
-14.520436
14.714286
21.268593
0.999570
1.435849
3.470881
14.441507
-1.794315
1.898159
17.386513
12.998852
-7.761445
13.649777
-24.747068
2.165104
5.555544
-15.193986
-10.268003
-18.424967
2.535160
-20.250511
26.763466
23.795952
7.639792
-1.209001
-15.741177
-14.672112
-3.208241
3.756282
-2.468663
8.941641
-6.289230
0.648621
10.178215
-3.323508
12.025494
-9.474837
-12.301234
-6.795962
10.239856
-6.655742
16.273731
11.143509
1.725425
10.501379
-15.075527
0.251996
-13.725209
15.446748
17.759243
-8.765310
11.399747
12.877413
11.562671
-3.492246
12.996434
4.754080
-2.762665
-9.389622
5.598444
-16.250107
-0.303122
-5.912457
-8.799704
10.955932
-8.158719
27.023434
3.007555
-2.635674
11.450686
7.986468
4.114568
0.117328
4.295429
0.311472
-9.040718
3.935311
16.303289
-11.170558
3.356324
17.946611
-10.620895
-19.087288
12.550283
18.772371
19.541246
19.908337
8.967817
-8.408448
11.138000
7.174590
-25.391205
-14.837141
5.644471
6.798381
14.993041
7.094860
1.172057
-17.257010
-0.820716
-5.541337
20.886082
11.598238
-17.394075
1.124874
-27.822742
-7.780825
26.155842
17.758352
5.280702
-4.605261
6.069064
6.066027
41.928535
5.462301
12.743329
2.871117
-12.778207
15.219557
8.895993
15.481679
-0.158832
-4.072963
-11.619590
4.060714
-8.331341
-2.137144
18.948736
14.293665
-11.208082
-22.050022
0.693548
16.042469
16.152861
-12.574391
-6.802645
-4.628888
-3.314600
31.253912
6.635890
4.224661
-14.622050
9.902995
7.480338
19.089535
0.278638
-0.647698
6.211655
0.002491
-12.481054
13.570241
10.437480
4.017960
20.664326
-10.514757
10.459206
8.985717
-5.302137
-14.823970
13.942933
-7.838597
5.227533
-14.257128
-8.337439
18.390066
14.181980
-2.343875
10.147228
-10.793152
6.805134
-7.716765
-6.091542
-16.539408
14.242993
-9.744943
8.074741
2.212143
-3.411199
13.312452
-17.922619
2.215232
-16.882593
10.995955
6.266593
24.410425
2.048629
6.374182
-17.848255
28.168413
-5.045965
4.165520
-7.451636
8.493200
14.914133
6.145136
-10.144221
-2.962443
-7.004731
-5.560449
-26.423391
13.564549
3.760317
-0.199072
-15.943821
8.920629
-6.955961
4.742278
6.124059
12.734347
-14.412829
9.830984
7.938260
-3.374339
9.302858
18.029413
-0.653417
-11.929006
5.643147
-0.795233
6.491351
14.956954
6.944834
14.916162
-1.964938
-9.641320
1.997546
19.938337
9.549677
0.217236
13.045644
14.898839
12.392100
0.970579
0.776772
9.682793
-3.704709
18.269255
8.606842
14.078578
20.239941
-2.264380
9.763199
23.190529
-6.873107
-10.083554
-1.929540
-11.856009
16.703098
16.574959
-6.810049
-3.703843
1.272344
6.122034
3.730382
-2.846121
-5.812962
7.763076
18.133478
-0.801928
-7.999298
-15.902646
-12.742866
5.516252
0.423485
9.940899
-2.181748
5.232316
4.223622
-3.704306
21.322601
-9.412560
14.352386
2.815639
4.266711
5.477551
-1.144422
12.664483
-1.982773
5.852763
4.075733
15.686491
7.572622
-30.967894
8.137498
6.409509
-5.437420
-14.765158
-15.457541
-29.890669
7.074559
2.012224
-2.202341
-3.919232
-9.776237
-22.705345
-1.777455
-14.655699
-1.208742
11.730416
26.425484
-4.108943
0.479370
-10.151155
11.404556
11.891847
2.009920
9.209910
22.006371
0.304835
8.513011
21.499809
4.075284
13.882737
-21.647675
21.779312
-27.912567
11.422022
15.179625
-9.336585
4.445203
12.307748
-3.890046
2.733954
14.968473
22.604502
-11.219694
9.331257
0.324647
0.100067
10.030922
-15.975234
19.779705
-2.924111
-12.457363
-0.321247
5.133757
4.854964
-10.708290
-5.925134
-6.090450
-8.449517
3.317868
3.231716
-2.835979
3.370704
26.685215
5.000001
23.719259
0.908624
5.812857
3.375029
-15.266020
2.779827
6.813443
-6.851692
13.782585
34.660366
8.665486
-6.664187
-0.792611
-16.498676
16.892952
-6.939861
25.652426
-3.078861
-22.316204
11.560748
-5.692376
6.367322
26.738001
13.728759
5.494480
-1.354051
9.682225
5.912931
-0.651107
-8.131659
7.415248
-1.951449
-11.163142
-0.399938
4.252884
8.552129
33.424942
17.354372
14.110634
-12.115593
-22.953573
-17.278749
29.673626
-8.177921
6.998802
6.633310
15.500531
22.762154
-4.901584
31.269382
-14.118621
11.490150
-7.801516
-0.383939
-9.859253
1.814372
13.073604
-5.474726
-7.171693
-1.864160
-5.860289
-29.089825
14.685694
0.070143
9.492228
10.107521
2.441024
4.506619
3.735532
-8.728871
13.817223
20.383717
-6.443748
-15.079083
5.089390
17.601398
11.190257
0.954069
2.731669
10.864890
-0.516974
-1.065992
14.534051
20.069157
13.791414
2.638253
16.143780
-28.837841
-4.551707
-11.739730
-1.036041
-3.486464
2.060677
20.797689
1.530722
-4.335275
8.378968
5.432475
-9.982749
13.979237
0.002412
-18.156309
10.075962
-7.110170
16.636536
-16.147678
4.246013
4.501343
-0.064475
7.259908
3.487629
13.469451
-3.946396
-4.076468
1.053818
9.495640
14.967366
5.768853
1.358095
22.756821
-0.595146
10.037538
-3.318462
12.683515
16.594095
3.237305
11.502420
8.417643
2.650190
14.137522
-2.885692
13.324033
-2.224398
-20.659184
-10.230833
-4.749839
-5.263483
-3.450869
31.624802
-5.907143
-5.479084
11.577088
1.011879
14.285234
8.234906
17.097115
1.053051
10.640910
11.591218
4.016987
1.785380
-14.440784
24.888647
-15.236960
-7.279788
5.073699
14.059743
13.111365
-3.534940
-15.809180
15.497561
-2.529771
-6.652878
18.632711
-7.631245
-27.659426
13.688708
16.103199
5.166414
4.471539
12.503788
16.313334
1.388053
16.845081
6.016802
7.116771
3.608607
0.832504
-0.815726
-0.373131
4.785588
-8.083858
5.544145
11.095331
22.007690
16.037544
11.924403
1.199578
-17.232746
14.769245
15.975657
-1.618331
1.878131
-3.956185
25.594923
-0.180467
9.613406
16.591383
-6.562852
32.591709
6.068346
3.454433
13.222534
-7.378067
21.212296
11.118327
9.903120
17.769161
5.029737
5.798889
11.619846
3.365018
-11.666245
9.014677
7.716395
23.626839
-27.515282
-19.318190
-3.896128
-21.715885
12.894094
5.981227
0.288480
11.756691
-13.673240
-19.609373
15.171564
-3.995673
-1.679652
23.474731
-0.285743
24.953508
19.658104
18.373985
-2.707156
-21.674482
10.739641
8.769801
-4.698447
18.562090
15.588906
-14.604479
24.738916
21.141869
14.567008
-8.972569
-7.185411
19.264038
12.905721
-1.613295
-21.365002
-6.400141
4.908765
14.038304
19.026268
25.244476
10.436002
19.885406
17.210201
-21.775606
-4.594499
0.948332
0.596112
-27.089207
27.993601
6.012425
7.679329
-6.726120
-1.303511
3.134714
5.139670
-11.830787
-1.748428
9.118812
8.920354
-19.493761
18.460985
-0.779049
10.797732
-14.260488
9.584947
-7.255101
4.725423
-6.703389
15.987081
-5.195028
10.337974
2.890361
-13.514480
28.072031
26.535315
29.166651
6.372519
-19.323055
-6.410065
-9.231496
3.229182
0.050973
-10.716332
13.284525
20.045849
-10.758878
17.689896
-16.657608
0.181586
9.066763
-23.142927
-15.385103
-2.114269
8.639524
12.454292
14.868138
2.056701
22.035717
13.955662
4.155746
-0.100744
-30.515568
-1.333181
1.742643
30.421284
5.414708
14.117486
-2.895332
18.808617
-2.064642
12.779626
6.463755
10.787775
1.665598
25.123158
11.668204
-2.274136
9.711143
18.344524
3.414466
1.762369
1.929920
-5.152267
-0.638897
3.475255
26.742821
-6.623091
-23.469658
14.396730
26.921139
10.470740
0.818195
1.227751
-1.707054
4.238270
15.347034
5.296374
21.544098
21.412193
19.358009
8.227586
-0.912092
28.251108
14.565044
-9.579841
21.671471
-3.844889
4.343923
3.958506
19.807924
12.286635
8.272946
19.845987
10.242558
-11.427211
13.593842
-2.256628
11.020777
34.763996
19.262480
4.636697
10.045744
22.016409
-11.943945
16.174431
16.141865
-10.587870
5.386695
0.521548
14.981423
27.830210
-7.160738
16.160053
0.345325
-11.313833
-24.273090
0.769781
35.990887
-4.842903
5.114548
-6.248815
9.348768
-4.214223
19.270821
-12.269099
-1.362412
10.308016
4.583721
-17.570986
17.766951
10.892338
22.117136
-7.945057
11.436785
-14.226562
-6.947376
16.211920
8.681704
11.111100
-6.200329
5.060257
-5.507329
4.944140
11.174905
0.496040
-30.086878
-10.469078
-6.172725
15.312567
-9.921023
8.730805
16.310677
6.412587
19.868458
-3.835958
-2.508398
3.740618
0.593484
12.452760
7.868970
14.570780
-14.483043
-1.021522
-2.139505
7.363367
19.184984
1.359439
-10.513127
-18.565973
-9.395538
19.784668
-8.469398
-0.630282
-8.137438
7.988884
0.389151
-2.176703
-7.026670
16.774202
-1.675777
8.146357
3.123592
3.891697
-3.569748
-14.204779
3.634777
2.312450
-14.993808
7.112839
-7.476706
9.064914
19.452639
15.438080
29.970818
-9.063080
0.293161
9.629101
-6.452467
-5.943795
13.541817
6.368149
7.411485
34.806911
-2.652670
-4.763781
-8.967638
17.989641
-15.489616
1.234522
1.391695
2.924431
-22.484707
11.466119
-18.759710
21.490845
10.030422
14.123698
5.295366
4.318750
10.916315
-20.341476
32.486923
16.402851
4.531577
2.544404
-12.765567
0.222685
30.259354
-11.924996
-7.228495
15.894295
21.194889
5.214613
12.297914
4.071255
3.941170
-8.644309
4.054253
22.423872
0.518634
25.047642
8.250816
-1.040783
30.647417
-7.102809
16.288397
-7.965099
-10.616491
22.875105
-4.279308
19.543253
6.261442
-8.537833
9.273484
-3.453746
4.037017
7.515676
5.291951
7.569964
21.434591
12.020172
-4.348124
-10.074776
-2.503936
-8.818498
-14.192065
-26.245493
-10.726477
23.254913
15.313962
8.673779
-7.024340
-1.238600
-10.405276
-1.023140
-3.257573
16.953129
24.578825
18.211737
17.635193
13.529894
-26.368055
-1.832713
32.865086
13.295351
13.802829
10.654366
25.710909
-0.516469
25.375887
-0.175629
6.779897
29.506226
7.840944
-11.772757
17.662830
0.511979
3.371516
-2.210549
49.015968
-23.235479
-17.905535
18.805504
11.939952
-15.409409
-8.181241
-2.319565
1.057837
14.405964
2.121770
30.804930
15.528511
5.962726
-10.977374
-1.970111
11.752651
-3.332150
-10.239470
0.238390
7.141829
-9.919730
15.475575
5.914691
-8.219188
1.257185
5.356928
10.047456
-14.882080
9.818671
2.457729
-29.111994
-9.536570
22.135683
-2.276636
0.324947
4.622020
-14.194103
9.113668
24.849966
-23.335068
11.212264
7.627378
-1.184441
2.263139
-2.300207
5.963023
6.745349
-12.122630
16.336355
4.049865
19.060181
-22.344793
9.554726
-4.297918
13.091334
2.244194
17.856043
21.595427
7.524328
5.630500
17.566238
-13.129880
-15.022188
15.894360
-10.850275
2.259043
-3.515152
-2.903954
-11.907460
-17.146147
-21.009104
-19.024906
-0.002199
-13.056339
-3.267484
15.449000
-1.291082
-5.747713
-3.465955
-3.971007
11.250303
6.182201
-1.287366
5.607504
1.551355
3.699106
7.374293
9.643633
4.190593
-4.701674
-8.989184
20.092789
-7.862951
0.441771
12.179615
18.835522
-1.672044
7.529570
28.753809
5.346122
7.609246
-7.050523
-25.140749
-5.904025
4.158496
-18.291483
-4.940099
-4.101491
2.549988
7.049983
-6.310766
-2.461336
-17.858284
20.327768
0.495039
29.269201
25.210157
-15.174162
-3.409470
-9.005879
-3.398541
0.276157
7.562478
7.472955
4.199539
10.129531
5.043565
10.698133
0.446382
-0.898936
6.120612
-0.763077
8.938359
10.663309
3.360955
22.973293
-2.902171
-26.052744
10.773102
15.743870
-8.754936
24.328674
8.749174
26.432888
-4.970258
22.849386
16.680960
-6.217902
13.788865
-10.350636
1.362664
3.211434
-11.593719
1.892292
37.081989
-18.443714
14.373821
21.237257
2.583343
3.778666
14.703020
26.839314
-3.660630
-5.776352
17.132172
-6.108659
-17.247841
4.401879
-11.188102
0.934586
20.932632
23.146091
6.024359
-6.260431
12.872925
-1.533930
-4.280849
-17.172079
0.536549
-1.185330
17.192375
15.249008
-11.521569
8.204737
9.011544
16.830946
5.641759
16.783903
-21.551245
0.931114
-19.493055
3.424268
3.218376
9.429201
22.443750
27.299950
9.727261
7.479247
-1.890248
-5.597853
3.999495
1.845801
3.234616
12.763338
10.369819
9.477967
-17.410301
-4.611153
-9.921156
10.452529
18.457405
-9.812224
23.411356
38.676235
22.106274
7.961913
2.500401
20.774162
4.432215
-25.347298
2.842325
-22.565311
4.162477
-7.087225
11.769542
-12.932917
-0.829724
0.419547
0.092107
19.353624
-5.400600
7.724274
-6.517254
13.730588
-9.342412
11.291293
19.101007
9.448266
-0.064335
-3.709734
-6.416707
-2.709144
-13.517314
4.581972
-5.878887
-20.786520
-0.162005
25.741184
12.765742
7.118226
-7.884097
-13.168152
-16.726990
27.587366
-7.900317
-1.603600
-14.517975
5.612077
-0.754425
-1.605658
5.148026
-4.998456
8.318209
0.449402
0.385895
-5.085904
20.079025
-2.010532
20.160082
-6.447386
8.125774
-5.234641
-0.480285
-21.189192
50.584438
-2.925571
-1.399962
30.259699
18.717699
-2.648254
-1.213841
-17.754734
-14.566276
25.191532
-9.542300
-17.111820
8.137689
-6.002169
7.417279
12.233737
-6.691224
-2.396667
21.274855
5.922596
-9.149057
1.170250
8.008500
9.940182
17.640654
-18.700420
-8.199876
15.985968
-2.667196
8.992017
16.380957
4.936797
0.791248
9.896276
4.165706
10.277496
2.580095
-2.248078
-9.532361
30.262659
9.387939
-2.836864
12.125761
-37.265953
8.019011
11.674611
-16.444809
12.867155
11.211966
-1.768860
21.578146
4.299016
13.633121
10.449614
28.510715
37.842056
9.442547
2.075382
19.450256
9.212605
-5.493181
7.122437
5.446753
23.527689
-3.217741
-13.173229
14.672380
12.888776
0.128960
6.678652
13.378359
-2.494561
3.089926
26.789398
10.211112
29.125784
-0.575294
-6.993536
9.242777
-11.132905
-1.416824
8.254670
4.878776
16.120613
1.402120
7.932232
-11.799309
11.167106
8.278172
12.792664
10.560416
10.382751
28.050983
8.455964
31.234945
15.642629
10.200719
1.682387
-0.521593
11.681599
15.161861
6.669782
27.493216
-6.650975
-15.142876
-14.793330
9.871869
13.811374
19.139294
14.138719
7.563499
-18.222324
-15.379894
-2.480324
9.157049
7.169289
16.572720
-6.169861
-15.368225
-0.165094
10.787320
-10.577503
8.165896
-2.473476
11.210213
14.948441
-1.929482
0.219881
18.196280
-10.173806
10.326091
5.525888
14.285774
-11.183305
12.951912
13.677264
-7.167915
-3.436788
-5.140834
-19.961826
9.344303
-2.977156
8.166716
-5.794796
19.997192
3.813454
-3.492855
7.115274
-11.187043
1.641822
36.344902
14.131292
10.336123
4.529876
-3.524289
-0.367590
15.749068
-4.909903
-7.287354
-2.794771
20.893301
35.442837
-8.166941
-7.654833
-25.401474
2.799020
9.618521
13.757739
4.905358
18.342175
-6.134249
5.327595
22.189804
5.526981
11.066946
2.414558
-7.562593
-7.965916
-9.806068
0.563031
4.145988
-15.418873
7.184320
-12.068450
17.791351
7.518382
-8.665644
-26.327959
14.256924
-6.812079
4.603200
19.559824
9.317083
-6.895535
-6.535525
16.790901
-23.847107
11.561684
4.702480
-14.503949
-9.277089
12.826583
-14.119163
-1.869196
11.635626
-3.110785
23.937941
-10.668180
-11.954859
17.496342
1.409076
17.235519
-17.534531
-15.761552
11.101554
-19.176857
11.921706
7.498539
-3.877095
-0.797532
-1.279041
8.909862
-9.701953
19.703331
11.859702
16.159857
-5.913817
-11.837915
-13.676341
6.750921
-3.402189
7.642164
17.404245
14.828228
14.462973
-4.415441
-9.140025
12.367990
10.538980
21.473183
-1.515806
9.511168
-11.564034
12.380265
27.149887
2.736464
8.346836
12.429826
17.645788
-22.947510
12.943946
15.790026
15.949416
11.273889
3.407867
35.561359
13.321143
10.829064
2.818741
-6.795719
-11.775878
11.829092
-8.088547
-12.379722
19.648745
-20.768919
13.515368
-9.550586
-8.358149
9.728834
17.121269
1.326403
-3.544219
22.770777
-15.456256
-2.539025
1.903357
19.880365
20.050589
11.876472
-0.035617
14.509942
0.378689
-10.963238
-5.399047
9.979972
-6.890315
24.856335
2.124618
11.838602
5.340180
3.313650
12.422470
0.285757
3.512457
7.460754
-13.652533
-3.848746
-7.291903
-7.556616
-2.321621
-23.080345
-0.414480
19.734549
-4.331142
-2.157272
-1.660306
28.750925
3.558495
-14.896729
-1.104507
27.020756
-11.683156
2.612623
-17.390413
3.966789
6.412030
2.808209
3.129827
-13.908144
20.397840
6.340205
-18.702053
12.163610
-10.096543
-1.642188
24.577791
-0.283355
22.604124
-16.531717
-11.821762
-9.464527
-0.488729
11.902264
-3.059491
-20.792007
-2.400764
5.977199
-3.465175
-2.586259
8.719617
6.708630
-4.207388
-12.660954
-9.620129
-9.184121
5.575975
7.991760
3.858350
3.381292
9.893414
19.034664
-11.104576
31.004305
1.769876
-5.165183
22.627106
-3.605215
-24.620909
23.606661
-14.988132
4.186016
14.114446
11.374755
-4.846638
-7.821034
6.852461
-4.021785
-4.463823
42.521420
3.074657
-0.913040
8.065001
-12.423984
0.121513
-12.188118
11.136913
6.845748
0.359475
1.541214
-13.183868
-7.957021
3.898795
-7.526813
-5.553483
-8.567536
-14.982732
-2.097457
4.462999
14.074660
9.428384
11.037945
19.523199
0.171810
-2.241073
13.404241
-5.662644
-22.619089
11.316611
10.703406
-21.581394
4.016269
33.698792
-3.042432
15.188605
8.930064
7.474466
12.081978
4.669797
4.291094
1.438034
13.572167
15.217675
9.863333
-15.077581
-12.910732
-1.828428
7.735753
-13.452032
-6.345370
6.390573
14.729303
19.389977
21.787560
31.910692
26.701714
10.869828
6.042032
-1.087062
2.163249
14.720207
2.445777
-13.224051
5.055385
-5.045275
-7.215622
-2.662089
-18.698608
-7.654665
-7.137895
28.821890
-1.846060
11.635112
-15.117332
-13.907747
5.834815
4.143312
-11.449299
-10.363608
0.574196
13.964485
9.929064
3.432583
15.027980
7.316368
3.371786
-19.320419
-6.787016
4.641160
-1.353645
-6.181255
12.788082
-1.909318
20.358747
5.139997
3.562881
-17.378559
10.149470
-0.082287
1.297257
15.044691
12.406632
-12.486257
5.181586
-13.741626
15.010713
-2.987808
-3.536273
20.393167
0.993322
8.030861
5.232616
19.795200
20.291422
-1.090039
-12.234843
-4.592417
17.932306
22.797918
11.718128
0.686876
2.141689
1.952600
-3.844628
21.301825
15.516320
-20.477747
6.467503
-6.920178
-8.799870
3.381397
27.038982
-6.821205
13.632997
-0.593366
-0.422721
31.041302
22.290548
7.616784
12.660634
-2.737172
0.146536
2.481731
6.313167
-6.899618
11.247868
-6.509406
13.740857
3.139967
24.334602
2.690899
9.422752
13.967831
2.600900
-2.926630
6.485379
8.146725
7.761906
14.934189
-5.772883
2.289434
-1.445284
-2.895362
19.792633
-4.900431
-3.933685
2.927645
11.425088
0.469585
-2.556528
10.991482
-8.659184
-6.112287
6.056532
7.656128
0.814775
11.728823
-12.672040
-5.268748
21.713842
9.184713
7.470624
-25.216930
18.789412
24.148462
7.856841
18.855511
10.662333
-10.073053
-5.292190
-2.306338
20.906549
-7.395419
4.918433
35.920982
-11.424014
-6.757154
-6.632258
18.048746
-5.266549
-4.056950
-13.624790
5.389024
12.521161
5.061534
24.655701
-1.849119
4.866746
-8.310282
19.286636
-16.087061
-3.996392
2.270357
0.916141
-12.476277
-5.904793
-12.566037
1.432054
-10.299791
-2.206339
6.307719
-7.362633
21.249672
-4.054342
4.342728
-5.194424
4.240230
-1.682382
-1.793345
12.639446
7.672125
7.789937
-13.029587
8.904459
-3.099276
9.772661
-10.445181
-17.138376
15.107099
0.744080
-11.604340
0.389422
5.147259
-9.806972
8.727827
-13.240123
3.027294
13.206359
10.995938
-5.069592
5.507207
0.499773
30.030001
-0.717562
-7.229946
-2.359534
-6.009801
9.129510
23.461943
-7.438146
10.763203
6.716179
-8.273335
8.316243
-6.778453
5.043756
17.078064
8.986232
8.564385
3.656667
14.814992
7.330950
9.479536
14.532106
0.346305
5.538930
-8.789703
1.179239
0.776102
-11.206898
2.721251
3.436174
-4.078740
-2.915670
-4.075012
-14.229467
15.530791
-18.487587
-0.091028
0.042929
1.099783
23.074053
7.557827
15.853981
11.406353
2.816942
40.513760
-5.000598
-2.278761
-15.693135
-6.539915
-15.108486
5.451294
0.043770
2.010374
-15.659693
4.957271
5.236241
6.101410
20.408043
11.164871
11.238354
-15.795272
36.920551
9.167714
7.185378
3.632731
20.749735
-8.433184
18.213961
5.332458
5.305871
2.258152
1.837178
17.491379
13.654549
-3.324737
17.634687
7.073192
3.406579
23.164053
-0.621551
4.482112
-8.807817
4.022519
7.565361
0.471940
20.425989
8.295544
31.555243
14.375408
-1.206054
25.266491
1.760695
17.283144
4.533484
0.243967
19.089178
-3.718256
-5.719888
2.512594
-6.543434
8.468574
-12.880732
0.380531
-14.955849
12.911771
6.192210
-0.414995
-6.558339
3.574685
18.071747
18.120188
8.057459
-14.468212
6.286707
1.435392
-10.600039
-19.000801
6.630614
3.239091
-7.222834
7.398357
8.331966
