12.515656
-0.972866
-20.370802
4.784325
-3.931836
-3.757680
-7.951188
2.376168
15.007975
0.722389
3.449728
17.576571
-11.547709
31.237631
-2.831116
-6.701073
31.765108
2.450202
4.018352
-3.672050
9.763202
11.044538
17.896093
-0.914592
10.794201
22.287727
3.396822
11.967690
-10.534587
0.758589
6.178704
-6.041556
11.369901
12.740376
-11.183447
-5.041058
0.934163
-32.165741
8.532649
-4.237257
7.266737
10.707873
5.247744
15.022041
-6.234133
6.014288
9.070603
12.221798
22.224222
8.123664
20.713121
-2.661609
-26.888723
1.604146
29.302967
25.501774
20.081818
-6.192823
7.293398
7.163337
-10.809840
4.502501
1.706753
29.338512
-4.954565
-2.660460
14.156491
8.664488
11.513741
-6.561157
-1.609120
-3.154099
-3.503547
15.349802
8.982074
13.106781
2.556850
-8.657129
8.207488
5.550403
-7.190609
-7.748916
13.549321
-4.632297
3.172449
-8.463836
-5.259980
-4.551520
-21.458141
-4.608527
-11.518905
-5.724701
-10.807440
11.267972
-2.480613
-5.031502
-2.695342
-0.421753
6.266851
2.832723
-6.626143
-2.058578
8.960649
9.988069
1.723845
8.317804
4.315586
2.333196
-15.302487
-5.062748
24.051079
-10.884859
-9.628840
-0.072152
-5.489276
22.843861
-7.053197
15.007472
14.983418
12.654664
-25.313591
-22.582365
-1.232787
-13.386197
8.206291
19.810650
16.257383
-23.786419
-16.090622
-3.521089
-26.944372
19.466208
11.328703
7.454692
-17.583555
-2.102114
11.973969
-14.759585
-2.881658
2.050120
17.047743
10.477699
9.841619
4.306620
6.729334
-8.249277
3.962708
-0.980922
-1.370077
-8.697447
12.025992
-12.251752
10.952318
-4.362731
-11.964961
12.796586
-14.639549
5.456539
2.200137
0.209648
4.427697
-15.784222
6.474792
25.002514
-6.655154
3.189525
10.130863
-7.776202
10.189145
-0.033257
-10.182741
17.254438
-0.715655
13.729780
12.176602
30.253965
-14.200135
-8.038273
11.921396
4.489824
3.071695
-5.930221
7.107433
13.172396
-13.758205
1.497828
11.050159
0.499450
12.198347
16.681932
4.381548
-6.811049
14.035703
-2.268511
1.958079
10.068282
3.345879
0.614746
-3.213145
-1.137651
-14.274260
-1.807974
-15.394543
-17.755108
-2.034738
7.640770
-14.254089
-6.737627
-2.126893
16.685020
-17.203413
10.805121
-7.458504
4.296957
22.178335
-7.187086
16.126385
14.973387
1.026465
-5.498543
13.152009
11.663011
2.257586
14.300341
5.122075
-0.095269
-14.220842
-4.645143
-20.183353
4.905777
15.299576
-10.094670
19.467686
8.855049
3.747623
-5.427449
10.476658
14.550673
-14.639001
6.591979
-9.339823
22.009903
-6.700047
-3.497430
3.524147
5.415657
-8.551162
-1.588119
23.152170
11.200112
1.254531
13.813755
12.231841
2.654298
-8.183797
-0.070799
8.957466
-1.992300
-11.038702
-3.310618
-1.607161
13.701380
6.887321
20.013762
-38.806953
-13.844803
-6.753780
18.172760
11.217564
-8.062236
1.863800
-4.838499
6.950480
-15.078361
-3.925951
19.157034
4.384998
13.267409
15.783032
-22.309505
10.075967
2.068987
8.300889
-22.522736
-9.700843
14.771401
18.457790
30.919895
-3.814700
-3.438702
9.595837
18.196245
-7.560618
-10.112309
3.128398
3.013525
-0.190165
20.936539
15.924359
15.781321
5.940173
25.376837
30.178591
25.167240
-6.522273
-15.866680
-23.938393
5.103187
-4.939106
21.854931
-3.970822
22.904711
-1.759950
-15.709761
-14.297584
10.314708
-24.524750
-1.955159
-16.455235
6.903960
5.095968
4.294040
-11.519398
23.307747
17.033661
0.584674
8.505434
-3.943961
12.892105
9.272315
9.568484
4.093494
-19.237852
-18.227280
-1.243045
-14.962294
-1.870530
22.286493
2.348099
4.050943
-12.543378
5.350698
-4.198115
-8.799102
8.063739
10.051620
10.320460
0.306308
-10.185286
21.942719
-0.011508
11.193006
-0.107322
16.180508
-6.736307
1.805080
7.498492
5.728928
4.677350
-15.111237
5.635689
-7.571455
10.565837
-21.025263
3.201911
8.087891
21.895426
10.635988
-1.120515
2.143174
20.310568
16.444229
8.445554
8.651721
-1.122519
6.262439
12.319344
-12.404949
16.029148
-12.640988
5.772342
-12.817392
-4.943493
25.566792
-13.936630
12.084741
-32.352043
-11.946697
13.639689
19.384283
-9.291827
-9.063369
22.710518
-26.982403
-2.485052
1.915035
25.356985
4.269273
9.202060
-2.800082
1.497652
22.152578
10.757512
9.556670
5.377058
0.043915
2.166340
5.001815
-4.697742
25.298819
-7.295124
-25.458767
18.416613
11.378600
-13.377009
10.418296
-7.649544
-0.713104
-2.087888
9.633903
13.156856
-7.819100
15.307344
1.017354
4.781219
14.092232
10.906946
12.525806
27.004353
-7.264537
-6.270695
-10.552255
4.975580
13.761532
10.973114
15.840317
7.800719
2.042325
20.615284
-8.599698
-22.479605
-18.448427
5.029674
-2.112895
-2.026914
8.962876
3.130657
6.645595
17.336187
12.287800
-9.387175
-2.312846
-1.964766
-5.353419
16.087130
2.883985
-30.814253
-6.219375
-8.828729
-8.949430
-19.059246
1.151858
6.316985
3.444659
13.595825
26.743658
2.338966
-3.136277
8.510904
6.440038
3.560236
22.919901
4.658239
16.701120
-3.592022
19.072105
6.987590
-7.294774
20.955124
17.373142
-11.212640
1.516877
-27.038782
11.405498
-4.484277
-0.843046
1.729393
27.686304
-4.199900
5.091465
17.413223
-6.743497
-8.462080
-3.028573
0.201870
-2.358573
-6.917278
6.589440
17.352137
8.381450
-19.862978
12.525473
9.707390
2.180199
15.199553
-11.815014
17.945160
0.118653
31.499100
4.321979
-22.828352
8.896064
3.073961
19.809454
30.223070
-0.907405
-5.672027
-5.499230
29.217951
9.359502
10.443720
-10.946625
-0.756723
25.490330
2.061276
13.367486
7.650140
-15.505604
2.394880
6.770340
8.882207
5.447580
11.748903
-0.263696
18.709278
-34.043285
1.215376
17.712479
14.299559
1.135297
3.149277
-0.733968
-6.680769
-0.146577
8.993036
12.443473
5.491938
-2.331407
-4.239288
3.969303
6.634086
34.750072
-6.156328
8.072824
-1.796230
-10.406393
9.301023
-0.631371
1.028888
11.938271
7.696792
3.559564
-2.267650
-12.606965
-10.293283
7.629362
31.588230
11.054509
-5.080302
0.371785
3.028056
8.697683
-4.384226
24.162592
12.449472
-0.196200
6.442281
15.813868
-11.286327
11.981657
11.768304
-4.543211
9.459646
9.129247
5.320449
2.329300
-12.501770
16.489031
11.748427
-1.291511
-5.577352
-6.760756
2.613374
7.492908
12.940543
-4.426229
9.378009
-2.225182
-10.230101
7.125555
-8.010929
-1.257674
-15.307936
-24.175810
-15.057523
-8.865672
26.985758
35.019321
18.088074
-11.488482
8.610388
-8.802745
-2.071733
-1.947105
-13.000739
-10.330890
8.364800
-13.608059
0.001396
29.133060
-1.405773
43.435604
10.921335
-0.734523
3.976123
-0.340973
5.750713
11.448052
-33.860207
-14.047215
-4.488495
1.180767
6.354661
-10.856405
-4.220226
11.811961
-20.930159
10.356917
8.550891
7.575838
-3.845535
21.489723
-16.738922
0.197587
7.803288
-22.701982
0.804414
-1.488963
-5.623792
4.501846
14.828954
-8.890990
-16.008953
1.538280
-12.833411
19.408485
-8.602427
-3.591402
6.394052
7.584650
-24.640060
3.412195
19.182039
-10.012564
-6.026315
16.251272
6.309186
16.530010
-9.680791
-1.842752
-7.028852
11.347621
-13.070469
-7.341326
-1.155588
0.497861
8.332087
-10.369650
-4.462223
-5.922162
17.666485
-11.034958
-1.270187
23.597559
2.548213
-12.867208
6.618656
8.593568
5.777246
4.182275
20.824270
8.349754
-4.255157
-4.748620
-14.479379
10.453050
-1.432762
-14.244311
13.669025
1.236070
8.482118
13.014072
-6.297341
22.853853
10.809258
-16.900782
11.763074
-0.924926
-0.969071
-9.575443
-3.701944
-2.521368
-12.812432
16.125898
-6.774852
9.027403
-3.246365
11.097636
-9.389095
7.127605
16.686144
-17.072275
5.236042
13.806367
0.472034
4.170493
18.756315
-8.187297
-16.388872
25.478533
3.690114
4.353716
4.558649
-3.139306
6.182811
2.142736
-10.932996
19.162134
-18.576223
25.094450
1.918547
-11.584327
12.623586
4.039380
-9.089649
16.983616
12.948716
10.718421
-11.324065
4.258815
-5.690763
11.890590
-3.609689
-17.366323
-4.272015
-4.744368
10.905184
12.522454
9.236309
40.641521
-2.982939
27.853460
-5.138258
-7.126443
7.722110
-5.497154
3.912091
15.654145
17.970613
-9.695230
3.670344
-9.599644
13.153872
13.690128
-9.497349
3.994716
-10.895110
10.911322
-3.515833
10.116597
15.167800
-18.179188
1.791056
48.000237
7.820333
9.657568
-11.542300
2.457378
24.255495
-4.245455
-9.730093
2.541221
22.167728
0.513509
23.454742
5.093719
-0.980801
11.284337
-1.805613
16.886887
13.081903
-4.407112
17.606842
-8.862540
3.301028
-1.030683
-4.702112
-4.168826
-19.148237
-25.890162
10.661509
-0.226565
0.651772
18.266516
8.154840
1.030385
10.658525
13.739793
23.311937
15.121542
9.380491
-18.456249
12.607940
15.255269
8.455226
4.143781
20.900061
28.372316
11.514491
10.596665
8.310093
11.643888
-11.747705
-7.523899
0.866897
11.090617
22.321564
-5.125196
11.206769
-3.208314
-4.340842
1.810150
1.011773
-7.251474
-7.868199
6.496603
2.548955
10.949884
-3.630617
15.802453
12.429283
-7.311799
-19.020630
12.279320
9.319273
-5.202912
13.261005
13.052714
0.794288
-12.935116
7.203296
0.856902
3.259284
4.368435
0.293635
-5.570679
0.972270
-9.114631
16.183327
-10.289441
-1.953979
-8.215799
-3.186256
-13.148637
14.326939
3.441213
17.373346
3.726051
-8.825734
11.710838
-1.583317
9.423067
7.598641
10.068991
4.353998
-1.095694
-2.269848
2.454313
-13.274197
11.769104
6.469276
34.883236
-11.457739
15.698421
16.344122
-1.365485
13.844189
-5.386261
-6.123401
-5.457785
2.865620
10.281587
0.050916
-3.534859
-21.066265
8.969299
28.003084
-11.294657
10.097007
0.527670
-11.022822
30.143257
-1.364502
19.892719
-1.128093
-30.683346
17.128529
-19.513052
-15.605634
4.113096
1.638891
-12.109598
0.181725
-10.219276
21.512152
18.742189
-5.231415
13.760194
4.631948
13.022260
-12.995358
0.619074
-34.729687
-2.526151
-13.378549
20.477016
-6.202938
-0.771391
18.104984
-4.322274
5.995297
21.154436
8.780210
7.559772
10.352373
-16.985449
-1.248448
25.354614
-1.445805
-2.087129
2.029321
26.427980
-18.045321
9.919845
-12.911380
8.111724
14.630820
-7.426987
-27.628950
-3.231752
-13.272116
-4.074082
-15.283243
2.233294
10.923848
-3.273331
-9.824292
-15.803867
1.098137
31.110567
6.216682
5.480375
-10.295628
-5.034649
23.351183
4.616835
12.885940
-4.951564
14.455347
21.085590
19.040630
-3.865694
-8.946706
1.321240
-4.493511
-12.956605
-4.925007
-6.928047
0.220968
-5.555121
0.572735
8.402088
2.270874
-1.106073
16.952013
-11.142927
9.719140
12.432245
-11.978538
3.191239
-3.288238
-0.214804
6.976223
17.572819
7.687079
6.637607
5.120019
6.098553
16.123426
5.023414
9.956760
-14.016486
3.760146
19.049797
-5.787400
-4.281525
12.925448
3.846118
13.947803
19.240768
5.559132
3.132815
-3.041076
6.321669
-8.433290
8.945177
-2.988452
-12.178130
9.395189
-15.953691
10.907827
19.354269
15.852469
10.706118
-9.504401
15.636230
-10.629483
0.462978
15.982915
2.438106
6.570561
13.537315
22.208385
8.345586
4.304499
0.213089
-7.337900
11.379876
-5.405236
10.192936
10.608912
8.996330
5.558261
-13.923414
12.418945
-10.193603
-9.823908
0.329837
-7.743736
3.063806
-10.933707
19.758797
10.268468
21.871050
19.027914
-10.213400
-14.473860
23.250679
12.866243
12.678290
2.784442
3.683688
8.390748
7.994332
5.488348
-17.393211
-1.861016
23.724781
-9.090954
-1.657831
10.009116
17.800650
6.857897
11.614895
-0.226419
4.228422
3.588266
-13.170864
8.725036
18.471325
-22.934526
6.981963
14.405403
-8.814928
1.122053
-6.739905
1.536721
-7.260114
6.999773
-6.399230
13.489134
-3.695137
17.476942
6.654928
-0.104155
-9.968594
12.538236
10.903891
22.013416
14.412024
8.194516
13.794125
5.397539
12.462674
6.218653
0.854312
1.570081
-11.275397
-0.947355
15.929152
11.174498
-8.681989
-10.661417
0.752670
-12.189598
5.331833
13.770217
-2.211177
20.136951
-2.652215
4.621541
-10.909003
-7.450081
3.952151
-5.878029
14.713370
-12.821691
-2.887892
8.396925
-0.762026
21.907999
13.523413
6.296280
-1.454656
-6.022103
13.162318
1.005460
-9.985714
15.181302
4.379570
-12.410621
-11.847614
17.454876
9.241402
-0.491602
-12.165459
-5.518543
9.383704
-0.632008
12.254524
5.028517
21.218735
3.132291
0.728753
14.914406
19.577429
5.148768
9.532245
-5.297995
-3.711374
16.213015
6.529982
-9.148961
18.075590
19.152912
6.560818
18.557137
21.414949
-1.386219
-7.530796
-14.045745
9.913067
11.896828
17.412157
8.661205
-5.950231
8.291851
0.706417
-7.904665
7.178782
-3.757251
-2.221778
-0.748692
11.629738
3.842754
0.516276
9.947528
7.501969
29.290152
2.724350
1.062844
-9.367353
20.745708
8.275985
-2.689184
-5.300228
13.505051
-5.570167
11.823929
32.133106
19.256325
0.070163
-5.681003
7.013175
11.363338
4.276985
-18.628635
-10.996799
-19.585041
10.688007
33.690029
10.417367
2.228474
-4.434469
-8.979279
19.767229
9.237964
4.057955
-2.904668
9.013934
7.857166
-3.342925
15.077415
-4.475967
-4.656844
-6.722096
-21.005997
-10.746336
6.455539
0.659790
-2.742558
10.398682
2.562558
-9.767932
6.717815
5.013584
-6.800941
12.467062
-19.405571
15.396220
14.319132
0.425924
-15.807519
2.691141
5.609585
-24.897795
-10.521925
12.274140
16.127600
2.423734
14.192463
-0.169262
9.204742
15.778764
-0.508271
-19.682064
-3.695873
11.317654
10.243515
10.950336
17.066816
4.529959
-2.014806
8.549379
-30.277546
1.112948
-4.328879
0.417122
-15.663719
13.786769
29.303419
-8.266368
18.452089
-27.912437
-17.692701
-21.856457
-5.869567
3.941332
-14.730288
4.289840
-8.404979
0.998746
6.284691
21.582878
-6.564130
10.686709
19.452553
-6.595985
-0.666900
13.249393
0.227686
0.231720
-1.200846
-7.363927
18.729742
-24.530230
4.970678
-4.153004
-14.201065
-15.800450
5.848047
7.522080
3.506610
-4.050981
14.742263
13.888881
18.257650
13.001574
19.200937
24.993412
-5.251076
3.833723
15.289119
1.906027
6.224320
3.301965
6.023990
-2.251438
13.080276
24.323765
-11.603778
0.289942
-10.641791
-25.471594
-23.400032
-14.753855
13.710131
20.603859
9.367841
0.213029
21.372139
-12.006384
20.497643
-15.027791
-7.234442
-5.606772
-9.880841
6.971607
-6.090401
-8.674588
19.644224
-18.596216
17.061604
8.281834
13.959767
24.152729
12.120112
1.543501
7.199299
13.275463
-5.900768
0.012475
12.582175
-7.698730
-11.773705
12.439495
-13.481077
20.389494
-12.753647
3.219129
9.727340
0.947755
1.896506
-8.092837
19.660851
16.724062
3.532299
-3.926386
11.478703
-13.965131
5.026778
-21.986210
-5.570861
-0.822387
2.918772
-4.677732
-0.176360
16.366264
-14.917527
-1.142655
-22.194990
8.427499
1.712148
-2.480959
-18.817316
19.337814
-4.760175
-2.053481
-16.320539
-2.579201
20.739313
-0.063187
10.254886
4.302343
2.785179
-6.415903
-4.443949
0.277032
0.149356
-16.270016
13.512083
5.843443
3.850495
-4.153157
25.406263
9.508885
-9.347875
-1.436907
-2.363425
-1.448403
-4.150318
-7.623837
2.500674
27.091753
10.956127
19.379639
6.231666
11.111185
0.488595
8.395405
12.775697
-6.534686
-6.712466
-3.922310
29.225414
5.666072
5.088021
6.548588
7.911339
8.702825
19.811373
4.298787
0.669049
15.364433
-2.911988
-5.030467
-2.845882
-13.092638
2.116744
-10.542537
-7.114179
0.760052
-4.821289
-23.010424
-15.913196
20.644073
0.919885
15.385247
2.291817
-10.096083
-1.176450
-5.460217
-22.593168
6.774906
6.792922
-0.137128
14.737739
13.243299
3.055592
27.712717
-3.302514
-19.577608
2.546082
1.340638
11.837066
2.057205
12.474069
-4.779347
17.966560
-11.307313
7.823145
-3.567214
-6.427505
-20.661753
-2.820990
2.915480
22.340162
-5.437185
-2.043732
-0.794379
-17.175293
8.815007
-3.356425
17.038452
3.158472
2.767932
17.579834
-21.068012
20.316650
3.611720
11.352652
6.349428
-1.599659
-50.145782
32.048710
1.168764
0.267081
1.643009
-5.726323
0.465732
18.935839
-25.297857
-11.280863
-3.837290
12.363251
0.870467
-19.966488
-19.651245
-0.957703
-2.714270
19.506281
-11.181288
-4.655059
12.463385
22.093990
-8.862726
25.873758
5.698537
-6.681778
15.396965
-1.702090
15.896784
25.970257
-9.943349
-20.696247
6.686064
15.767977
14.812214
16.259439
7.374763
11.066369
-4.840371
-5.017797
24.663895
-3.491951
35.584602
3.320002
-6.186088
-11.338003
-2.461396
10.568331
-15.854571
15.711345
23.565395
-16.370562
-0.443758
-23.703257
9.764935
17.251488
-5.658671
8.169385
-8.478250
-1.311609
9.416373
-10.872116
1.195942
-11.600637
7.450871
14.064322
3.520714
-5.404500
-3.786191
1.825292
-0.740856
15.631372
-13.830312
-6.457214
-7.808993
11.979725
9.306330
9.060289
14.285624
-9.868956
20.161125
4.135271
33.823574
2.690208
21.816072
4.962692
-13.688987
6.789704
21.372005
-2.051797
7.125693
-3.296703
36.596966
-9.065769
-14.869952
7.026834
-15.417340
17.145273
10.161068
-5.239834
-12.657905
-1.816916
9.949549
-6.291231
27.937340
6.577069
11.326449
-28.428923
-15.731754
9.080512
-2.349324
-8.598592
-8.301580
-21.180042
1.674561
8.237136
5.987312
14.000827
-16.231604
-22.127018
4.897260
-17.350819
-0.490564
-5.646201
-15.250507
17.141251
-4.772861
0.285438
18.901030
10.051582
18.994818
-1.023735
11.410389
-2.574654
-3.005551
24.785173
23.874250
-6.537612
-19.253220
-14.263039
-2.282679
23.973154
8.651422
-23.511101
-8.687705
3.019288
19.060354
-10.744130
-8.077724
11.516227
-1.165707
19.822384
6.689090
14.905287
-0.874064
2.175684
27.674656
-19.982664
-9.400835
3.277215
2.365443
16.438368
-18.828400
-3.980603
3.017722
17.331236
1.841990
1.071803
9.416901
5.934139
-1.604305
4.701029
-4.473296
22.988522
-13.283043
-8.527581
-2.092067
0.415985
-10.122564
6.721333
20.930504
-13.650599
5.900381
-4.923544
-16.695597
1.066185
0.984549
6.352286
-2.701325
-6.610746
2.437911
10.447667
4.752654
7.933668
8.564001
1.610195
16.852234
29.821720
3.826120
14.551230
-20.608070
11.106001
33.832111
-13.226946
-1.829001
3.749213
-8.125664
13.045060
-1.115747
1.791108
-12.452330
27.198605
-2.625339
25.894239
16.375010
5.585162
-11.367124
3.031425
17.486744
2.838858
0.895092
-10.057211
18.582890
-8.665109
-11.454913
6.824142
20.760334
5.522158
-7.219884
10.332911
21.999720
13.575439
13.018712
16.816013
3.022111
2.160059
-9.023052
-4.316090
-13.205538
1.611851
13.314367
-2.696204
-8.321880
-2.695931
17.446445
17.769213
16.484039
12.645675
-1.460996
5.875410
-4.850970
8.367790
10.741589
2.394679
24.772730
-7.266696
13.269278
9.118032
15.378669
-8.436657
-8.863080
7.269670
-2.656722
-8.209777
7.934855
7.191279
-4.007495
-12.958899
-3.483886
-13.819815
17.328955
-26.295811
-1.686608
1.432932
18.371172
-10.810659
7.859719
1.076619
4.370519
5.694706
17.332531
-3.023278
23.629236
9.402592
-8.345215
-15.284003
-4.239151
-6.990468
-18.332264
-11.725152
13.789518
6.542460
-19.512814
21.608091
-0.727134
15.785569
-25.028259
-14.558898
6.919494
7.013502
1.241346
15.638996
8.428814
7.564842
9.783588
-14.831981
-0.719762
9.203176
-6.616414
-7.906083
17.562828
10.496541
-20.514500
1.812489
-3.022307
-0.801580
0.135800
11.150485
-6.885080
20.042944
10.206220
12.014486
1.487719
-12.671865
-14.853899
-10.183676
-5.737773
21.734568
6.466884
-14.429746
12.821502
-6.940851
-9.618904
-9.165437
4.527201
-30.650894
-10.174179
-10.503593
4.534790
-18.924559
0.253345
15.388416
-3.628644
-20.476145
8.118425
18.832573
-33.176762
25.062202
-19.075157
-12.388252
-11.515188
8.788722
2.319115
-7.662659
-0.529073
5.546634
-3.077129
-11.787580
6.067172
-4.442709
12.316195
-12.088190
0.418053
22.076437
-19.820587
-12.020493
10.566695
15.863580
-15.984391
-0.709835
-6.656362
-6.329879
0.680335
21.116070
17.377291
-0.358644
-6.580849
3.595911
8.508174
25.638174
-11.805115
-17.494854
3.208892
8.778348
0.923758
-9.814816
10.262374
-3.849999
16.000643
-20.246565
-1.628877
5.166596
18.455994
2.105466
-15.308130
1.920702
-10.384074
5.771457
-11.852596
9.135744
-7.420599
-32.983849
20.640469
14.285337
-9.351235
17.479843
6.067570
-15.548612
2.741061
6.925415
5.784326
8.103189
-4.445599
-3.751103
-6.347823
1.320761
0.128085
10.896116
2.583112
19.366510
14.617101
-3.918991
14.577845
20.111425
-2.941486
7.743990
-6.111563
-2.418742
7.261640
15.073535
27.057207
13.973165
10.984831
-2.704497
22.710611
8.998876
-13.892037
6.354923
-8.963834
-6.321502
-7.784293
19.547596
-8.182814
-1.210813
6.228093
2.875122
6.103300
10.486031
9.969174
-28.870554
-9.600589
8.934602
20.524668
-0.327107
-4.424894
1.421777
2.139082
4.154469
5.495625
-14.215554
4.428472
13.462019
-24.857613
21.710619
18.840389
7.474535
-14.384434
-18.223030
3.029014
-18.796017
-2.534917
12.512710
19.926731
8.169655
-8.866668
-2.421850
-1.355060
10.879346
10.394806
11.117903
22.519743
1.520257
9.141887
-15.846816
15.641469
-13.718596
-28.583698
-19.143988
32.562462
5.789901
-8.184700
-5.886951
0.736290
-0.717012
-11.303946
0.242132
10.388904
20.843390
37.193680
-1.312413
18.313515
9.077014
-18.501301
1.749151
12.828088
5.748429
-8.990893
7.737543
-17.788221
-15.425531
10.432914
35.003048
19.328299
7.088217
20.227427
-8.665780
13.449888
2.344470
-3.736732
6.073859
13.303020
-1.084024
-1.892304
14.492193
-7.132699
-1.988877
39.391537
11.781883
-8.569303
27.087584
-2.787860
-8.150156
-1.020326
-6.695713
19.908640
0.809204
-20.511675
5.800911
8.508695
-8.860826
-15.878019
-2.025766
11.547337
4.979141
7.928740
15.520314
6.538215
-8.747177
-12.807248
-11.174008
25.085762
2.579830
9.914855
-2.851828
17.233122
10.137502
-9.051931
-19.821293
27.815325
1.827314
25.596323
-3.895877
9.706305
-17.123493
-26.191908
13.475877
-2.354801
-11.012511
12.384343
4.579430
8.745356
-12.317744
24.150381
-5.098853
-14.808788
17.444151
-1.161341
-18.694090
-3.365855
9.069083
-15.168014
6.589917
7.890143
-20.279167
3.883602
-11.796711
4.051743
-0.941523
14.362463
-19.250380
16.092035
13.078777
11.173615
-4.814105
19.307653
16.923151
-5.308561
-5.309175
-4.431992
-11.135103
18.210648
-8.921700
15.460752
12.778855
1.675971
-17.419659
16.470707
-4.210123
-23.188902
11.184662
-10.805458
16.951099
11.109399
19.945200
15.306134
-3.106490
-9.103950
6.469363
-16.710144
4.006838
7.492006
-0.125934
-5.252765
2.459168
8.072104
29.002056
6.344308
1.754436
-15.913013
11.060340
-19.149036
15.895280
9.836847
-25.210220
-3.908468
1.816006
4.918309
16.832766
5.798478
30.655077
-5.041246
13.139599
-11.241732
10.932512
-1.738690
3.770333
14.141249
-12.312270
0.129492
12.179578
15.056514
7.484653
-17.186600
14.093381
20.700544
23.187437
9.326228
18.087494
19.366245
3.736714
1.389122
1.276687
-7.486999
5.742222
22.920950
-33.087845
18.522940
-4.075074
6.298114
-12.059543
-11.068313
-20.775171
1.214381
18.469954
29.397612
-2.129831
1.451640
-6.264837
1.912874
-8.874071
1.227165
-1.929453
7.882850
-6.156783
4.935853
3.013864
-2.783794
20.187508
-9.538852
-5.906404
-20.232151
11.393764
-16.591646
24.646654
10.042996
-1.508948
8.541020
-7.627662
-4.683991
-12.573580
31.525789
16.935200
-11.359939
10.598376
1.884899
11.209620
5.918280
13.065558
-0.094054
19.678442
1.844286
9.704628
-4.524930
11.912423
-3.857131
-11.533491
8.415120
-2.920279
27.024403
10.061805
-5.313390
22.295162
1.468434
16.278831
2.341657
3.315716
10.284338
-4.260104
-4.188083
5.673225
-7.708106
6.075997
35.184494
-12.131934
-15.676033
10.977204
11.937821
14.755672
6.758186
-7.058836
-3.628049
9.054520
8.714120
-36.610744
-5.146091
12.018223
4.101878
20.469225
0.658966
1.600136
-19.392750
8.875336
-5.580590
11.021289
5.805989
-17.624193
5.777899
-11.851011
-15.890345
17.125944
18.677965
-0.281514
-4.602736
23.305683
16.263874
37.431175
-5.095153
29.153015
8.518685
-6.945788
14.555239
-5.607638
6.442934
0.555630
-4.602885
-17.069609
2.342687
-12.851159
-8.042782
24.945236
10.376097
-12.363298
-22.092634
-0.523195
-7.175165
11.300143
-12.025498
5.279797
-4.579069
4.949256
17.427151
10.955383
-14.082540
-14.088223
9.452727
22.324923
8.179012
0.941074
-4.672490
-1.777986
-2.112437
-4.379256
21.909023
26.419611
-0.502310
-0.203312
10.611826
14.721295
24.014839
-8.771950
-17.047926
7.179631
-14.241818
19.698034
-4.916931
-4.026215
0.170615
3.271505
-2.314989
22.327374
-8.644481
13.215469
-4.935165
-12.490545
-20.519466
21.763012
-14.116390
10.804193
19.091249
1.961224
7.057084
-24.269073
3.961357
-15.118906
6.821046
2.520536
16.194796
10.152740
-19.782900
-2.503391
7.696723
4.044466
-2.211677
-10.274297
-0.184741
3.673606
9.873724
-9.610922
-0.119018
2.966946
3.345305
-27.336254
13.122455
2.796604
5.696483
-29.825485
-1.295943
-5.076201
6.888789
1.030529
5.554584
-20.321585
4.718192
11.071539
1.361614
0.904662
6.588826
0.229293
-6.543837
9.515162
5.070080
10.096797
1.976322
6.301884
0.566559
1.950244
-5.753100
-6.187842
12.866851
13.749904
-8.911284
25.278395
3.566956
21.295748
-4.950083
2.293253
3.006487
0.475504
13.616330
15.219213
-5.939212
18.846254
9.853127
22.819189
27.306072
1.839018
3.779247
2.216729
-10.066732
-10.816023
3.991243
-10.645172
-2.765836
-0.270124
-4.744518
18.676653
3.628614
2.899095
9.050389
17.896360
2.144150
-7.281148
-7.414483
-3.033541
2.223184
1.931543
-3.152527
-3.028327
-0.545192
7.251833
-1.639008
17.955408
4.142949
7.740939
0.451832
-14.009866
-8.120087
13.120860
10.474506
6.363483
16.231777
5.592803
9.405477
20.452675
-30.153477
16.406776
10.312719
0.164710
-8.289042
-18.170471
-25.368979
4.408602
-6.441986
-7.982664
-1.021312
-2.826157
-22.928026
13.124185
-23.499195
6.769650
-2.981565
24.646662
-2.626833
-1.318911
-20.663010
0.578796
10.747081
14.121933
6.022130
18.456224
1.405914
16.254780
18.763620
5.197841
3.539190
-14.992865
13.641784
-18.397583
1.026584
15.058141
-12.147884
9.793422
4.395005
4.350155
-1.076374
7.459853
18.767422
18.515764
5.969234
16.124414
6.554104
0.807118
-12.437827
19.562103
-6.171126
-10.480777
-2.555308
8.849902
10.810038
8.806892
-15.365407
5.201536
-0.770709
-2.561382
6.639921
-4.455136
0.863463
25.878332
6.878578
31.783596
-9.057244
12.422821
13.296095
-21.775417
-6.136565
-2.266150
1.760187
14.140630
38.867329
7.692119
3.107903
-11.546866
-21.182451
12.730670
5.348177
19.412788
4.611194
-9.042871
8.088058
-17.972462
32.272995
18.175196
15.522020
-1.275064
-0.670319
-11.380116
9.179534
6.457344
-8.363742
17.610088
-10.150357
-16.143562
16.274693
-11.345793
12.763754
19.080494
22.697918
15.960859
-4.678647
-19.435883
-4.086473
24.074532
-0.891987
6.876868
-6.545544
-3.896734
31.031713
-7.525257
15.918125
-13.834539
9.686154
2.521964
-2.986914
7.207458
5.944813
22.450169
-11.018735
-5.145590
2.747181
-4.814005
-6.837563
6.198870
0.476482
14.751947
-0.240235
12.806228
-6.055140
12.888325
-6.222080
10.798338
20.914324
8.963929
-4.998452
-4.189065
29.740509
0.919064
4.460671
-11.493979
0.563756
-2.170550
4.141620
1.766468
17.472050
11.181857
4.307149
12.544211
-20.519743
-9.872139
-10.007843
6.366610
-8.585950
8.189157
20.031752
-1.934210
-6.283172
-0.475693
12.881238
-5.527978
16.612265
2.351368
-23.160393
19.725340
-8.163668
15.655348
-22.166134
1.351786
9.487617
-3.049759
-5.897002
2.839425
3.643939
-10.319457
-3.797409
5.764625
-3.088173
17.216997
-7.623364
0.197736
15.861891
-3.558697
22.659161
-9.665764
13.045966
13.069485
-1.858076
21.940264
8.480268
-2.931781
2.419022
2.670667
17.380816
12.918662
8.756949
-5.911707
-3.331489
6.574501
3.755321
20.176287
-2.784351
5.285489
17.315054
8.740143
-0.338161
3.183390
2.729509
3.864746
22.930552
23.370535
-5.878344
2.738302
-15.628364
23.472641
-13.120606
-12.640004
14.119709
7.023935
25.246151
-4.507048
-9.006210
2.083670
-5.903574
10.650676
19.277035
-4.856252
-5.453156
12.344184
14.553889
-12.339563
-3.292618
0.200653
14.375732
16.802824
9.530465
11.804305
-5.504996
4.060182
-0.977486
14.821553
4.196201
21.536629
-8.269328
-1.715031
7.889812
16.951281
7.254149
5.884222
-9.433050
-22.479067
13.155779
5.795897
-11.343335
5.421492
2.255032
27.418617
1.013577
-2.189705
6.701922
-12.672238
22.246355
3.807297
11.530297
3.643749
-1.307307
16.479965
10.242806
-0.405558
10.844215
14.616357
9.114888
13.144206
3.884484
-19.142849
6.326316
7.278985
15.233345
-18.943487
-6.282671
0.517751
-11.937706
11.331641
0.497739
-0.002452
17.809790
-4.538432
-13.136370
19.928160
-1.171866
0.605511
24.811544
0.498194
13.210582
21.739779
11.183900
13.150239
-14.996355
13.716896
12.326880
-14.624889
20.809717
31.746565
-1.367656
15.167574
5.151670
10.581426
-6.660170
-1.285377
13.899531
18.641863
-5.145010
-1.130771
-2.719855
-19.625748
8.923121
22.047274
24.940660
5.727894
14.158468
16.290915
-6.727406
14.388887
0.385345
14.280090
-20.198462
23.566175
11.940063
14.064799
3.935908
-5.698973
10.622966
15.332231
-0.911758
-9.943065
4.076969
4.086777
-5.954669
10.460387
2.904059
20.743568
-15.831431
0.234073
-1.066287
3.844213
2.718987
17.051729
-18.583767
16.349396
9.897449
-11.401433
30.222563
2.183830
25.211147
2.311760
-24.684822
-15.344320
-10.777983
-6.059689
-6.123031
-23.560362
7.552463
11.434119
-20.382296
6.860681
-21.731144
18.002354
10.625744
-14.409877
-7.661200
0.069132
-4.798944
15.754527
19.216162
-0.222913
14.164715
26.161446
7.934289
-2.915383
-31.591669
2.169571
17.065296
29.532108
-3.337663
15.161833
-4.070831
12.659357
5.322252
3.676968
2.615335
6.325482
1.180205
19.346346
2.780490
9.122496
5.512070
8.274146
9.632831
14.455933
-2.439510
0.023737
7.496332
-17.061953
11.933335
-7.444450
-16.643637
1.501125
23.455271
16.994854
-5.522400
3.866631
16.574240
1.512100
9.354511
-1.297525
8.721683
12.705752
18.785681
5.770038
-7.832732
30.535490
7.894317
1.630511
19.704865
-8.862171
-8.303198
3.800535
12.855677
18.556429
-7.007132
13.369744
3.686206
-13.032208
8.419056
-11.641446
-1.182839
30.224976
10.559971
0.581304
9.040785
17.949509
-7.480089
17.215393
5.731098
7.979958
2.004189
8.731340
15.044699
22.816364
-14.459349
5.540245
14.589908
-15.135931
-27.952795
9.651092
34.479427
-8.271266
-0.914119
1.048756
13.842961
-4.837852
15.446628
-16.665848
-0.692112
12.960650
-11.503322
-12.039483
20.651417
14.005606
19.994761
-3.270672
14.843894
-8.413619
-30.813381
0.593470
1.716761
-0.454941
-17.335392
0.518597
-10.493646
-2.200016
6.796039
-10.728126
-26.104214
-8.100207
11.855173
15.804111
-11.294569
7.485298
11.605220
-2.355623
18.055271
-4.839030
2.592430
16.069939
0.612367
4.968971
-0.954790
13.589984
-22.811411
-10.902469
-9.204693
1.240368
5.581392
1.810867
-26.826706
-9.281606
-4.257802
4.057106
-8.353456
4.229686
6.269630
-0.282543
-10.818532
-3.370926
3.940731
15.363589
6.937793
-3.532946
-1.765266
10.128572
-5.311201
-14.995495
11.519315
8.791321
-10.947906
-1.980341
-4.395012
15.968439
21.844177
6.655720
33.563133
-13.196457
1.914947
0.620607
1.504480
-9.330402
4.420503
-0.249067
6.455463
31.151821
15.322404
-13.056986
-1.477913
13.815249
-5.968552
1.485748
-1.827333
1.791216
-9.974666
19.711393
-6.177606
29.299675
13.019155
20.398424
5.549827
0.338343
-3.823382
-20.658260
29.721350
5.219655
-12.548811
4.566149
-14.205623
6.325100
21.804626
-14.367614
-17.961504
3.587248
11.501641
5.317809
15.144582
22.527327
-1.192081
-13.017961
1.378256
18.835743
8.261227
7.151948
10.780737
-3.092529
20.678938
-11.672246
26.723930
-8.746750
5.891026
22.771467
-4.157656
11.701313
-5.199593
-13.347016
15.541402
-4.864760
5.836944
12.354918
5.128050
4.910192
5.936396
-1.970713
2.476850
-13.711879
-2.132442
-4.332980
-2.742806
-22.045544
-9.410474
12.993571
11.975531
7.461468
-1.636377
-7.445328
-0.163231
0.512132
-4.107685
17.255527
22.465227
4.551063
-0.871621
14.667268
-7.771684
6.965722
34.576038
1.452134
24.932257
13.551046
29.811365
3.454251
11.963510
-0.355639
18.435999
20.152235
7.964538
-0.717022
0.737414
-4.404610
-0.733920
17.260998
31.487574
-15.767054
-23.877369
23.232533
-1.847349
-19.396959
1.351542
-9.577384
3.691422
19.330738
-3.850518
32.495598
20.757442
11.312951
-14.256096
8.766868
12.980666
-0.355982
-12.115659
-3.662047
16.168901
3.329252
-0.025450
3.718142
-12.789373
-0.073783
-7.269007
-9.380949
-5.613969
3.379304
0.381677
-17.500546
-11.144110
23.001595
-3.117157
3.748878
11.240950
-14.119514
1.448377
11.627624
0.320996
9.810209
19.822914
2.500618
11.267899
2.703395
6.635167
1.032959
-8.475532
20.946390
-2.132985
9.603857
-26.728437
9.217187
3.358913
-2.070508
2.958753
20.746012
25.719606
13.998784
7.238381
17.156902
-4.402649
-9.345748
12.510839
-4.864865
-2.656677
5.978239
-2.443613
-10.078189
-13.753922
-15.651846
6.208629
-1.078281
-12.765402
-6.065129
15.633689
5.118026
-1.772315
3.105015
-4.968447
10.201874
11.771632
-1.228292
3.741513
16.560019
-3.590419
3.567793
19.396944
7.562053
2.479030
-6.660963
4.557459
7.261320
-7.586390
6.192520
13.338519
-2.767298
14.113463
19.664892
-1.570467
-3.732080
-0.278509
-26.944855
-3.672246
11.833405
-9.740371
-11.888855
-9.722770
10.386242
1.654196
18.791027
-2.218179
1.991107
10.720820
-2.039373
26.097609
31.773579
-8.839970
2.124308
-2.644249
-0.345578
-8.322349
-0.859610
-8.092739
4.535590
21.771887
-0.105412
-5.367389
-4.006744
-3.212304
12.673528
6.187595
4.568501
1.028817
17.172873
24.489004
1.674823
-26.593246
8.106077
5.181293
-9.854913
24.251356
2.822506
26.332846
-6.189717
13.899667
16.333103
-2.191098
9.379063
0.678771
5.526412
5.377507
-12.918953
-7.751849
23.983625
-9.103293
9.206841
12.598405
15.157962
2.698804
9.110149
13.646170
-5.928071
-10.789268
24.984108
-10.191169
-2.430270
2.870441
-8.030163
-4.772891
15.686246
22.538332
7.757463
-3.950596
9.566906
0.259736
5.052004
-3.389157
0.969003
16.813126
3.132219
10.304349
-14.403361
0.719234
14.139500
5.915062
4.804526
22.058121
-17.975012
11.525802
-10.617892
5.401717
9.572183
6.246053
18.938278
24.527004
6.353175
14.050766
-8.622062
-0.143074
5.407642
-3.758876
-6.666391
3.534744
6.437343
15.496598
-1.763457
-4.533733
-17.182354
13.739854
11.419108
-4.496373
11.903960
38.102058
33.209789
16.210110
1.279089
26.915939
-2.920812
-19.064413
2.672794
-13.963782
-2.160412
-2.498398
10.225451
-7.072137
4.137671
13.617071
4.387757
24.227413
-0.296362
5.031013
-3.151955
9.156469
-17.111668
11.915092
7.573739
-0.722564
-16.357924
-2.309506
4.693988
-0.264350
-15.069012
6.596359
-5.684043
-21.719883
-0.788286
23.737993
5.096227
0.543388
-5.069104
-21.836670
-16.272840
24.535389
-20.017265
2.317927
-2.924385
2.380370
-0.511584
2.220405
3.673771
-7.007355
2.821896
-5.593832
-0.246531
-9.578960
18.337393
-1.649787
6.209936
-11.483037
6.199104
-2.050776
-7.490176
-11.921964
35.986225
-0.818540
2.015899
15.731210
12.152207
-5.401696
0.812334
-9.446278
-17.439768
28.926052
0.542015
-21.405195
3.641425
-2.460081
-5.435801
9.378983
-3.304685
7.819341
22.818550
-9.429076
-16.367716
10.286384
5.631711
15.352253
21.919666
-24.383440
5.912337
5.610525
-5.986027
11.937378
6.875780
1.976404
-5.900254
10.330526
11.308661
12.052477
-0.525667
6.638136
-4.635137
26.013046
1.074513
-26.545710
22.063911
-15.233696
2.255477
3.525206
-13.263424
8.833591
13.515888
13.381585
18.014080
11.523459
3.795192
5.399937
25.059887
26.034510
3.677583
4.135820
14.635777
15.870213
-2.660588
11.333485
11.668278
2.022042
-4.016638
3.173888
12.780151
16.226679
4.078650
8.666455
16.228233
-5.205738
-8.350615
37.341339
9.034105
12.042812
-3.596996
-6.003628
12.098217
-15.617564
-5.653172
13.020022
9.269626
0.740788
-0.958540
6.261433
-0.066680
1.009702
16.655504
6.809623
0.779452
12.999568
19.563574
25.105049
24.845768
12.314715
21.891211
-2.692610
-8.846722
6.898013
2.961077
3.931778
31.596359
-17.818348
-18.323540
-13.641464
0.923848
-7.229405
23.051777
10.982095
10.504803
-21.759396
-27.263378
-5.953660
-5.206365
3.217194
25.987608
-9.073113
-2.448659
0.756203
5.592640
-15.152798
-0.508241
-5.465909
24.670685
3.676276
-5.496542
7.980567
2.525788
-13.542147
-9.750468
-6.736011
3.468868
-16.253422
17.041544
5.616798
-13.146737
3.013929
17.435827
-1.183210
2.590514
-10.774806
-1.116585
-16.513361
2.509097
17.810987
-1.157177
12.019705
-12.299427
1.021188
34.674896
8.300147
14.032791
6.579653
-7.365937
9.023091
10.049366
-0.045222
-4.294617
-6.305637
5.184598
21.921206
-6.474045
-10.980002
-28.518867
-3.543669
21.124374
-4.560475
13.778656
18.223886
-2.831271
-7.651085
10.213487
12.712253
2.384306
16.747988
-10.122404
-3.061427
-12.152982
-3.869899
-0.118233
-13.059817
5.210649
-10.343526
3.584862
15.524475
-3.644380
-23.135246
10.087289
-12.857698
2.099730
32.935268
13.667660
-5.920477
-20.432217
12.017138
-22.378210
7.418534
5.182751
-11.525678
-5.516891
10.482687
-7.934211
-16.856842
5.422858
-6.308457
19.317389
-0.244446
-14.544361
3.961390
11.019255
24.927109
-11.799539
-12.648643
16.714045
-25.787718
20.962833
2.047442
-4.534209
4.998491
0.851113
0.007090
-18.271318
16.729448
-6.460496
15.392634
-2.687609
-10.874176
-21.691217
14.470950
0.569357
8.758816
14.125048
8.281359
11.660463
-3.637203
-9.870416
4.587478
7.654074
25.699072
-2.132576
9.393808
-0.184955
24.984819
24.183144
17.400814
11.748727
43.727726
8.232575
-10.467944
14.455569
16.732285
24.293028
19.583599
-3.732737
26.084263
13.212472
6.378486
-6.015758
8.842319
-5.067833
11.689709
-5.889637
-5.506985
20.857624
-0.279987
2.203485
-13.775727
-10.565823
0.754531
24.747509
-8.876867
-0.490075
22.060980
20.411596
-11.100372
5.478983
9.488729
27.141218
9.816616
-1.766489
10.941586
-2.315856
-6.542504
0.765618
3.601219
-4.818254
20.565569
6.225294
10.575158
5.820910
9.699243
0.030503
13.259844
-2.103389
21.440950
-12.791667
-10.069529
2.156350
-22.966717
-0.203698
-8.844711
8.133609
22.398851
-5.581383
10.936388
-2.142087
27.024721
9.546763
-14.431583
16.120863
26.903856
-8.205285
13.327459
-5.858881
15.631983
6.030017
-1.736938
5.030109
-5.598558
15.083062
12.420893
-13.936818
15.878992
-3.463488
-8.392106
34.016033
-1.944169
16.501207
-14.963751
-5.154169
-17.217979
-3.211060
16.617887
-7.510328
-22.387115
9.670849
6.414837
22.049353
-0.755000
10.088379
3.948769
-0.503420
-7.743165
-15.901365
3.895296
-8.189672
7.826876
0.233787
-1.708068
10.947560
13.025194
-16.798330
23.636829
7.906698
1.367488
21.210011
0.846850
-10.771903
30.115219
-20.398827
8.070005
14.716466
12.242054
9.622930
-6.818709
10.134686
-12.317205
-2.386985
37.521065
13.213706
-3.704467
5.703481
-10.955694
17.374981
-3.161056
12.797817
10.187370
-5.564970
5.471179
-1.087268
-9.476059
1.729798
-15.496211
-16.812094
-5.371645
-19.151266
-3.901838
2.613761
5.145082
18.389435
4.280616
11.648083
-4.517551
3.613066
-0.787896
-9.710488
-14.728911
6.603426
8.890285
-22.587870
7.750515
26.797176
2.350023
22.004280
3.720038
14.905796
16.747217
2.907058
-2.731818
-3.467283
13.870351
6.756329
21.650890
-21.807987
-3.395687
0.161764
-8.953917
-3.662750
-17.014206
2.799950
24.595970
14.433578
8.954108
42.512100
19.654968
10.560338
0.550728
9.089859
3.604040
10.460835
0.634994
-15.197481
0.290710
-9.673045
-3.688442
-15.531363
-20.738794
-5.358711
-9.378885
24.332092
11.329358
5.857656
-23.052008
-17.184761
16.067270
14.897138
0.237184
-6.284682
5.841823
5.445032
0.109868
7.293515
34.197491
13.958872
3.324069
-8.709989
-23.594421
7.000302
6.065740
-10.204144
14.965022
-15.326833
8.340755
8.788245
-18.765867
-4.314845
-2.741111
0.023986
-7.490551
17.418556
9.592034
2.129147
4.251940
-3.133487
-3.050928
-13.171586
-3.011558
11.663678
-9.153515
-3.336826
-10.049228
24.640776
28.644346
-10.758343
-11.391833
-7.228318
21.220026
3.440079
4.295090
-3.487213
5.467819
-15.523866
-13.357716
9.385547
7.952248
-14.081131
5.008152
2.089277
7.619507
6.134443
25.614479
-10.441617
5.821564
-1.586463
-2.331475
27.056343
2.701195
3.744209
4.595460
-6.697251
-9.175285
8.248944
-8.622346
-6.269936
-2.255269
-10.616806
22.620737
-2.432887
2.526424
-7.598213
18.267475
6.433510
1.983356
7.675169
2.796038
8.589720
7.044161
8.692275
-14.159836
-12.573248
-6.150986
-4.847427
34.899521
9.437041
-9.031401
-5.586247
5.740786
10.852136
8.907216
11.062284
-1.273910
-1.922571
11.182798
23.205307
-15.880563
8.725097
-11.611645
-28.977812
20.500040
11.140854
18.159899
-9.423059
17.127392
27.151686
5.840420
16.890038
0.912591
3.615940
10.085603
-1.020831
17.083370
-8.588481
-2.411670
38.962315
-4.983600
13.786978
-16.107943
2.137407
-9.099595
2.415636
-9.021077
5.450468
0.970906
-3.045273
19.152670
0.754712
3.455524
-21.537321
7.710396
-17.929090
2.566232
-4.050379
5.808606
-14.277886
-7.484367
-2.689016
-0.141345
-1.541279
-8.160979
5.738812
-5.416801
26.623365
4.560590
7.860286
-6.984613
-11.306870
-16.185049
-3.987583
1.023833
7.622679
15.643501
8.168458
0.800968
-1.324906
11.016606
2.408295
-4.119168
6.574058
9.762378
9.049428
1.393611
9.473995
-9.637383
5.506090
-4.047137
0.626287
7.856693
17.530317
-11.338582
-10.734327
-2.393424
19.604086
2.888694
-1.706551
17.593393
9.264094
6.402914
22.610971
-0.715627
8.446324
19.784639
-11.740152
18.859236
1.222342
-1.093472
19.454464
20.278440
-11.567073
3.767993
5.160804
21.233927
5.181790
13.452044
-6.329451
27.711744
5.225599
-1.705908
-1.506527
-12.078934
8.607019
15.742789
-10.237457
6.945281
7.748673
-2.536516
20.987528
-11.498424
1.624056
11.362980
-4.618773
15.441359
12.896878
11.782273
4.399043
0.828266
19.293949
4.999619
3.694473
-30.011978
-9.017230
-4.931866
-0.737178
4.115271
1.508239
-21.839479
-11.783881
-3.978259
-2.781172
30.543924
11.787046
4.854490
-15.630359
29.530960
-5.419184
-2.562105
-0.754482
14.130320
-8.670108
12.711864
-1.280396
0.834714
-8.753964
4.525451
29.788879
7.921196
6.895688
0.521899
3.317076
9.586633
26.178661
12.352598
-4.874591
-8.271491
-9.833920
9.910840
3.121659
5.343013
17.424164
24.229319
0.102558
-0.602623
19.727171
5.370579
1.097612
7.136493
-21.372368
18.803661
-2.075089
-10.249019
0.943451
-18.085896
14.643348
-19.129450
-7.387488
-0.244689
12.576630
3.969896
-3.762970
2.416126
8.474427
-6.833505
4.985972
19.732676
-28.692661
0.243858
-1.392065
-4.961061
-12.322621
15.324714
5.100885
-19.450222
19.467724
4.689278
