-2.336669
-7.064402
-10.051011
12.176698
-15.698909
10.083817
2.906597
-4.233342
6.599151
-2.444625
-5.229157
20.712070
-8.149829
16.851517
1.743352
3.477322
17.244389
-9.242858
24.606083
-3.161336
9.979062
-1.079108
17.194166
5.960167
-1.863397
30.136658
-0.789916
-1.973788
-16.226219
10.637224
11.540843
4.323195
24.050493
2.885141
-8.688572
-5.453716
2.661981
-20.468748
15.083785
2.168431
-2.190900
5.859446
-11.213614
11.526806
-11.416823
6.312090
4.120840
12.531784
6.635713
-4.599851
21.112520
-13.180186
-31.882294
-3.619800
10.210156
22.217922
12.497270
-16.394829
0.515408
24.268084
-0.835017
5.014509
5.368547
3.399267
-6.236731
3.771441
8.732365
8.862211
6.576931
6.732081
0.820538
-8.862662
7.432560
13.449811
7.095345
9.181918
-6.699827
6.699396
11.005869
-7.285740
-18.340498
-8.694841
-0.063840
-2.665130
12.518560
-15.144810
-12.055767
1.615642
-8.087551
14.238059
-14.718928
-5.643033
0.110750
0.913308
1.684148
-3.769414
0.064465
3.157442
-5.321787
0.435815
5.184943
8.191921
27.256403
13.355762
2.943603
-3.616669
11.084185
2.521287
-11.319200
8.934098
18.136148
-16.194658
-6.323675
7.158278
-2.620181
13.164746
-12.268222
1.753294
3.232532
14.989183
-28.708284
-20.815964
-5.016220
-9.337446
6.774860
13.066672
19.372721
-19.336023
-9.324859
12.069736
-32.691624
19.779535
8.420729
14.604056
-18.869900
3.483805
-3.384047
-9.164571
-16.266998
10.289636
16.505728
1.746137
-0.341901
1.359041
17.544352
-20.570673
4.587019
2.413406
-5.360620
-4.047781
16.474184
-11.316245
0.258065
8.112893
-11.665457
-0.092368
-13.791762
8.157832
-5.969312
-1.963316
2.894283
-14.011009
-2.396634
24.440281
-6.617324
8.960459
9.553988
5.491977
-18.397203
-14.826809
-17.105259
-0.420185
2.734786
1.182171
6.707855
0.897405
-19.360077
-22.460369
-3.054862
6.258039
-0.091536
8.759830
16.273220
8.823700
-15.929542
-0.658397
-0.671670
7.120089
14.666104
31.814650
9.514516
-4.210313
16.660742
-7.433450
-4.890037
4.299413
-8.981397
6.101404
-2.182340
1.628507
0.126226
-0.677654
-17.224232
-7.164286
6.217009
-1.914196
-14.049452
-19.565901
0.990997
25.737434
-12.564887
29.471771
-10.121105
3.901556
26.115297
-4.736198
26.347450
21.449326
2.720748
-4.378926
20.142204
6.306706
5.196181
16.604115
1.320305
6.203377
-8.035250
-1.529534
-22.060444
6.489477
5.486650
9.658848
13.938094
-7.436167
7.646136
-10.602275
4.360013
13.556844
-27.704939
6.923913
-7.467772
23.871695
5.415912
15.307816
1.449615
-1.527341
-10.938627
1.538547
26.044392
11.814245
-6.039938
16.893854
-3.921558
-14.113505
-25.275600
-1.528768
8.619750
-7.101185
-3.720498
1.153676
2.662082
12.053736
-0.806336
5.422719
-23.560762
-14.597502
-10.264246
10.735930
12.154390
-8.309085
-0.150298
2.950048
-7.538373
-8.036964
11.443115
18.486160
-0.743361
-5.205456
23.234715
-14.876609
-13.919074
-10.701223
-4.688689
-14.022838
5.666687
15.523000
11.497672
35.371258
-11.802252
2.293518
10.632502
9.516972
-8.235719
-15.627631
-0.451999
8.914451
9.645823
20.485703
5.996044
4.779325
17.423164
2.982490
22.972778
20.604382
-11.804997
9.379993
-9.691492
16.010071
-13.293932
10.307960
7.861916
16.261955
-7.070152
-12.138006
-14.266278
10.676603
-10.234219
2.492784
-7.900438
-7.242501
-1.649318
-6.582899
-7.030653
23.599447
18.598988
11.341604
13.794339
-3.755150
15.767694
21.016020
3.413600
11.931228
-9.782110
-3.650386
-11.380599
-33.409607
-0.272556
14.143802
-16.041769
9.082463
-17.164789
10.150209
0.658933
-20.469503
20.644079
14.069352
5.616492
-0.441473
-1.479430
18.960875
-7.715413
29.966198
1.004656
12.992186
-3.583994
3.329647
21.886082
7.666552
11.296970
-11.495371
6.874477
-1.379453
5.556605
-6.949478
0.837124
4.874741
5.998092
12.521318
-17.248524
-1.478346
22.060495
5.981133
9.187346
-3.312408
-11.153617
17.586039
11.141310
-2.492223
20.346327
-4.656715
1.431239
-3.355570
13.239960
19.960978
-5.183292
4.759348
-28.503132
-12.460920
22.144384
12.662522
-4.003299
-7.736041
25.073160
-16.357504
-0.515234
4.036779
16.968967
7.946231
12.954924
9.546455
13.102936
11.147692
17.075678
3.672236
3.754116
-1.036674
-16.848097
0.155777
17.237394
24.617086
-5.943780
-22.841402
19.168999
-11.818321
-2.179123
4.954189
-18.200720
-4.474063
3.612077
8.944720
-9.231524
7.796237
7.287649
7.142991
-0.583464
10.844184
9.367332
23.919847
17.841045
-2.790900
15.334428
-30.062351
-2.938515
13.413522
-2.465050
15.395639
9.866016
-1.491869
3.764274
2.605711
-6.452687
-6.457907
25.819056
-0.431289
-0.602259
9.907593
2.116714
-0.212560
15.055449
19.174839
-3.161862
0.865043
-1.587187
-8.382196
6.247702
5.193897
-14.087549
-0.440445
10.793396
-11.179244
2.632062
8.507415
8.494243
11.533109
19.155375
34.740459
-12.716778
15.529472
-7.250764
15.804077
-1.800203
22.108082
3.627391
0.803199
6.217400
16.336994
14.177081
-0.260020
8.026285
13.618000
-1.631484
1.833376
-32.320953
0.268854
0.030111
6.108012
1.882253
25.819151
3.349241
-4.731933
10.341365
-10.262345
-2.946596
-4.442131
7.376398
-2.072510
-0.689084
5.041761
18.735926
6.645957
-16.534512
16.292505
1.057404
-4.624365
20.610760
3.297538
29.261993
-5.395263
22.857643
9.113494
-11.557689
22.575060
-5.509087
31.622242
26.126148
-10.294653
-5.831691
2.088697
24.139549
3.009644
0.148685
-25.886290
7.644821
19.129557
11.644279
26.077370
14.866056
-24.280882
8.922648
-7.650457
2.731217
10.316703
12.893907
-0.013422
11.809582
-15.764286
-0.522933
23.799776
12.220987
-12.165542
5.591260
-7.112910
-1.604674
5.230936
2.413996
2.714202
11.127818
10.836132
-6.941861
13.339377
9.827474
30.371765
7.180468
8.255842
4.849185
-6.525859
5.227993
12.026955
1.614476
5.973772
9.990816
4.399723
-7.562173
-2.180396
-22.556499
-6.492742
31.950140
8.245058
-10.941583
-2.535928
6.911272
11.789255
-8.665438
21.800135
12.801710
-0.357313
6.077306
19.304249
-15.511767
31.634796
8.568911
3.039969
9.220299
16.440432
8.442368
6.800066
-22.337551
15.764565
8.546179
13.480330
-0.887324
-4.474782
1.059349
21.306068
11.277445
-1.268965
1.701190
1.680595
-8.054736
9.462548
-5.411322
-3.496029
-17.355888
-11.379009
-9.681193
-12.228074
17.561184
26.435305
26.498102
-13.682314
-5.192447
-2.638278
11.168703
3.040723
-12.359906
-19.073277
13.016058
-20.350912
-7.084074
15.941770
-0.892189
42.761013
12.117017
-8.768668
17.298403
12.599351
1.278780
3.280888
-12.699502
-4.760754
-5.446141
-7.528489
10.946511
-14.810751
11.877378
11.170224
-21.128660
7.119634
1.149960
6.598703
-8.905699
5.913576
-10.756385
-8.531981
-6.132558
-6.026093
5.093124
1.627169
-4.094637
10.042476
-2.149403
0.363757
-20.377361
5.981390
-15.437395
10.738156
2.577525
-3.083766
-7.087213
15.162679
-5.124026
-4.219790
17.691595
-16.376123
-3.447957
7.954318
-7.909042
12.335778
2.796957
-15.645718
0.151258
4.021585
-15.670945
-0.737975
-8.810827
3.350062
1.403487
-5.886786
-7.114164
-5.514859
18.661991
-8.160743
11.421726
23.306763
12.582891
-16.333086
10.188790
3.742631
-2.033979
1.396528
20.341972
2.101514
-5.412109
2.689678
-31.788448
10.233774
11.090743
-19.020796
21.464859
-9.415303
0.160772
11.513633
-9.590481
19.698671
13.545329
-13.130138
-0.011602
13.370689
2.464353
-1.726581
-6.917609
-7.362957
3.140857
12.243617
-11.823396
-0.023971
-3.090243
6.569526
-6.224905
16.455418
26.791262
-9.589027
6.541169
17.192965
-0.770492
1.592170
11.040826
-1.709854
-18.471495
8.403945
-10.024073
6.488421
14.948718
-20.013271
12.791843
8.952334
-21.467375
25.066975
-31.948137
38.961067
-8.053808
-19.430792
13.823360
-7.776672
-31.151011
34.159527
1.557189
-3.653010
-2.600768
3.008126
-2.207784
8.363235
-12.323923
-19.450701
-5.898655
-4.052061
5.045971
4.580013
8.249848
36.619911
-2.282034
-1.260186
3.635793
3.649193
7.136541
0.668475
-4.093989
-2.858179
12.216599
1.520238
16.088917
9.178779
13.436334
13.014909
-9.594245
10.028820
-16.771345
7.447257
-2.619223
0.882881
6.481232
-23.214823
-3.006298
52.481113
9.722725
5.797976
-8.722826
-2.290880
25.289879
7.740162
-20.184324
8.842002
23.283478
-19.072035
43.464279
7.121989
-0.005407
7.192672
11.674781
20.155853
7.207860
-4.407848
16.442665
-3.657802
-7.087796
2.479282
-9.215473
-2.647701
-16.988844
-15.399444
9.245399
2.429666
-6.538453
21.377260
3.337083
6.640523
4.052112
15.964559
17.753162
8.167067
11.609849
-5.141604
11.502578
23.572916
3.588995
19.576199
12.939987
33.622044
10.531243
-2.965595
13.023992
19.552752
-11.717371
-7.481337
6.510705
27.029818
25.795580
-3.751090
10.605330
13.844105
-6.500204
-4.830317
-1.596666
3.007582
-18.524633
-5.689685
-1.027454
14.022098
-9.864225
3.905971
14.995923
-2.295173
-13.547762
7.296045
4.965883
-2.526767
5.698355
6.571715
11.546051
-21.171888
-4.510064
-2.807801
-6.310882
12.158895
10.903078
-0.942016
5.729249
-17.500376
3.719735
-7.864651
-1.165380
-8.408253
-1.879031
-11.967438
14.802377
-2.763462
15.620073
16.440121
8.985253
9.793946
14.841456
18.252375
-12.085587
7.741729
-2.357526
1.758208
1.162760
-5.234508
-8.751302
6.407996
12.604861
22.758886
-9.065964
13.807345
17.949858
-1.680123
17.406046
13.646482
-6.889924
-10.679481
-8.764249
13.419205
3.860564
-8.663065
-18.673800
10.810259
21.282093
-7.599272
6.681979
5.025591
2.154291
26.887747
-0.699201
12.008387
-6.293055
-3.819902
7.288822
-21.902836
-16.298794
0.113303
-6.240020
-16.516264
-3.805316
2.977430
21.556221
25.633419
-2.192225
13.783503
1.197200
13.342417
-8.695937
-4.458930
-29.407770
-1.139025
-5.658589
12.580150
-11.669106
17.924631
11.943710
-13.419724
-8.529306
19.459486
-9.810573
5.626627
11.808427
-19.170668
0.028846
9.333591
5.950187
-7.135466
6.429288
24.769716
0.583167
4.750741
-5.597891
13.136556
20.720562
-11.462417
-20.974310
1.691196
-7.523305
-8.148863
-5.274740
10.682178
4.103855
2.122601
-29.942192
-5.979146
19.745905
32.079018
0.500353
-2.374475
-4.263126
-1.842920
7.460684
3.253451
7.880959
-16.438124
11.064864
18.082129
7.772517
2.620989
-11.118509
14.549963
-13.949264
-8.057344
1.001432
-5.367813
7.597729
-6.837291
-7.981918
5.929038
5.747675
-9.420742
22.327772
-9.705029
12.646193
7.427040
-13.547077
6.960359
-7.255860
3.589176
10.357936
22.647079
-0.467384
18.359600
-5.493332
4.001300
30.935789
3.113158
25.949224
-16.875114
11.576009
26.696978
-19.846622
6.237716
1.756848
6.696250
19.080170
13.662314
0.638893
5.931031
-13.627064
9.990155
2.706534
11.618431
-1.871813
-4.519999
23.371843
-9.268077
8.926322
21.939892
23.581348
16.072903
-9.584698
7.901633
-8.222060
-0.860818
13.075610
-0.493003
3.057473
8.583025
15.371384
4.669245
-0.740759
-8.819057
-13.538337
13.710668
5.278665
11.257656
9.071824
9.577765
8.220194
-21.770594
14.860816
-13.820085
-10.545232
-1.983224
-0.411760
4.057121
-18.949625
21.646378
2.153957
22.342804
19.961494
-13.218683
-14.471483
22.017580
4.212276
24.363760
-11.286528
2.413792
8.312132
10.168094
-3.220181
-1.394571
2.336818
17.067940
3.746349
-6.150774
24.252407
12.715804
4.020962
16.462637
3.785932
2.909431
-8.732952
-8.364226
1.673267
7.632008
-25.408819
7.705377
8.506855
-11.532255
6.946504
-13.719197
-8.011030
6.207826
-3.883821
10.941783
4.611980
-9.034295
16.991531
0.915354
-7.321177
-3.933299
6.632103
4.552125
17.572311
17.558193
7.167805
5.935578
21.475780
15.668555
4.960906
-0.624028
4.574340
-10.901851
8.229122
16.828238
17.097322
-11.081105
-8.164168
-4.653647
0.054126
0.309669
18.860186
-11.604304
17.864233
-16.005823
7.061897
-17.005898
-3.151937
8.495517
-10.707082
7.464845
-14.853407
2.357758
8.323905
4.290136
19.353107
12.418070
6.364694
3.377021
-6.988768
10.006451
-9.459364
-9.308148
10.173698
-3.391329
4.480107
-2.865729
23.478638
14.364573
-0.163125
-11.870215
-0.973652
20.260170
6.113236
7.219859
18.297642
19.230864
-4.596350
-8.840369
21.709042
8.340412
4.709545
25.325796
-3.803138
1.193412
9.420883
11.147007
-6.155524
14.636864
5.914832
5.013436
25.744568
5.124049
-2.785254
7.685102
-11.560735
-4.585976
14.667853
5.983318
14.863307
8.504759
18.774734
-6.335898
-7.175904
10.179305
-3.253409
9.595948
-0.630301
20.076157
19.837128
-6.173630
4.088371
2.254671
27.152397
-10.444101
4.666134
-13.510288
11.336486
5.869518
3.371798
-5.214160
5.542403
-0.205010
18.066391
9.387001
6.428090
0.338699
-10.004142
-1.365333
5.553749
-1.835582
-25.469349
-19.696169
-2.524190
6.878400
26.119123
5.076350
-0.122320
2.592841
-12.979433
5.671687
8.588643
6.360717
2.254584
7.925184
19.740829
7.013566
6.881318
-7.939759
4.100400
12.068446
-21.476532
2.820843
8.861563
0.410415
-4.128841
8.330813
-3.544589
-10.307536
-2.392633
1.652754
-7.488314
5.565383
-10.674197
17.907187
26.199270
-8.200200
-17.649508
21.018126
4.319538
-31.729916
-19.337217
20.544197
26.598040
1.739581
1.645324
0.312908
6.571255
14.145750
14.267042
-14.198176
4.228323
-0.663952
7.276655
15.147613
21.702841
2.773063
-18.182041
-2.413519
-17.739918
-3.713391
0.953292
-2.558733
-21.188145
8.409170
31.503057
-11.066027
11.914247
-28.521070
-20.849432
-22.718365
3.902485
-7.024912
-18.681677
0.252292
-2.066556
-0.890839
5.681086
15.316802
-2.635602
4.785630
20.381277
-18.062126
1.396258
18.112972
14.660028
6.632475
-2.487743
7.377135
3.390200
-15.678201
11.367248
6.559146
-5.706352
-14.168275
11.222001
-1.486244
3.021899
8.670220
2.346629
-3.049956
14.556431
10.589928
14.610106
19.625456
-2.144144
-6.492286
0.815930
16.626198
-0.873836
3.566030
-1.525724
-12.295713
-1.397110
33.029881
5.695285
14.878710
9.212941
-27.669989
-7.336696
-11.069684
6.583745
13.135995
8.080960
0.020192
5.466879
-6.855654
25.910734
-22.542242
-3.500026
6.387089
-5.345389
-16.930899
-16.153465
4.603189
11.348578
-13.175947
8.429092
18.079287
4.071811
22.041262
3.374553
9.217785
3.328767
19.255611
-2.658772
-4.212023
13.282939
-7.883502
-8.500438
9.566483
-7.755848
6.570056
2.572530
-1.940284
22.230936
-12.114492
3.529141
-14.032816
17.950542
10.290359
2.485065
2.348333
8.309736
-0.641881
-5.248692
-9.366259
1.990406
-4.129236
-0.006836
-10.378320
13.448542
26.820858
-8.946510
6.206866
-6.613644
8.424385
-1.201569
-1.638623
-4.884251
12.833853
0.643243
3.380243
-2.523281
12.203259
21.344770
3.697748
8.301565
2.229104
-5.510571
14.449860
-0.666231
-16.407305
-9.746175
-24.289473
10.168971
-8.441422
0.504193
-3.335515
18.494394
19.176439
-9.860139
-3.890500
-0.906543
16.247372
2.821858
-6.023357
7.749948
0.578033
12.016417
21.603048
-0.710737
12.198800
-2.192400
-0.508752
6.942156
-10.861470
4.878157
-0.653898
27.415131
5.783796
10.720699
10.976935
9.872252
4.358985
13.171480
-12.325611
-0.161560
8.080821
10.338030
-7.064611
-1.274005
-20.196104
-0.576111
-22.709314
-3.022663
8.146035
-0.272666
-12.166673
-27.223383
23.087173
-8.561264
18.133911
-2.723204
-8.319177
3.346845
-13.009791
-9.244315
3.138765
23.567564
0.531974
3.496114
0.960271
-11.963708
20.773277
12.949887
-20.571234
-0.648437
11.790569
0.884134
17.067049
13.630113
2.141114
-5.229760
-5.591410
0.599647
-5.159049
9.352937
-27.090511
-1.718514
6.725763
26.428658
-8.475801
-5.224694
-12.713881
-9.581319
12.463649
-2.453215
11.586721
-11.327429
-6.516511
10.564717
-25.318216
-3.920945
2.047737
22.033665
10.481088
14.368540
-23.527937
22.715687
-5.971405
-0.272277
3.005713
-16.142015
-4.049395
24.385952
-37.728226
-12.208462
-5.081551
15.329010
5.403893
-30.299641
-23.813723
13.930754
-4.370664
19.402142
-11.663601
-1.470073
2.292540
20.687828
-11.078928
21.226028
0.233217
1.025211
9.557082
-3.564635
12.878837
22.475769
-11.400324
-17.839497
8.050089
20.327738
-12.176686
8.502769
3.525747
10.128409
-6.512824
1.981124
37.259182
-1.420190
17.463556
3.857708
6.399723
8.861854
1.077480
-9.068176
-5.303640
5.025204
10.765977
-10.726016
10.571519
-20.385317
7.869814
13.421810
-1.656367
5.348387
4.356010
-6.298065
-0.053101
-7.603442
0.741854
8.092196
-2.813587
23.459274
12.724736
-6.677769
-3.027924
9.678757
2.927758
5.243583
0.418596
-8.099319
-4.730920
16.517185
4.243293
4.475380
25.580976
-9.118830
18.015808
1.363725
13.985012
12.085904
24.159948
5.482646
-18.410461
-5.869199
24.781685
-16.644690
10.839118
15.948439
21.698540
9.929232
-19.431093
25.925613
-6.199059
22.342827
3.404431
-9.451360
-4.344488
-2.173570
7.246815
-11.030272
27.330414
4.648058
-2.567280
-27.952597
2.144489
3.630610
-1.160319
5.745293
-9.651050
-14.854445
-0.583645
7.818007
-7.249742
8.029590
-5.606152
-10.690190
8.635636
-14.613701
3.090546
-4.748446
2.908206
6.519256
-3.935188
-6.645496
17.607231
17.615631
22.343374
5.062619
2.656570
-2.257768
-2.898957
33.774460
18.994808
0.777017
-3.837117
-7.630500
6.646608
-0.014375
13.164484
-12.224710
-12.866962
23.692142
28.914026
-10.602729
-8.619418
2.818207
5.901193
17.144838
6.822633
15.150883
-2.981577
5.863511
27.115690
-16.319906
0.903049
-11.811942
5.338988
20.825932
-13.148985
-2.956030
-2.191643
12.974034
3.203969
-0.988786
21.870256
11.906942
10.793454
1.632023
-0.434636
11.808106
-16.107662
-16.486252
-7.286312
5.825649
-1.181897
8.507162
17.425285
-6.421920
21.617212
-2.521398
-12.014069
7.583674
-15.919147
17.428762
6.108874
-7.098631
-8.167567
9.522915
18.709709
-0.530159
14.551934
-6.520252
27.069576
25.246975
3.528080
-0.040722
-22.174244
0.078130
16.683437
-15.148005
2.334839
-5.717938
-6.155781
6.400203
-1.219958
-8.734744
-14.709868
20.644644
-20.631685
26.594944
3.697502
3.549299
-9.211157
-1.457158
25.475883
-6.686765
10.840795
-2.699149
23.417656
-5.204637
-12.468020
-4.162579
7.498639
1.646710
-11.759405
5.927467
8.585248
15.417632
13.313356
20.975487
8.218872
2.721151
0.126126
-6.252462
-9.548646
-3.960034
5.019774
-8.289293
1.433567
1.870944
6.707596
20.157743
20.456203
17.858774
8.174196
2.416236
-2.941479
-4.136130
3.603593
-1.329911
17.445120
1.738595
9.453170
19.520533
10.342368
-17.557556
0.573009
6.225654
-11.716907
0.488460
14.130871
-2.222852
-0.195502
-24.094852
2.144320
-22.937191
21.005630
-16.055267
-10.756370
-2.655194
13.233249
-2.759640
4.980783
-6.858351
-5.206224
16.042400
20.170929
3.358970
17.210518
3.924856
-5.684471
1.100335
-4.485023
-0.626414
-13.945078
-15.933566
18.217974
16.528259
-33.844864
12.349828
-8.170289
9.530216
-33.264668
-11.038044
3.763394
11.662826
3.767988
8.412117
1.820737
9.233693
15.755700
-15.880777
10.200631
8.618261
-11.092258
-17.621513
11.057465
13.214242
-4.947660
0.572512
14.480470
-12.177641
-2.839557
19.706137
-13.313985
11.914823
9.463634
19.295931
-0.735955
-3.404311
-12.088982
-10.343316
-8.193644
8.899971
1.985187
-3.484561
4.391572
-7.246393
1.012163
10.576738
-2.807234
-21.592655
-4.893763
-4.866517
5.375028
-1.921027
-8.656731
6.594443
-1.855520
1.130358
17.696447
21.185522
-22.000187
23.255323
-9.375294
-9.755648
-14.216272
2.919207
-5.919867
-8.942392
1.968732
3.460327
-4.597532
-14.360831
4.754378
-2.003562
22.059965
-9.463689
2.977563
9.126501
-17.731705
-18.324331
-3.343071
10.752168
-14.949258
-1.675488
-6.219988
-14.172772
-6.169715
17.532564
22.961021
-3.109036
-8.091944
0.425712
8.603830
10.082867
-4.973873
-16.956644
-2.589899
11.868320
-9.507464
-6.012352
0.714703
1.908834
21.773623
-11.404681
-0.080089
9.626503
30.897711
15.172349
-5.462388
2.715212
-16.299877
-6.783880
-1.295305
6.588873
-14.268999
-11.789072
19.724577
17.578415
-11.432206
5.727881
8.063309
-14.695271
11.230137
11.621891
11.146897
5.374969
2.944446
-7.516500
-2.613799
-1.090908
6.359770
5.085097
2.761886
20.949862
8.537527
-12.776003
21.149796
10.881288
2.672507
21.204697
-5.400286
3.080745
8.631610
19.340105
34.117275
21.100842
6.941064
-6.780461
9.214148
0.464384
-6.381377
-7.979603
1.639617
14.534390
-12.858511
20.003073
6.503372
-1.059477
5.648400
6.292360
11.602653
9.155747
3.197381
-18.139620
-6.872239
4.216543
27.814377
-9.420882
-15.398806
2.330098
14.388034
-1.722006
8.972522
-9.336217
9.197563
15.097866
-20.825119
27.294798
9.913011
4.541988
-5.500573
-10.192472
4.421306
-25.719151
-5.794588
3.816895
16.240589
-4.831004
-12.438256
2.098060
-10.754045
20.380531
-14.687695
15.160563
24.569511
-1.521710
2.198069
-20.636671
25.611174
-10.021139
-28.865147
-18.558495
27.955017
5.465101
-3.637951
3.632430
0.847333
8.671606
-16.651180
1.171274
7.177349
-3.362731
16.019421
3.309819
28.512520
15.033340
-12.083151
2.999174
30.181656
3.560370
-13.059480
12.307135
-8.552933
-29.349531
4.141218
24.778343
3.334731
27.707430
25.815243
-3.723628
3.454844
-6.139133
-4.598058
-16.482315
-2.169087
-12.613917
-3.480111
31.060335
-9.754020
-13.235949
30.994991
2.964922
-1.366594
8.058502
-5.695730
4.443067
-10.519367
10.889812
20.497202
-2.828663
-11.834243
5.614569
2.564251
-10.599981
-16.506521
2.800801
4.463315
7.514861
17.281837
11.846385
22.682619
1.965403
-2.956854
-15.133282
12.211856
13.581963
17.132183
18.425140
11.220550
2.027752
10.023774
-7.501310
9.071402
-4.538941
18.657429
-6.623589
11.134653
-4.636036
-15.964108
17.150723
-1.315467
-16.325830
4.390065
9.170165
18.581476
-9.572775
24.535267
-7.963112
-7.775091
18.414625
-0.915722
-2.472155
-0.126016
15.873718
0.286423
11.577863
8.111933
-4.597984
8.132468
-1.344338
5.666322
-13.458145
8.248405
-19.558962
5.938975
16.893713
18.456240
-8.235281
10.604329
21.251284
-14.545060
-9.722047
7.612222
-10.013714
2.649673
1.247862
24.172594
3.607742
5.956619
-5.384950
18.721247
2.834692
-17.509176
3.218252
7.320110
14.686656
13.415142
5.579124
-2.475122
1.874456
-7.743802
6.534838
-21.919065
2.751119
12.934303
-4.549530
-6.155731
-8.404304
17.799391
37.436871
17.727518
10.493003
-18.664198
-1.362596
-8.663384
9.257095
19.248211
-24.617886
-16.831802
3.350342
-12.747776
12.701098
-3.770831
27.640520
4.517519
8.125088
-2.343055
8.561613
12.248712
-5.940432
17.729805
-8.763062
6.380856
5.252052
17.384882
15.821677
-19.629768
12.957026
16.196638
0.521227
-0.453944
11.043990
13.661853
-0.975293
6.506788
14.378367
16.099327
-13.728102
15.237741
-26.316784
8.557363
1.782421
-11.189115
-19.522287
-10.190338
-3.194592
-14.322657
27.873688
27.143488
0.125904
-2.791955
-9.240765
-12.792991
-12.416743
4.558132
-4.744346
6.210608
-6.259918
-8.730486
10.487224
1.252589
11.032318
-5.170410
-14.421476
-11.183106
11.178366
-8.516128
23.994810
10.803740
3.289338
16.052614
-15.928391
-0.403584
-10.357097
13.339234
19.813656
-4.400951
15.800942
14.070099
14.312095
0.136321
14.656123
10.108413
3.333902
-6.661617
10.118066
-10.228582
-7.520180
-2.915338
-20.829100
5.772370
-12.676541
33.192043
6.842262
-9.398197
9.098111
14.153337
10.092163
7.967057
-0.286544
6.101799
-9.864603
9.360764
13.947890
-8.135754
10.652721
7.959927
-9.470113
-23.297348
7.901994
12.901326
18.689041
20.166384
6.574887
-3.639438
8.042957
13.486814
-30.276514
-13.959871
3.724945
2.915442
12.986097
7.889387
2.084817
-19.916504
-6.999828
-6.124956
20.445778
13.090137
-19.432447
1.125433
-21.036108
-8.155385
15.989722
12.924431
1.944119
-6.417052
11.221646
15.683565
36.333736
0.918956
17.497728
-6.075620
-19.377197
19.924654
2.272736
11.959472
3.719706
0.325086
-8.460831
11.418458
-5.219469
2.226963
14.274367
15.035602
-11.587832
-23.871859
0.109631
6.573929
13.270051
-17.049189
-6.997146
-9.901698
-7.439145
32.323765
9.886245
9.905124
-12.684123
13.241623
18.018364
9.987012
-5.271441
-3.289837
5.219890
3.611479
-13.859303
16.171997
18.045151
2.845681
15.698658
3.304520
9.575380
12.389280
-5.119119
-12.671971
9.856606
1.731872
1.655922
-13.685589
-7.741885
17.508327
7.837432
3.519261
11.265255
-2.603488
8.396997
-9.123868
-8.065327
-13.417463
13.230130
-17.111904
0.088827
5.192015
-7.053403
14.944035
-16.836679
-1.724758
-10.108638
7.811362
16.481606
21.160450
6.788970
1.418297
-11.290292
21.342230
-5.715105
5.867160
-7.271890
1.900388
5.595449
12.589214
-8.666544
-12.501927
-5.149998
3.446508
-19.621450
16.207388
4.692677
3.898348
-17.619621
2.789776
-7.226318
3.912707
-1.886399
10.908298
-18.176962
7.093660
2.842709
-3.437129
-2.194464
17.083515
5.406634
-3.006782
9.204889
3.098788
4.636594
17.775894
5.390143
13.245034
-5.151199
-14.782963
4.173878
16.564920
7.513334
1.088123
12.521341
4.902360
17.212923
-1.122127
-0.897280
3.374383
-6.809582
14.912423
5.396720
13.415835
13.333655
-8.663078
4.742196
19.059580
-1.982670
-16.531549
2.280802
-7.124896
11.491992
13.501148
-8.064598
-0.477926
6.266973
7.922268
8.267344
1.963635
-2.862503
15.127017
15.037382
-3.418106
-12.745056
-12.088079
-8.015009
-0.207317
-0.009730
15.627419
-3.999176
-1.778593
3.921820
-1.714895
25.823141
-6.285863
15.623603
9.115278
2.101192
2.638013
6.894757
15.893145
-5.959570
3.529216
2.929736
13.837509
-3.229805
-19.885036
1.961573
4.866733
-0.817105
-13.349712
-13.164955
-36.839451
6.162944
0.516801
-1.121581
-9.947474
-7.272489
-27.125444
-1.794346
-26.025940
-0.616904
5.054055
25.824738
-0.432057
-10.337730
-21.303270
11.545671
9.178891
4.213373
3.301880
21.028137
2.461705
4.860577
22.884090
6.186764
13.784846
-15.543887
15.824221
-24.273521
11.655392
17.907087
-8.461329
-1.098323
5.582731
-6.839956
2.292950
13.534376
29.029558
-0.767459
7.159781
2.521811
6.738673
5.345409
-16.173985
26.914946
2.558486
-8.590482
-12.717304
8.842927
2.719560
-14.198156
-9.233980
-8.606070
-7.111474
6.703643
-3.055021
-5.393152
-1.792911
14.920549
2.564947
21.140236
2.482797
8.675336
3.724086
-16.744783
1.985518
8.199174
-2.472273
15.268436
37.468559
4.421834
-4.427283
-1.443388
-17.325090
15.481450
-2.409234
18.565376
-5.445041
-18.091993
13.542144
-12.037924
10.706016
19.117168
10.060574
7.067402
-2.917374
5.113137
-0.368150
-2.366769
-14.051669
5.383815
-4.012142
-11.661506
4.548879
3.341098
3.006871
24.471371
21.261696
10.323757
-12.291727
-25.341555
-13.097619
20.796961
-7.490699
10.826246
4.964552
6.982533
22.066298
-8.201884
21.759262
-15.582648
17.236975
-2.520476
3.375965
-6.920691
-9.887779
13.989109
0.739528
-7.818288
0.286799
-0.436252
-22.843292
11.629371
6.261074
21.837399
9.683105
5.301476
13.832665
10.671978
-5.729569
12.031286
24.639387
-8.664442
-12.785063
6.012211
17.659433
2.826110
2.768358
3.213325
9.636123
2.765382
2.548541
15.185438
26.350136
13.343163
3.826789
14.451000
-24.383276
-5.612412
-9.314234
-4.384556
-3.659759
7.158254
23.107130
6.461239
-8.658204
5.702361
7.590252
2.157576
15.496996
2.103306
-21.386114
8.780311
-0.897224
10.629439
-13.135998
-1.407729
6.161394
-2.176403
1.481818
5.588223
19.567514
-0.034397
-3.453466
-5.693755
-2.875592
11.953915
10.592320
1.331471
19.566727
-5.579431
10.549497
-5.898358
18.393770
10.971761
0.632999
13.948305
2.788380
4.697156
2.518129
-1.800468
17.089334
-1.892801
-18.814276
-6.644269
-6.689369
-7.931376
-10.298510
24.446171
-7.039572
-0.640354
15.562327
6.585338
11.230940
5.731029
11.413891
1.217203
11.556055
14.962583
2.044127
11.921472
-20.218172
19.823336
-7.922241
-3.934870
8.770769
19.318018
19.035049
2.519408
-21.296358
9.288120
-2.424834
6.022962
12.022309
-1.984262
-31.711798
10.144857
4.597138
6.873986
7.675344
11.981184
11.549147
-0.225447
14.977795
3.270141
7.265515
1.629804
-0.369532
2.507533
1.099179
9.030029
-9.672445
8.843256
14.029127
26.557955
22.238581
11.989528
-0.296213
-12.821189
6.764963
10.911372
-10.093112
3.640909
4.197057
20.280952
-3.600783
6.404946
17.201136
-3.181051
35.019279
4.776959
-3.639820
10.180079
-5.612444
24.207352
14.281576
4.911063
15.892793
11.253972
13.300798
9.131976
-8.648843
-14.120142
4.327149
1.076522
18.725697
-20.240692
-27.062119
-2.380357
-26.056175
7.183782
10.055217
-8.220511
8.310104
-8.623832
-22.282944
11.566943
0.126538
-4.417316
16.020479
-5.493404
20.852245
11.166122
19.345480
7.764801
-18.505676
6.559538
8.719268
-7.736885
21.649694
18.294827
-14.197111
23.872168
12.162465
4.787229
-11.346741
-7.861053
16.439976
22.603821
-10.121158
-22.804976
-2.230330
-0.465906
10.942272
12.826543
32.573608
9.422058
25.667784
13.355548
-22.944263
0.456948
2.502759
2.650796
-26.708176
22.158640
7.405127
3.193890
2.519990
-2.073105
7.369597
12.330022
-15.515877
1.043383
3.232166
8.490252
-10.992080
16.869905
9.524302
6.041832
-12.571115
9.719524
-3.514059
1.310139
1.288363
13.565498
-6.724195
19.523212
1.644074
-10.983500
36.967823
16.825420
33.553787
6.243912
-24.893597
-8.409255
-13.495255
-1.377641
2.851992
-10.398552
9.552186
18.575565
-13.973447
30.194183
-17.853115
-2.989753
11.051522
-20.804972
-12.961894
-2.613371
8.166101
9.509885
17.403969
0.161514
14.924983
11.628304
17.826136
-5.332502
-24.844915
0.846146
3.432651
28.191307
13.549476
14.686021
-4.401220
14.203556
-0.554131
9.879611
7.046352
9.338634
2.496630
22.451241
9.968455
-5.393303
0.341667
11.504270
8.851218
6.007004
1.011605
-1.479893
-7.003149
2.756735
20.794643
-14.672910
-25.091816
2.910673
31.348627
10.656899
6.211631
-0.156806
3.370617
2.639130
14.606305
-0.600767
12.706671
18.839659
16.464985
15.733656
2.871091
29.836979
14.679844
-10.864947
20.149765
-5.073748
-0.812112
8.667666
22.889151
21.277472
8.132702
19.573414
13.333827
-5.813829
14.990276
7.403762
11.655924
36.642265
10.471508
5.889381
12.278798
24.978558
-0.756365
10.776448
9.999306
-14.805168
5.808514
10.130276
18.809282
29.127497
-6.846478
16.022198
-0.200862
-2.937142
-20.404676
-2.431613
44.194836
-5.201964
0.737226
-7.349775
17.840588
0.811961
14.582604
-9.398747
7.507352
10.517511
5.903922
-24.985456
19.564619
7.657467
11.897966
-6.289527
12.055473
-15.741781
-8.654716
16.489744
11.417912
8.683382
-8.178394
1.643738
-8.172085
4.520105
14.482259
2.315883
-29.904371
-12.079680
-7.392854
7.103232
-11.853654
9.116693
13.981193
-0.562318
22.733177
2.901052
-9.443758
8.197993
-5.284885
8.728925
7.308258
21.159935
-18.063641
-7.804235
0.224305
7.667073
13.505751
7.719920
-5.292096
-15.449076
-12.308041
26.391792
-9.325495
-2.044288
3.478279
3.724398
-0.410848
-4.061471
2.677541
13.533829
3.996917
6.491541
0.484453
8.379849
-8.309738
-8.598724
3.444002
0.866891
-16.155596
3.545501
-11.453448
10.220780
18.497742
11.920171
41.480793
-11.812552
-7.357657
9.647363
-14.883733
-9.777252
14.294045
5.304208
5.881404
27.219000
1.917948
-2.174172
-4.295795
18.225615
-13.391023
0.915836
-7.602188
2.174894
-24.868721
20.202940
-11.728380
18.495426
10.479852
10.483529
4.414897
6.753212
9.998128
-10.006164
26.588993
14.865627
10.288191
6.090474
-12.890123
3.449799
27.644730
-12.013086
-4.110703
17.724415
18.564980
2.797920
12.224815
3.401288
1.423437
-11.376000
9.795583
13.004985
-0.667810
22.929268
12.472878
-5.669136
27.117270
-9.880276
17.050446
-6.847570
-9.368862
23.120974
0.888393
19.156858
5.789599
-8.076384
8.408020
-4.176981
8.833810
3.235177
8.780707
2.673998
13.472369
8.956228
1.382674
-3.069851
0.810155
-10.589912
3.291356
-23.982073
-6.375342
17.402466
17.930967
10.966406
0.621135
2.101178
-6.962656
-6.161853
1.941064
16.231461
12.249130
13.715123
6.491292
13.033861
-23.251541
1.121649
32.686214
13.746334
11.343842
3.110844
30.023081
-0.142173
22.034863
4.237885
5.228878
25.002115
5.431302
-18.782339
19.909992
-7.596487
3.113320
9.970575
41.123695
-26.409916
-22.619583
15.634720
4.444014
-21.248072
0.661794
-6.897299
7.108803
9.069382
3.976462
40.661251
12.488130
7.080796
0.351110
8.212898
11.878832
-2.191550
-4.396216
1.586428
7.209443
-10.077782
11.896708
6.655725
-11.637928
2.158206
6.767724
11.604301
-10.698874
4.120339
4.637234
-30.017786
-5.792651
20.046345
-3.121924
-3.226484
4.411777
-15.523869
6.365824
14.333815
-25.838078
11.566574
8.199946
-0.493525
5.166907
-6.298827
-4.723482
10.320897
-11.322528
18.309540
4.378809
17.308363
-27.209423
9.886551
-6.150747
12.585628
4.097396
13.005736
28.903509
7.819808
4.775148
17.689228
1.809279
-12.717480
16.501923
-10.237383
-2.474806
-4.945239
-2.716876
-10.586983
-25.014759
-22.514990
-24.138357
1.034683
-7.302073
-11.743516
14.831097
5.392029
1.075318
-6.806060
-2.749552
20.667341
3.432750
-2.713958
5.770992
3.601463
1.512751
7.614459
7.392733
10.803433
2.123555
-8.143847
19.779819
-10.597805
-0.350241
4.455851
12.235364
-8.422260
3.031547
26.717136
4.616704
5.491799
-4.358683
-24.044193
-2.765060
5.811435
-20.695936
-1.141453
-3.627107
5.083665
4.584596
0.595167
-10.816773
-6.557651
25.816280
-0.322675
28.637875
25.443863
-11.588114
4.336039
-9.734265
2.505421
-5.099600
7.171513
5.764357
6.001462
8.057369
3.068559
8.592088
3.252119
4.938989
-0.088141
-7.184842
5.176289
17.507071
2.736076
19.545835
-0.529354
-23.634092
7.955291
16.491941
-6.170521
29.878790
10.440919
28.148754
-1.118867
21.047228
6.476933
-2.684612
13.590120
-4.505084
-0.694044
4.559038
-8.937887
3.774344
35.667717
-27.196363
15.852880
15.841938
4.467989
1.545882
18.095245
17.906166
-2.541419
-5.515682
22.440317
-3.686996
-15.126397
0.976591
-10.647963
7.001505
12.049479
26.381212
12.386202
-9.554532
3.139505
-6.232492
-0.577949
-4.214190
1.540195
7.762267
18.654827
14.690351
-14.864785
2.225766
16.550982
8.191327
3.997347
18.803986
-14.854330
5.270437
-14.584789
1.097599
3.677482
13.357151
21.815649
25.344971
20.356224
11.918368
-7.910515
5.094737
5.029229
3.160786
6.474854
11.577158
7.742859
5.796949
-14.521186
1.777761
-9.744751
13.596063
17.215179
-11.215648
23.974382
36.159454
23.421036
5.760818
5.343371
19.794594
-1.181455
-21.177769
-2.412411
-13.196569
-1.091624
1.529922
7.848325
-10.119760
-1.710273
-1.213174
-4.377234
21.305067
-15.446802
0.612745
-7.999157
8.727491
-12.352878
-0.231014
16.557158
15.964317
2.933667
-10.462573
0.191381
-4.385502
-8.847847
9.733053
-0.003145
-19.004524
1.807786
22.439020
19.039906
4.406923
-16.644957
-14.305988
-20.259855
24.447594
-9.573456
-6.666638
-16.622553
9.169777
-4.816718
-0.730376
5.427303
-2.282931
4.827028
4.810542
0.112258
-4.876081
11.679096
3.893924
23.789484
-6.680928
18.578630
-1.646311
3.961919
-24.972765
46.723351
-0.414912
6.755024
20.063141
17.477489
-3.248756
1.079439
-20.837322
-16.175028
25.170897
-0.804453
-24.109665
9.393553
-13.374218
0.555887
11.577608
-18.760845
-2.405367
16.259617
8.061667
-7.678941
-5.289395
5.116032
3.076647
18.045572
-22.704489
-6.914486
7.276271
2.936377
7.653123
13.507689
1.493735
5.011662
17.731926
4.389840
14.815568
4.220864
-0.683434
-10.270390
27.734222
6.389091
-9.867709
8.225185
-30.697094
17.901896
8.742723
-16.129839
16.880548
7.554891
0.708357
14.005375
0.969821
5.309703
1.818867
31.343927
40.052616
16.330553
8.977564
15.316752
7.494988
-6.037780
4.093750
4.641242
19.331156
-1.007925
-9.010077
9.220428
5.874429
-2.587516
4.761450
4.890579
-0.755019
6.855374
29.761721
7.292264
30.966599
-4.259387
-1.075034
18.502914
-6.742427
3.875300
11.332659
10.215565
7.553760
-0.142579
6.086077
-7.673206
4.579190
1.076294
9.294474
8.405528
6.332601
26.957438
11.248202
30.080000
12.473909
19.359362
1.587065
-5.013431
13.903892
17.267389
3.813021
29.878056
-9.839497
-11.484262
-15.553214
14.228274
14.945391
13.964881
13.963874
1.807745
-17.946188
-16.551811
-5.604452
13.067613
7.103342
19.581648
-12.217010
-14.644159
7.242986
12.701527
-15.339575
11.295148
-7.110878
10.042405
16.160360
-0.589402
2.557140
9.594565
-14.498851
9.039166
4.709827
6.847804
-12.294325
9.541333
10.226903
-4.513807
-7.666935
-8.306699
-12.791764
8.119498
-4.677377
4.419536
-7.351850
12.963422
0.513254
3.975320
4.970863
-11.387389
-3.046688
33.595005
15.961291
8.272706
3.858323
2.039963
9.643055
13.677108
-3.556945
2.942759
-6.626215
15.438449
32.382351
-12.991460
-7.892035
-21.951942
3.771314
8.132664
10.435492
8.928523
16.899460
-7.381827
8.100801
20.910240
0.213167
5.452634
5.973754
-8.696693
-17.100262
-9.441697
-5.442431
6.561140
-14.135216
4.775022
-8.791953
12.084842
6.477107
-5.724948
-28.513130
15.774590
-9.441436
-1.132131
15.485865
13.104227
-7.765753
-7.853269
13.509566
-20.867855
12.906130
7.431531
-17.431501
-4.011514
16.631727
-9.267746
-3.147694
7.990424
-1.899337
23.021971
-20.157919
-14.335041
21.296726
3.419121
14.734119
-23.654434
-15.056845
9.931737
-18.599569
18.094297
8.754585
-6.371613
-1.910419
-15.623934
10.275293
-8.813665
20.906418
1.410836
17.664154
-6.474750
-9.176986
-9.283408
6.934352
-5.554487
1.525126
21.027420
17.174320
10.166571
-4.320738
-11.522633
11.825882
9.499716
15.320021
-4.319505
20.423782
-16.970886
17.763414
30.252872
-2.859786
2.700741
16.577356
10.092340
-19.216272
4.582397
20.692076
8.159657
19.305441
1.450577
32.235371
19.251904
11.338223
-0.294723
-8.867225
-10.365627
10.235922
-16.335148
-14.132934
12.983209
-23.313856
17.943924
-15.195921
-5.792893
-4.588231
15.857862
6.471881
6.913070
20.430197
-12.961990
-1.814099
-0.714552
20.631378
24.981386
11.162154
-5.342978
8.715882
1.235922
-13.308494
3.054247
3.730187
-11.119155
18.542356
4.119839
19.649584
15.448381
7.435542
8.131291
-0.308372
0.747901
5.227620
-7.585850
-11.985261
-9.510650
-7.031445
0.459111
-19.881334
2.483390
22.212694
6.907907
-1.133611
-4.765176
30.125553
2.443516
-12.907748
-3.326272
29.286009
-2.340134
3.730031
-20.509573
-1.327793
7.417396
-12.643084
9.347173
-4.212568
16.726711
11.225068
-22.301497
3.496490
-0.974392
0.676032
24.332563
-2.109094
11.293876
-19.126644
-6.962070
-11.099603
2.297221
11.394329
-11.676573
-26.351261
-4.203766
4.989160
-0.324800
-5.561256
5.336766
7.022803
-7.725181
-12.740166
-9.513909
-9.245049
3.111717
6.047690
-6.174565
8.450234
18.022606
10.207274
-18.376427
33.666653
-1.397177
-0.596034
22.937338
-11.347512
-16.057137
13.808867
-14.771229
5.232535
9.346151
12.923419
-1.976687
-2.935802
2.080550
-9.391052
-8.186139
37.609276
-6.107894
-3.055856
3.462702
-13.998335
1.040388
-22.578196
16.285410
10.405334
-1.289876
2.078474
-6.837965
-3.236301
2.083641
-16.840395
-10.347634
-4.810105
-16.128641
-9.832933
1.185965
19.126141
17.528061
-1.356771
15.480370
-7.057240
0.678890
8.186292
-6.965817
-29.533278
7.146600
7.754238
-16.540419
5.878635
35.893257
-6.418564
13.003504
12.287295
11.902740
16.732811
4.826994
7.183091
-2.170609
11.917579
14.497317
13.191906
-6.586479
-17.568552
-2.640284
5.404049
-4.900347
-6.464293
2.127838
17.111746
27.217590
24.887051
37.468887
27.259041
4.858541
4.618851
-10.126139
10.683925
15.428484
6.066971
-19.343620
6.134929
-7.459630
-6.629735
-2.854724
-24.481070
-0.164265
-9.605604
25.408133
0.975133
7.953472
-11.895728
-9.029125
0.539015
4.970612
-10.886885
-11.127013
1.396127
10.854791
6.304041
1.382817
17.472162
9.518957
6.270559
-20.659803
-5.990658
5.552629
-1.295259
-2.351910
11.484566
-12.707677
19.241463
4.504447
0.770504
-18.251194
2.262297
3.769968
0.886262
13.365448
9.602108
-7.357985
4.556804
-15.662335
13.256796
0.236176
-2.098068
18.397146
-3.302737
7.044636
-1.420846
19.911816
13.427705
-1.511137
-13.695439
-9.232036
18.933271
15.718816
11.265304
-2.216408
4.189902
3.720610
-10.780204
17.401163
12.937724
-17.540064
4.456933
-1.176383
-13.038619
2.962137
26.765566
-10.274784
2.312448
6.109880
-5.161433
34.185711
19.342819
1.105005
8.349270
-0.013881
-2.910916
2.235659
-0.257402
-6.890811
-0.832053
-10.745410
6.626260
-0.644582
20.394310
-0.175021
12.654693
15.021161
2.492837
2.583105
9.164178
10.116911
2.924680
21.005722
-7.410000
0.148195
2.849132
3.329492
29.950760
-1.890026
-1.673619
-1.120502
9.960019
-4.403921
-1.639259
15.416924
-4.920616
-10.400316
12.420305
9.470146
-5.876893
18.455660
-10.112942
-9.411732
24.262188
11.464161
9.658845
-19.656378
19.186186
22.988111
8.281384
22.388050
14.707571
-4.630713
-1.804877
2.608436
13.668188
-14.225347
9.451895
40.548134
-12.349205
4.022387
-3.651366
23.106771
-0.021711
-6.047236
-9.101236
3.120369
5.489837
4.931228
17.701117
-1.292527
5.949392
-9.462441
13.593688
-17.950232
0.703578
3.343383
4.204216
-9.643816
-5.070436
-8.548492
-3.348458
-15.925070
-2.325404
5.187870
-12.203198
25.070997
-6.931734
10.588261
-4.091277
4.717067
-4.817047
2.592548
9.629786
-2.541479
14.650800
-10.351022
-3.000686
-7.416612
10.444983
-15.273670
-17.280054
8.646458
9.660611
-13.735609
-1.600586
6.420272
-8.649594
11.763522
-10.776095
1.301205
15.096739
17.796356
-3.295390
4.954924
3.887341
29.377251
2.091241
-3.535267
1.366017
-2.371786
8.125653
20.519318
-7.293368
12.764551
17.370762
-10.411127
12.750611
1.478995
7.267223
13.447449
14.695828
-0.649472
0.098513
8.155271
13.990747
18.570303
16.686579
-5.676649
2.893461
-13.585991
2.122540
0.453135
-13.526007
7.583465
6.470196
-15.329361
-1.441165
-5.232912
-11.104609
18.792246
-25.245661
4.634273
1.954535
2.159023
18.993637
8.651830
22.307875
12.084782
10.288713
41.613537
-7.492143
0.131508
-17.673727
-1.742077
-16.572773
-0.633022
5.068843
-0.205881
-18.477732
9.109662
6.118531
5.220001
26.295479
11.163444
8.248499
-13.385838
35.933918
6.402821
4.515900
3.695120
14.759410
-8.504675
15.967431
5.781867
12.598637
-0.293086
4.100046
16.794073
13.054554
-9.600477
11.983693
6.050236
0.878207
15.293781
-1.914941
-3.553504
-2.675871
0.822570
1.098741
3.568202
9.619007
7.040924
34.732040
8.186789
-6.325315
17.023909
4.197229
16.733597
5.124152
-5.312029
28.958269
0.762729
-5.012659
5.278317
-13.869766
5.217166
-18.827360
7.584000
-11.026140
12.000512
0.121038
2.418971
-14.744549
9.901836
18.000622
4.088162
12.888824
-9.096582
11.357423
4.585691
-3.537491
-17.964912
12.804437
4.366829
-3.538753
2.753608
13.064958
