14.617414
3.935740
-13.626379
4.090889
-6.491273
-12.662694
0.659068
5.576317
16.304142
10.124799
-2.740479
14.516059
-18.388847
29.728966
-0.220709
-7.661273
27.658960
-2.426979
6.260240
-3.117253
2.869906
3.681510
17.593945
-1.883829
8.059818
23.868597
7.481766
5.241589
-3.810683
-0.038758
4.185983
-4.247444
13.188535
9.727575
-9.291015
-9.397431
-0.893907
-31.888670
5.905097
-6.331306
7.554850
6.735738
2.685304
10.361928
-9.974141
10.353501
4.257154
17.897032
16.366266
2.399675
18.481831
2.060633
-32.617775
2.823894
33.673519
18.360811
12.286095
-10.873838
9.857712
11.068827
-11.762092
8.076212
-1.437704
32.578194
-2.329860
5.237843
18.297258
4.761683
22.043373
-7.171159
1.041233
-2.573797
-4.096739
15.183002
9.487468
12.943829
1.347629
-8.631458
10.572480
5.979215
-3.686691
-6.476954
11.813741
-7.079951
1.896109
-9.441623
-8.518384
-4.418643
-26.090359
-8.006635
-12.164986
-0.746641
-7.829957
7.807489
-3.293339
2.631381
-6.932893
-2.739528
7.853015
3.323048
-3.844735
1.516961
12.967142
7.962748
-3.235181
8.680831
4.181704
-0.483694
-18.479387
-4.358077
23.127995
-11.168696
-6.930965
10.501555
-5.080495
15.305392
-7.369418
11.611369
9.435268
11.138476
-22.608009
-26.971502
3.509139
-4.373709
12.412683
8.448208
13.296902
-19.773874
-17.777905
-6.566690
-25.446989
12.906332
14.813185
9.249888
-16.293148
4.631196
11.924695
-11.022005
-4.262284
9.275804
13.598090
19.045849
8.861980
-0.514303
8.275657
-5.136632
2.552585
2.638239
-6.120767
-1.073137
15.933205
-10.166476
11.349556
-2.422059
-1.982782
17.450745
-8.872779
9.752118
3.468385
-5.448078
7.315275
-13.881109
6.174333
15.694254
-14.834844
9.342246
16.716059
-7.254753
11.409242
-2.268813
-10.653075
8.328364
-3.259711
14.215180
6.142836
25.148527
-10.562147
-9.489969
6.944336
7.515715
1.302755
-2.868819
8.407477
9.770650
-13.711095
0.070981
13.611682
-6.458012
8.667026
15.153928
7.854036
-4.877713
21.102123
-0.393993
6.926194
16.463331
1.393606
0.097625
-0.427985
-2.216508
-21.780876
-8.298904
-24.083336
-11.716443
-5.529542
4.087577
-21.768061
-9.286096
3.575447
13.732546
-14.444268
7.742280
-9.772863
6.121519
17.553982
-10.075469
23.153728
15.469835
-8.467284
-3.188414
14.775500
8.940508
3.206450
11.977601
5.499238
-10.736895
-11.739581
-9.635831
-19.038687
6.470522
19.156679
-2.740240
20.747530
11.355072
-2.532321
0.525357
3.689734
19.716230
-16.533983
6.815524
-8.554454
20.605232
5.698282
0.404606
6.151544
6.689988
-11.822948
-6.942750
18.502375
16.665808
0.103941
19.232834
7.282804
3.650020
-10.361393
3.579416
18.050074
-3.134877
-2.263838
-2.766811
4.469848
16.090380
10.059428
18.702885
-25.192862
-12.932739
-11.956503
15.630155
22.072779
-9.138235
1.104454
-9.318022
0.071922
-7.655262
-0.989631
20.085789
1.647680
13.438755
17.090126
-25.546900
11.556541
-5.985539
5.157329
-22.902798
-12.218707
9.232369
19.119473
28.954571
-5.026848
-0.096344
9.252480
14.929368
-5.054029
-11.532592
2.421822
1.197008
2.400604
17.830917
15.037336
20.026623
13.796509
18.597132
28.951256
32.256660
-10.818835
-8.332525
-17.962723
10.091389
-2.263840
20.078686
0.110075
26.938210
-7.974748
-17.260914
-16.961481
12.023329
-17.298380
-1.203949
-17.104145
2.609880
1.021105
2.506548
-9.789245
28.479422
17.663963
1.521444
11.713615
-5.147586
4.896851
10.475025
11.829375
-3.644841
-9.716296
-15.840717
-0.366612
-19.937752
-1.947386
22.353539
-1.040573
-0.350126
-12.444263
8.889101
-0.840778
-0.313389
13.760043
13.581394
11.499561
-2.074738
-9.622359
20.183994
-2.223447
11.363144
2.542269
12.992024
-4.781382
4.241507
6.926437
6.946399
1.979507
-11.437062
-0.592593
-9.661246
15.407152
-15.479834
-0.021704
11.541798
22.071886
12.214910
-0.032564
3.877295
21.389172
17.187248
11.939229
7.306723
5.260731
12.318232
16.410681
-20.280405
19.658941
-15.764380
-0.022765
-6.928004
-4.153237
17.591402
-13.735924
15.178262
-26.894335
-14.133049
18.203888
19.493662
-10.511491
-6.927004
21.815012
-27.420553
-3.854720
-0.331461
21.677502
0.387537
5.877903
-0.819059
3.508176
22.671680
8.457102
2.169513
5.113106
0.683905
0.172830
0.499538
-4.674009
25.901781
-7.374978
-23.545420
20.172249
8.974225
-10.162374
7.868844
-4.951365
-6.562810
0.008540
9.729331
6.999697
-8.803627
9.563125
2.550018
5.714683
18.850534
3.018402
13.733361
24.781147
-10.572286
-2.410978
-14.123869
0.917371
15.821576
21.364325
13.491116
10.997843
-2.890996
20.626583
-12.539273
-16.048914
-12.685283
5.517742
0.872800
3.614279
11.201705
6.009445
8.193898
16.409090
5.760857
-12.880597
3.706073
-1.523504
-6.428569
14.249179
0.632124
-27.944582
-5.867605
-6.600348
-8.557209
-13.080259
0.152963
6.993896
2.605935
10.823084
23.097588
0.157479
-4.735490
-1.134061
15.896186
-1.935702
21.355007
8.148623
24.452545
-3.578977
15.548805
3.351631
-2.791534
23.543633
15.198949
-6.936240
2.595455
-18.627092
12.107714
-6.937607
0.158811
-4.278240
21.947924
-10.132393
3.542668
15.812231
-0.424004
-11.685641
-5.801260
-2.455112
-8.598667
-4.827233
-0.127508
16.601065
8.607477
-15.071575
10.341602
0.899728
1.217606
20.365438
-10.491744
19.951563
2.004467
27.323891
9.880708
-20.859444
13.756220
1.560542
20.042156
26.544270
-2.803264
-4.394634
-7.673197
28.048161
12.860283
4.931646
-8.923702
-5.026444
31.556814
-3.328176
14.245052
8.571276
-17.586653
4.190356
8.322684
9.734641
4.628171
13.045379
-4.603911
12.991470
-29.616581
10.665307
20.705738
12.805725
-6.814763
6.054667
2.667170
-0.664153
-0.465055
13.216045
16.730711
16.144215
6.497662
-2.173116
10.349323
6.281017
34.890934
-10.779354
6.901022
-0.323713
-12.648200
9.798302
2.185104
2.281948
10.095612
12.353528
7.582899
1.788497
-13.371040
-8.744388
6.608800
34.133518
3.500622
-2.018507
-1.152628
3.138300
14.831027
-4.741054
21.150911
10.132968
-2.340240
6.276895
11.569224
-10.372776
7.753720
16.099800
-9.532666
6.255793
14.698103
4.835778
6.764788
-10.601728
12.577760
13.661072
-1.693848
-7.052718
-5.147503
6.600298
5.091934
8.397041
-0.110511
6.672507
1.735531
-15.820065
3.424696
-5.411942
2.832142
-15.679884
-15.800537
-6.536430
-11.046069
21.185312
35.965641
13.140484
-12.770105
5.763259
-7.976134
-2.198944
0.547671
-11.629844
-8.949246
11.122012
-9.750940
-2.028932
25.700626
4.145865
45.745731
10.171813
-0.397187
-1.600723
8.260024
3.519604
6.991897
-36.048019
-10.145353
-2.853842
-1.188058
8.086887
-4.327930
-4.818596
15.650758
-18.549822
7.620394
8.789049
11.261908
-4.871411
23.379988
-15.716389
-0.325474
-0.198172
-14.281446
-3.974795
-1.667289
-2.297199
8.446613
18.925638
-10.604897
-13.811318
3.655369
-11.895820
11.336371
-5.831863
-4.922739
3.372437
9.849948
-19.117779
0.083435
21.115683
-10.193665
-8.019450
11.202081
6.055171
12.846556
-7.884539
-1.891091
-7.739484
11.559653
-7.706002
-2.448129
4.597587
0.608261
10.563715
-5.689329
-13.097207
-10.112857
18.783625
-15.815894
5.608747
20.085699
-2.650264
-12.078296
6.454193
4.793792
5.401323
-3.543569
15.583530
5.075675
-6.618485
-5.973841
-14.590474
8.049697
0.473335
-20.270845
11.916626
-0.596085
7.796058
11.435416
-1.503667
23.292000
10.066967
-21.086575
8.108916
1.426515
-3.641716
-10.182813
-11.978955
-2.941014
-19.840450
18.293137
-10.044483
12.294459
-6.021995
4.632072
-14.126990
6.394007
14.312060
-14.948971
-1.011905
13.894618
0.377140
0.275095
19.528763
-5.769610
-11.894772
20.995501
5.930768
14.471960
5.582188
-4.595004
12.984617
1.689504
-11.260935
18.506742
-19.383320
33.368256
4.166964
-14.690154
20.878002
1.758111
-13.970695
17.745010
12.541005
12.637381
-4.835067
7.246848
-7.400619
11.582600
-3.448166
-13.268513
-8.914483
1.141285
0.322366
8.526804
7.965773
45.213749
0.642989
22.235950
-10.960496
1.917072
9.191258
-4.901431
1.251837
10.026890
7.425869
-10.985721
2.703536
-9.333325
12.869736
12.091867
-8.479154
4.121519
-15.230977
9.425548
-2.597860
4.306258
11.434115
-20.762377
1.770192
52.499577
8.802311
7.184788
-5.590014
0.525931
27.596504
-1.332640
-7.849144
-3.372821
23.049974
-3.448458
25.606632
6.589739
-5.732445
14.578883
5.986091
18.389948
5.693671
-7.258057
18.442585
-11.093835
3.387074
-6.298788
0.790897
1.099687
-13.318820
-29.010233
15.708211
-4.521919
-0.051874
12.376909
10.370152
7.332997
10.475839
18.850113
23.553066
12.689173
13.427212
-16.187336
13.523838
11.092369
2.649519
2.751803
28.940464
27.354385
3.953902
11.756115
12.705812
19.029240
-8.401999
-10.100211
6.161315
8.974474
20.738474
-5.723385
13.418678
-4.990314
-2.265678
8.525029
0.776498
-3.578264
-14.178986
6.490770
3.319586
14.396592
-9.345325
12.546514
12.663583
-7.772468
-12.156370
5.784156
3.883793
-15.755101
6.467067
13.668237
-4.714485
-15.534513
7.719488
-5.589617
6.185728
0.750522
-2.370459
-0.527225
2.912843
-13.794765
8.627653
-8.489000
-1.545711
-11.998613
-7.920488
-8.946635
15.054304
6.801024
15.586871
0.508385
-4.961205
16.953726
1.684626
16.719730
-0.388106
6.100944
-1.010124
-0.810801
1.482921
2.256446
-9.498801
11.897353
4.782582
25.964937
-11.831060
17.046312
16.223835
0.822571
11.489886
-2.658649
-8.418743
-8.045594
1.084305
12.732353
3.834984
-2.749814
-19.238449
4.751006
21.448639
-16.965652
19.624640
4.397493
-14.663041
36.414013
-2.970517
19.865829
-5.851184
-32.041386
17.475746
-25.200703
-10.350631
10.098885
1.485110
-17.024611
2.391521
-9.834283
22.409716
18.792830
-9.815556
15.102119
0.653717
17.792187
-16.921410
3.404443
-27.733013
-5.398986
-14.041825
26.882740
-8.450866
1.897269
17.471848
-4.478911
7.171838
17.655552
9.263353
5.000319
14.813335
-20.091869
-2.591031
25.541533
-2.847569
3.442377
3.368812
26.548100
-13.995353
14.889482
-12.267215
11.038438
8.058015
-9.696158
-25.735344
-8.830361
-10.130960
-2.233570
-12.387566
1.482578
6.893769
-4.275382
-12.134429
-22.364613
-3.792236
29.132698
3.387190
7.954644
-4.572175
-6.289117
17.445522
1.020679
15.218271
-4.242217
14.353971
12.348895
16.076406
-9.805020
-1.333666
1.774624
-10.375604
-11.329021
-3.184937
-9.003755
0.508457
-5.872323
4.760658
11.196019
2.730032
-4.333984
15.230441
-10.504447
5.316017
12.239043
-14.534330
8.947001
-1.569147
2.292500
0.937175
11.382878
5.841434
3.845847
1.804662
8.968549
18.297344
7.144120
11.127129
-13.525501
6.143958
17.899757
-5.324430
-2.707807
9.759038
9.130098
7.576868
17.557238
3.536809
-0.778424
-0.584201
10.492930
-6.316662
16.062061
-3.892684
-10.092495
9.083468
-18.534323
9.032365
10.789362
25.058588
21.928032
-17.738831
9.940120
-13.514258
0.321163
16.888901
2.030132
-0.100403
14.489328
28.361523
4.033306
-2.267273
-1.389255
-9.703755
9.282569
-9.945184
5.995329
11.110096
10.225286
9.027944
-18.422104
13.020048
-16.786795
-6.899067
8.069177
-10.813313
5.992011
-10.870956
15.397303
11.982615
19.658386
22.710066
-15.792578
-9.913440
25.859966
12.746386
5.281332
0.382697
3.889084
7.403662
9.445685
5.316724
-16.832308
5.872795
17.053787
-3.851049
-0.399213
11.668542
15.458390
10.146020
14.209560
2.669247
5.822043
-5.115089
-8.813204
8.060542
23.132746
-17.332603
7.402805
15.526082
-10.939783
-2.287932
-9.387847
1.731184
-3.338607
5.449496
-11.589025
15.158663
0.792964
18.829508
4.058547
3.289754
-9.458101
14.949366
6.446845
30.405680
10.078473
11.771164
13.284552
-1.324942
10.113743
12.317934
-4.349629
2.901685
-8.656109
-1.692985
20.336531
7.419830
-0.998976
-15.998932
-4.009007
-10.242140
2.261790
11.051128
-3.599661
20.407339
2.295521
5.822293
-11.920135
-13.037996
7.741209
-1.367850
9.176866
-13.249368
-1.164309
8.635203
-3.262803
15.249578
11.846359
2.206473
4.610069
-5.138306
8.590304
0.173774
-3.739353
13.841204
-3.113595
-4.363501
-8.572615
18.180157
10.805887
-3.355876
-4.885980
-1.570907
10.879153
3.522724
11.831816
6.297195
24.267359
-0.016465
-0.858486
15.134617
8.132277
-0.375655
11.112563
2.605953
-4.431883
15.742038
10.817494
3.689536
14.525922
18.131428
4.969230
18.170876
15.999009
-0.622219
-1.748567
-10.469335
4.032104
15.003348
16.265963
10.079496
-0.785582
10.648499
1.302277
-11.853664
11.262369
-2.306747
4.401455
1.721602
18.118719
1.815085
-0.668054
8.407129
10.464160
30.351763
4.828276
3.468362
-11.284651
21.229652
10.547251
-3.774284
-5.602027
12.466484
-1.423568
16.250776
27.987423
21.721462
-1.195817
-7.024595
6.757306
12.906296
-3.093851
-14.371475
-13.710651
-18.647881
13.976597
34.205906
15.003845
1.156560
-2.998705
-9.242262
16.888725
11.270002
2.661564
2.141447
5.977747
7.910807
-0.680006
15.303079
-0.874061
-4.234589
-1.660863
-23.917761
-4.293313
5.384443
-3.677985
-1.251641
9.476951
0.840366
-8.885684
9.481521
2.489750
-4.806407
16.556925
-18.448624
14.128836
12.437819
-2.025708
-16.688017
1.993321
-1.432577
-29.425692
-14.136358
19.744123
8.527762
-0.174132
7.111796
3.696495
1.602046
12.385466
4.697175
-13.739707
-1.164246
7.769649
7.358109
12.129851
15.214118
11.959411
6.603310
-1.389144
-24.114094
-7.819772
-9.024337
-1.791641
-14.469793
16.253719
32.245743
-0.379582
11.655903
-26.917179
-16.711397
-20.242369
-10.232285
4.074109
-12.287148
6.503238
-9.125924
2.309195
9.955467
25.106804
-11.435578
14.443930
15.821404
-5.626315
-3.282359
17.862694
4.935883
8.918691
-2.635249
-9.027246
10.971788
-21.113266
10.293644
-11.514810
-10.470267
-15.897793
1.476314
7.644213
4.268668
-4.739128
11.109566
17.051722
19.997814
6.698922
16.251787
22.165840
-4.650871
1.337236
18.017929
7.484245
1.540586
4.081330
6.137693
-1.073501
11.518103
20.470396
-9.096411
2.609305
-8.580991
-20.986423
-21.941849
-14.233450
5.690969
21.316460
5.877323
-0.698175
17.771286
-12.001164
25.096338
-20.523060
-9.760972
-4.173560
-7.955794
8.178488
-6.774607
-4.234610
21.154728
-9.580845
5.610898
13.001314
16.673756
16.747032
10.458147
3.327352
0.928154
11.624777
-5.196388
1.554261
10.957665
-7.811949
-8.753423
3.638128
-11.959028
19.323198
-13.229697
3.427373
10.128159
-6.198289
-2.553586
-4.469439
15.731344
20.775190
5.819771
-10.175503
10.712570
-11.396494
-0.491978
-18.389786
-3.280939
8.327731
10.090493
-7.965146
3.089910
17.354500
-12.830244
2.928389
-18.901939
11.495539
5.752702
-0.239599
-16.513441
19.701410
-7.086972
7.355684
-16.453327
-1.064088
23.935589
0.262889
14.771478
8.668583
-2.480003
-4.298458
-1.315761
3.430015
-4.980162
-15.776948
22.460932
0.372335
5.377329
-3.187857
25.631073
14.712280
-5.741117
7.692659
-4.088611
4.747716
-5.506229
-9.917763
-4.367148
26.222660
4.951299
14.620123
1.826796
9.160404
3.303687
4.003326
5.975887
-5.176226
-6.325092
-1.313095
27.758274
2.408812
0.805689
6.460118
8.457585
7.726041
16.340708
8.567507
-0.828514
16.733475
-8.254577
-9.972278
-1.417431
-14.685725
-1.227843
-1.262457
-6.188438
0.064139
-1.853328
-25.425121
-15.891550
18.839050
1.518706
15.977344
2.025099
-11.349713
4.937491
-8.370565
-21.542870
3.946728
15.849169
-3.086804
15.872046
13.322782
2.754392
26.577246
-0.038950
-21.367392
5.944951
1.424404
6.709684
-3.945665
19.248428
0.292893
14.592270
-6.906701
14.001424
-2.422557
-0.258951
-15.034853
6.703461
4.715642
22.972237
-10.352227
-3.118767
-7.237835
-12.587971
4.786212
-2.130598
19.475517
2.037713
-2.866148
21.263376
-23.793644
18.560461
7.193816
7.970789
3.171363
-1.762257
-42.242157
33.889309
-1.818815
5.033029
-0.659518
-4.996001
0.617028
13.955739
-25.012249
-9.943347
-1.422521
6.749446
5.909907
-21.903620
-20.107681
7.488035
3.332416
15.227958
-14.201783
-7.651396
10.615456
26.290659
-13.296625
24.946733
0.393060
-2.240552
13.443512
-8.207006
13.999511
28.748150
-13.577209
-25.069534
-0.330638
20.543041
11.466125
21.023722
5.962195
13.165550
-5.095545
-10.404656
32.385448
-3.961892
24.078907
8.352807
-7.475852
-6.700853
0.236644
15.838236
-11.373312
16.171738
25.373686
-19.783314
6.299273
-30.783506
9.780352
13.414096
-3.744320
0.894248
-5.755812
2.722297
7.904712
-11.655628
2.028489
-6.643051
1.753424
11.272012
10.981193
-8.201107
-6.734093
2.015814
-2.091398
13.010711
-11.836485
-14.681226
-4.415468
10.173657
11.573848
1.679153
11.958249
-14.323734
14.602622
6.316090
37.358330
10.292699
23.612360
6.889268
-7.277617
4.890284
24.158491
-2.927101
6.144746
-4.049400
34.030548
-9.672528
-15.875370
7.461495
-13.917525
17.927570
9.459024
-13.009115
-9.454795
-3.627229
10.686808
-2.255252
22.841854
-1.244016
12.017182
-26.489313
-9.255563
5.579183
0.547495
-8.220420
-6.738479
-21.891350
-2.943932
13.892845
10.131076
12.353103
-14.885626
-17.402323
6.307455
-17.412724
2.463999
-1.775013
-18.751680
14.048731
-6.706141
-3.470039
18.143879
7.571006
15.242995
-0.272595
8.152253
4.375781
-9.704618
23.684082
21.789370
-6.791778
-17.937723
-13.942976
-4.115082
23.499004
9.985814
-25.387266
-11.966714
4.125774
16.058218
-8.640811
-6.126678
15.212852
-0.412832
16.707060
8.776854
10.190944
0.232460
3.351851
29.005726
-12.995327
-6.699955
6.111030
-0.581703
21.585339
-20.484488
-1.029268
7.682883
10.996469
2.766280
2.090765
20.785023
9.204264
-4.808115
5.042048
4.238886
19.342329
-16.288208
-2.773792
2.631303
3.811559
-7.224282
2.807742
14.544691
-16.269785
-1.487165
-5.147513
-13.511304
5.862308
1.026835
-1.544360
-3.403514
-1.982712
2.036106
12.017290
3.489239
4.838766
13.817905
-5.986918
18.159470
23.856485
-2.531638
14.968789
-20.730068
9.842275
30.319098
-15.751761
-6.673610
2.852280
-7.065635
6.061993
2.022937
-0.522245
-9.094398
29.536858
-7.734728
27.996714
5.629498
7.152082
-9.995445
11.084060
23.672709
2.184048
-4.810323
-10.263557
14.901459
-9.063520
-8.770031
8.070939
25.266727
7.022146
-8.741588
14.617284
15.216226
14.917131
12.415865
15.924575
5.365925
-0.764652
-6.656753
-7.909345
-7.967999
5.234047
6.288085
0.584436
-3.216300
-3.615718
16.996498
25.241127
20.621656
11.220755
-0.894965
-4.586896
-6.049041
11.131443
12.349075
-0.293884
28.485098
-3.062114
7.512463
3.883991
14.467775
-9.478081
-9.414521
9.152228
0.720146
-6.450754
12.375968
7.129329
1.877870
-14.344933
2.300388
-17.055349
19.215269
-18.902781
-3.272376
-1.599308
17.895901
-10.092460
2.065702
-3.851124
6.435935
8.927514
10.833017
3.922092
20.692881
11.827972
-1.006175
-9.790141
0.631775
-6.297360
-23.303892
-16.019276
16.047670
10.876019
-17.995979
14.332621
-1.045818
9.992184
-21.937288
-5.971916
11.370341
5.570635
6.777601
13.234140
10.507176
5.625904
3.220506
-11.156780
-1.090918
12.430226
-11.743714
-10.280431
20.847845
6.038148
-11.658419
-5.507347
-6.642619
0.080821
-2.438985
11.659802
-7.916626
24.879929
13.007547
11.070242
1.232485
-13.295775
-8.021094
-4.010997
-3.147051
18.555277
9.828398
-8.082026
9.337280
-5.970651
-4.743843
-6.738014
6.460378
-33.252281
-18.586994
-9.445129
6.900314
-5.927202
-0.252669
13.739823
-2.629772
-19.409389
7.004215
16.457409
-31.948092
26.310320
-17.246475
-16.154049
-11.172059
5.212390
3.152603
-1.903718
-1.188776
-1.579024
-12.640064
-11.479411
2.490702
-5.196954
4.943106
-3.681414
4.120061
24.823765
-12.977561
-10.605356
5.501966
15.334759
-19.299721
3.492818
-8.845869
-6.220289
-0.534560
21.864594
11.869392
1.028425
-4.770592
3.697372
8.713215
31.291002
-2.388906
-18.020777
10.631336
8.082951
0.095515
-4.647432
13.695490
-1.254676
25.776142
-20.973726
-8.404647
4.435928
20.088314
4.792703
-12.687170
4.962757
-19.309986
3.677422
-10.365835
16.304573
-8.020725
-25.006144
24.920557
16.485380
-12.392572
21.270124
3.696378
-12.081957
12.464263
6.465038
4.636783
14.374531
-3.614986
-14.249708
-8.979769
0.922671
5.729861
10.194383
8.032807
16.782572
17.543255
-7.371451
16.886536
15.009029
6.879802
7.756159
-4.828428
-0.613305
1.255503
15.227724
25.706152
11.292445
12.330284
-3.076403
23.255402
7.646970
-13.396467
11.940145
-7.054902
-1.270737
-8.683596
20.842182
-4.174163
-6.427803
4.302436
6.215147
1.035060
9.974427
5.361032
-35.871918
-16.377117
9.790639
17.622837
2.088858
-2.373568
2.836159
7.284702
5.292416
10.471922
-12.111295
13.719010
12.859402
-20.732050
15.308348
14.573552
12.877534
-13.820201
-11.909691
1.829728
-21.893608
-2.497658
14.092383
23.783615
3.572093
-3.453104
-1.804395
-5.324169
5.372698
12.501002
10.370996
26.847435
4.664311
4.536009
-15.357049
12.740487
-17.837639
-33.713440
-16.888241
32.964428
5.974664
-5.218019
-8.246024
3.755157
-5.162774
-11.911551
-3.713379
7.013702
17.784492
34.351765
4.488202
15.510017
9.057087
-18.209791
4.961415
17.911575
2.265441
-1.806597
13.287963
-20.787760
-13.238178
12.926667
36.082302
20.437983
13.022533
28.323891
-5.804151
12.472155
0.166503
-3.340354
8.556501
20.620066
0.088048
3.209404
18.479542
-5.908933
-10.397542
38.423405
6.423020
1.198512
25.131672
3.272429
-8.524784
-2.586497
-4.322004
18.824621
0.927540
-17.196192
5.450260
5.817835
-4.768528
-22.080164
-0.499420
12.498557
-0.847076
12.201159
8.542339
13.136644
-7.249963
-12.061069
-11.469085
18.741070
5.451069
9.799177
-3.423478
14.132332
2.551954
-6.847867
-18.936026
31.012453
-0.971008
32.566952
1.595620
15.820176
-14.118027
-33.536015
16.872372
-2.956671
-3.471413
13.416756
8.811209
11.063312
-15.213534
23.122305
-8.157433
-11.292743
13.816640
0.007169
-20.141693
4.839998
10.297285
-16.514051
14.235380
10.201805
-16.751402
2.793526
-9.725069
6.377187
1.025424
12.501213
-22.204529
18.113100
12.336561
6.065452
-3.296047
26.813473
8.821334
1.027146
-5.648352
-9.422805
-10.258807
15.172604
-4.609535
18.680143
17.955938
8.760517
-17.029934
15.079709
0.186352
-20.362047
12.880184
-10.974079
16.846527
11.313375
15.024162
14.612277
-6.684921
-12.670911
10.213856
-12.739394
6.160934
5.057217
1.516087
-5.225362
0.051288
5.832823
24.305317
9.986249
1.949307
-16.620296
17.412359
-13.481326
8.069683
14.148993
-21.292732
-8.482092
1.435185
-0.474224
15.581763
3.949397
35.266392
1.509464
8.771598
-9.180941
11.087331
6.620845
3.501110
16.862001
-13.571243
2.131092
10.282220
13.978082
8.961987
-13.960768
16.398911
21.488909
20.840921
6.731637
20.350134
17.787468
9.303303
1.336920
6.686169
-3.179253
0.736137
10.365180
-27.060093
13.430392
-3.460360
1.632836
-8.285861
-16.811409
-19.447697
-0.667152
13.687866
29.808535
-6.309274
3.073554
-7.710875
-1.550593
-11.531590
-2.030217
1.836387
12.212604
-8.625275
10.529630
-0.782618
-1.270005
20.177567
-12.022363
-4.977867
-22.035599
13.224547
-12.257377
27.717234
10.438701
6.120983
13.159214
-6.215757
-5.386095
-13.261215
24.094505
15.110808
-6.592580
12.652952
0.911471
20.345373
4.933060
11.236720
0.874925
10.294364
1.904901
11.223564
-4.337027
14.937831
-12.532536
-14.837934
6.983866
-4.373304
28.760715
6.304107
3.368042
17.254847
0.657914
10.727544
-2.602312
9.926729
7.519157
-2.494504
-7.647161
5.911267
-5.024662
8.886829
32.477100
-12.015361
-17.758362
9.947392
15.111119
12.563254
2.025449
-3.818316
-9.896004
9.870399
7.412941
-31.255535
-7.811510
18.420527
4.805433
21.657555
4.447506
-3.053165
-23.052092
9.232393
-6.999495
12.814466
9.202945
-20.687754
0.618404
-5.329497
-16.376257
13.263398
9.595740
-0.746459
-5.240720
23.011715
17.979082
34.680634
-4.724127
24.491730
7.918538
-13.396288
12.235216
-6.505919
7.247530
-3.937613
-4.150260
-18.847965
4.849148
-14.410131
-6.680479
31.903330
12.924022
-9.102302
-15.550029
4.740900
-5.430757
11.768287
-10.711084
10.406933
-7.098923
0.513049
14.902268
7.954658
-17.191885
-16.572462
7.924777
22.651941
11.488852
-1.087392
-4.639005
2.116131
4.563373
-0.899467
14.036881
24.456942
-6.818453
1.754248
9.342265
11.944897
21.813791
-14.259467
-15.835147
3.791456
-12.841521
17.056475
-6.208678
-5.348242
-1.123486
3.739890
-1.922776
22.780502
-4.769868
9.651173
-1.133003
-13.209297
-21.372890
22.705912
-15.510889
13.572701
19.352064
-1.153714
7.135316
-20.069189
7.629698
-14.959305
10.442458
3.101173
17.110441
4.878897
-16.886274
2.895222
13.223430
1.416199
6.303490
-6.791809
-4.563788
4.522058
7.612353
-11.443711
1.771252
6.333576
6.795544
-34.787186
10.220009
3.576518
-1.295160
-23.831526
-4.371217
0.142254
2.550643
6.432787
7.070479
-21.096262
7.974529
12.402383
6.979971
-1.879925
4.307152
0.625391
-9.838944
1.686508
14.331275
14.839801
0.946498
5.747228
2.987843
-0.008153
-2.781980
-11.966450
8.969137
8.123119
-5.810213
26.505945
2.739969
11.950143
-0.180507
4.818448
1.063232
-2.421741
13.504857
17.591825
-7.210286
18.901163
9.287296
21.634756
32.164009
-2.807240
4.621635
6.058098
-7.392680
-3.644561
3.752106
-13.606831
-6.504989
-4.804007
0.888707
21.890081
5.147754
4.614806
9.709243
16.487181
-2.979482
-5.708128
-1.784541
-7.171332
2.832962
2.869012
6.510359
-6.976646
-2.481030
2.671210
-0.493349
7.635337
7.393922
9.402494
2.201546
-5.557076
-9.448943
9.661845
19.438965
3.594150
15.016459
6.411417
11.096216
16.344809
-31.731123
15.802863
3.287521
-5.393203
-8.829642
-15.540935
-26.515368
9.494022
-3.641174
-7.916062
1.270621
-5.142964
-24.945499
8.063319
-31.342211
9.071000
0.579665
25.086031
-0.548708
-3.174826
-19.576027
-1.552930
11.826354
13.660220
-0.782973
20.701721
-2.053706
17.239109
14.698380
6.100172
-2.937079
-20.388783
15.041396
-20.473991
7.830229
16.664412
-11.363301
6.949066
5.593531
2.317529
-1.276635
10.149543
23.399609
13.966655
9.623867
15.296138
8.842663
9.595327
-9.789222
16.441395
-8.439827
-4.766014
0.950261
13.312774
10.916451
6.544600
-12.085221
10.063783
-8.367359
-1.350433
5.430177
-4.493598
1.110859
27.179174
1.539791
34.501923
-5.940520
10.437476
13.921584
-24.244898
-9.687896
0.211488
0.678325
14.357291
39.671352
3.178653
4.533309
-9.882292
-17.651443
7.950991
1.772174
19.884914
13.927066
-6.688812
9.168561
-13.498854
28.697279
21.440416
18.516474
-0.080440
-1.305787
-10.508058
10.625496
0.646595
-10.825419
14.725228
-9.790948
-19.413666
4.359321
-8.868061
9.919517
18.159546
19.687799
13.698266
-6.000921
-18.189589
-8.374134
26.223124
-0.855456
4.945934
-0.231215
-5.147869
33.451561
-6.431530
15.206568
-13.545553
14.322434
3.032407
8.510655
2.339376
4.030741
17.093945
-8.267848
-5.969763
7.777035
0.297935
-19.833502
2.667136
4.196891
14.174524
-4.514986
19.331556
-1.030417
11.964586
-13.079650
12.536047
22.451826
5.256653
-6.924401
-5.728136
24.348654
5.667690
6.622532
-3.237866
3.191734
-5.296578
1.082925
1.433283
16.371370
8.325194
1.096135
9.337356
-21.218939
-8.101490
-8.643138
10.142434
-5.049963
10.530368
24.650927
8.785662
0.375637
2.712523
16.976484
-9.812344
13.800069
-3.729238
-19.029478
27.036638
-4.762970
17.409586
-22.657345
-0.471982
8.208654
-1.531463
-3.177649
2.882151
4.274129
-12.838670
-3.712221
-1.656848
-0.058326
19.312468
-9.062501
5.956738
27.908190
-3.690809
16.896244
-12.269963
13.852915
13.113440
-1.570044
14.499936
4.438180
2.660996
-1.939897
6.568563
14.837386
6.524661
-1.018551
-5.714292
-1.659699
8.197483
-3.578081
17.099714
3.582346
-0.499821
18.334824
14.431083
6.073556
1.096756
1.806402
3.301135
11.873772
21.038061
-8.570762
-5.276934
-11.755696
16.972313
-21.086935
-12.783295
14.206401
2.001342
29.015877
-5.163382
-5.318604
4.232533
-9.989569
10.267372
18.899927
-4.185791
-3.478002
20.513596
10.368561
-3.950130
-6.174764
4.424282
14.499870
13.052458
9.848099
10.327065
2.197722
-1.206013
0.211549
9.112626
9.172485
21.044569
-9.916326
2.337425
5.597849
15.024239
8.182728
-4.604250
-4.098183
-18.898834
8.871733
4.759388
-6.964692
-0.615929
-1.666095
25.408941
-3.295769
-7.471022
11.926144
-9.508017
18.161818
3.013767
7.722045
6.913656
2.164775
18.474308
10.005358
-1.282368
9.422941
9.814551
13.868995
14.409009
-6.103932
-19.450611
4.001782
-0.557587
12.462753
-26.996796
-7.067850
-1.002563
-6.690524
13.136646
6.239368
-0.724405
11.571084
-9.045839
-13.641036
16.519012
0.675437
1.765832
24.246866
10.270706
10.513885
20.557213
20.760328
8.046242
-12.579739
8.272459
18.352266
-10.393311
21.102718
26.445564
1.989832
18.042912
4.517149
8.823333
-10.436909
-3.506288
19.580755
18.633533
-9.038044
-2.051695
-1.824290
-18.973545
10.522442
23.549541
21.074434
12.581890
17.834644
12.592605
-6.794721
16.806305
-4.922637
20.152275
-22.920212
18.753843
5.046126
17.279638
1.517178
-8.322350
6.833680
11.874495
-1.286652
-7.984268
-0.237903
0.773055
-7.088908
8.762072
5.523127
12.734294
-15.859867
1.904104
-2.991729
-0.947185
-0.693096
21.037045
-18.096132
24.838556
11.964158
-14.813011
30.576254
-0.783661
27.559002
5.977575
-12.947650
-15.843084
-18.584766
-3.504208
-5.207544
-13.931313
5.416935
13.897496
-13.051995
8.040188
-19.725933
12.488954
9.246084
-16.285723
-4.306555
-2.757798
-7.949942
16.502645
20.603100
6.049597
14.714032
26.957401
8.453422
-4.649002
-31.829918
4.156524
12.188255
27.486750
0.211634
16.762865
-2.475895
7.708612
-1.348360
0.028707
0.197845
6.103904
-1.599073
15.823786
-1.578075
6.425577
3.025569
10.722825
7.026317
2.105890
-8.895343
-3.510385
10.318941
-17.037317
14.238187
-1.291763
-16.878822
2.510182
27.414803
12.281096
-2.991172
2.037678
17.905991
-2.324179
13.370560
-6.202257
7.060538
21.538601
18.645395
6.290326
-12.567974
34.176876
9.760067
1.916585
23.594532
-9.937067
-14.830702
5.864801
15.528849
21.039270
-1.246226
9.119864
6.569481
-7.057155
15.114581
-14.059949
1.371618
29.091318
12.633508
4.366150
2.156606
14.502415
-5.727501
19.103081
10.169266
11.095689
0.487406
4.731575
10.823547
26.040434
-11.129060
2.975595
14.117290
-12.341145
-29.748981
15.392535
33.218441
-3.195632
-2.783372
0.786622
18.452074
-4.933516
16.428093
-15.257360
-2.958873
12.220860
-13.219957
-12.900489
17.178629
9.383790
14.260943
-1.055977
8.992414
-17.908628
-29.642712
-0.031609
2.591806
8.443728
-18.225443
-3.587847
-9.966060
-1.255777
13.059315
-19.136545
-20.342770
-12.019766
3.255109
12.708118
-9.351817
6.713114
15.704345
-2.137511
25.366514
0.853457
8.009426
14.223088
-1.113160
8.548577
-2.171003
17.122936
-20.911528
-8.247162
-4.835476
-0.981885
4.275033
1.021266
-28.575571
-14.146717
-2.200998
6.220429
-9.378698
6.001548
4.374888
-3.738028
-10.807399
-6.093995
4.635146
18.031727
10.500603
-2.942335
-4.700461
12.789222
-4.989482
-16.331676
6.787787
8.221394
-7.433508
-3.645199
-3.322277
19.662298
15.216767
12.105616
33.694317
-17.459711
3.244181
12.751805
4.143554
-10.642261
-4.697540
5.578302
10.959570
34.770237
9.247489
-10.930009
1.795785
17.574745
-13.460530
2.888949
0.542379
7.092778
-9.574100
20.326178
-9.246948
25.802649
13.729344
15.481576
9.609159
-1.642673
-0.207520
-21.171944
34.191860
7.457819
-13.018097
6.069105
-8.240032
8.987065
26.871737
-18.095356
-14.725780
4.745924
16.634336
8.387356
10.484161
16.862158
-2.109915
-18.240763
2.522458
23.020123
8.985767
7.591442
5.214345
0.174705
24.114128
-11.929490
24.718775
-4.973862
1.793921
19.572918
-1.331157
15.386259
-3.161573
-4.799516
19.070683
0.845178
1.276873
6.122066
4.068742
1.336668
9.664306
9.883123
2.699416
-12.781810
0.536930
-4.692074
-5.776662
-20.951178
-9.613539
11.605364
21.728813
13.165633
-0.275795
-13.306117
3.857671
-1.057453
-0.931762
23.233057
21.994284
2.255357
-0.547622
17.292135
-13.424728
13.056722
35.826916
-1.145829
29.985889
9.062533
30.009604
1.421973
21.072411
-0.788171
20.749212
20.821112
4.451630
-0.212505
7.577131
-2.812197
-3.767185
16.087456
31.730162
-20.497059
-20.178532
28.661263
6.624597
-20.517191
2.032151
-3.129826
4.655458
15.714817
-4.785450
30.018816
16.224253
9.259138
-19.101177
13.093098
10.700534
-3.143852
-11.576507
-1.807977
16.174450
6.778623
4.908662
6.862389
-9.387645
-2.382215
-5.095530
-10.887916
-2.525404
8.607720
1.877173
-14.465630
-10.945260
27.035704
-5.108965
2.096715
10.718410
-12.429296
0.579316
5.373776
-0.646890
6.485076
20.088322
2.297601
17.576738
-5.702001
3.029946
2.327876
-9.912835
19.983826
1.964035
10.718655
-27.434181
8.573869
1.352932
1.101439
4.814085
21.928633
23.769497
10.872925
10.013409
24.853796
-2.802529
-13.901537
18.177683
-8.003667
-4.942286
0.909832
0.307207
-9.081775
-9.154305
-16.126434
1.249925
-4.121908
-15.985909
-8.352971
16.437771
0.948098
-5.254004
6.364997
-9.745728
14.869521
10.656775
-7.900148
2.024381
22.008263
-9.365788
8.961021
19.483164
13.799011
-3.794393
-14.819952
5.245122
12.030598
-6.702346
3.959152
6.986599
-11.445978
15.849353
21.383982
1.079318
-5.597789
2.104218
-26.703001
-11.139318
8.408026
-11.702479
-13.922227
-6.291075
14.978187
-4.143538
13.931919
-1.299497
-0.582143
18.732866
-1.707972
30.517170
29.741407
-4.698348
-3.455890
-7.799867
3.079585
-6.035877
-3.703989
-7.841572
7.589879
25.647808
2.430317
-4.010949
-6.638084
-6.675172
10.320041
14.679753
2.509719
-1.594051
13.568852
28.120777
8.173609
-31.410511
7.756626
6.777690
-5.142760
23.061787
2.991778
36.315861
-7.165453
15.942912
14.253211
-1.548388
3.890217
-0.882238
7.799139
5.941378
-12.354367
-11.538676
22.663580
-9.403382
10.564926
14.605754
11.450011
1.600133
3.028229
19.198292
-15.258669
-10.076653
25.542793
-6.139389
-3.005974
5.713091
-8.557820
-6.685506
17.347441
18.562243
10.318357
-5.533043
9.968264
-4.846001
2.197075
-3.662692
-3.227871
15.261001
8.726509
8.161454
-14.598354
-2.675396
5.682945
2.184150
1.649002
14.534666
-22.363094
14.892584
-10.297732
7.505124
1.305979
10.216345
22.045460
18.581841
2.696560
4.726622
-9.360560
7.160201
7.200016
-1.594268
-2.938224
6.424040
6.315557
12.408446
2.846083
-5.384077
-18.468540
23.112684
15.111302
-2.897205
15.506870
37.432301
24.788364
10.618185
-0.317326
28.049902
-0.628990
-12.294445
-0.634274
-12.664854
-2.326094
-1.133555
6.815584
-12.619618
3.620114
9.341784
0.506954
25.729410
-0.889436
6.021598
0.822802
12.275054
-21.354055
15.133098
9.574743
-4.000628
-13.561957
-8.982371
0.562788
0.226243
-12.454063
3.236712
0.571391
-19.719894
-1.489705
27.443008
7.693404
0.679658
-18.305397
-19.442154
-16.163845
21.408796
-12.362772
8.174153
1.700849
4.603792
-2.785468
3.924282
2.883829
-7.219584
7.240423
-7.923927
7.522067
-5.556856
17.553383
-1.127121
1.415959
-7.126955
-7.804538
-4.548712
-12.696562
-7.758641
35.604538
-2.412466
-2.161011
18.822195
2.468387
1.559429
1.028388
-11.258068
-17.990211
35.120823
3.494963
-21.191284
10.159682
-8.315143
2.121122
8.493830
0.379205
7.899693
24.566389
-7.331775
-15.337534
13.112955
5.539641
18.988356
21.391787
-24.417519
6.102053
6.929058
-5.215923
8.458371
9.379819
0.901945
-8.260834
13.876432
18.395840
6.664939
3.131366
-4.033615
-6.295517
30.538223
0.399005
-26.309557
20.071060
-11.921656
3.878385
5.532038
-19.429554
9.565407
9.246150
8.776437
19.061602
6.451876
0.088287
7.534890
26.129482
23.655624
2.497050
8.169046
12.019171
4.470071
-0.224560
4.454419
6.893266
9.996487
-9.552029
3.461801
8.385005
14.211586
1.618638
9.229659
11.301576
-6.456343
-8.137668
31.261913
7.798691
11.352460
2.954318
-7.544343
8.779180
-12.295368
3.722132
15.339751
1.138539
-1.666871
-0.177273
6.673783
-4.026495
1.063992
9.743351
11.214428
3.287112
14.572412
18.045553
20.370947
24.444323
8.118647
24.436020
1.667959
-16.856722
8.461161
4.759361
1.869103
37.216805
-19.841486
-19.809479
-13.353340
-2.255587
-8.045146
18.054546
12.724112
11.004365
-21.327568
-22.408110
-2.799433
-1.837364
1.483843
25.940826
-10.580472
-0.704949
-0.342451
5.926684
-3.748470
0.250039
-4.475089
20.709211
3.173516
-8.804103
10.952019
3.512274
-16.849922
-12.782097
-8.572350
12.059825
-15.336419
18.047804
0.214791
-13.771458
9.657397
14.981282
-0.434449
2.778701
-6.927313
-1.179166
-16.173046
2.527793
19.340551
-4.861336
17.441654
-15.169137
-0.785039
31.650198
10.424986
16.695026
7.494360
-6.825774
0.541671
11.247917
-5.311068
-5.655929
-5.672185
6.980918
20.671711
-6.619171
-15.971992
-24.252447
-0.561143
19.954763
-2.547424
12.677470
14.290423
-5.638585
-1.106917
7.233527
11.125399
5.657087
17.138361
-5.437311
-12.436775
-12.253449
-0.205222
5.134119
-13.485324
9.394867
-6.276330
0.512622
19.277643
-3.908909
-18.215036
13.040660
-6.767330
3.284561
35.231396
10.818016
-6.699358
-25.136448
5.773455
-16.568798
7.993139
6.577783
-9.342923
-5.187760
14.824944
-11.675875
-15.090696
9.048573
1.852432
17.409359
-0.088220
-8.370908
10.644830
16.049585
17.986620
-14.329097
-10.949928
11.567581
-34.792416
20.559307
-0.118214
-3.650393
5.050071
0.999171
-2.079034
-18.865902
19.007360
-4.095839
18.171066
-2.034267
-6.900153
-14.853521
12.993423
5.618027
10.688780
8.103255
13.184297
16.179760
-9.857080
-4.380826
3.110162
12.104067
22.302843
6.412742
12.412630
-10.949454
28.421133
25.647314
21.329264
8.257504
36.714851
9.897343
-20.236643
11.685970
11.228366
23.130936
15.128454
0.342996
26.578829
16.843487
7.829258
-3.484892
8.582231
-5.007695
16.494167
-3.665348
-8.962890
21.219826
-10.014983
6.449509
-9.645000
-9.280944
2.848675
24.993168
-6.858945
-0.290912
23.580212
15.110562
-13.165101
7.731730
15.228556
30.702351
5.300575
-1.076607
15.037377
-7.244718
-10.032773
-0.764130
-1.956347
-10.233006
17.056509
7.252375
7.254532
3.672028
11.258354
3.660900
2.271070
-1.867442
21.469952
-15.578628
-14.428212
0.559792
-11.879675
-4.417122
-3.828656
3.144283
14.367944
-5.101445
4.953330
-9.371055
23.118969
9.165247
-17.553377
15.651565
26.088066
-6.224235
16.554466
-8.408449
14.974635
6.148073
-2.431708
5.326427
-5.064263
17.612888
16.704933
-13.722816
18.503677
-5.491319
-2.727509
41.480270
-0.402174
16.319933
-14.063290
-9.310879
-11.718175
-9.836596
17.878922
-1.657397
-19.305841
6.995933
1.836279
17.409065
-4.447055
6.147884
6.894073
-4.212824
-13.017951
-16.006111
1.705713
-4.851591
4.162872
-2.098603
-0.880077
10.450495
17.169291
-20.666235
22.685923
9.162822
-2.903431
24.491137
0.472398
-14.800122
24.284933
-20.084757
5.237830
4.405712
12.941823
2.091806
-6.685140
17.613281
-7.727231
-2.081406
39.417099
8.204863
-1.136277
6.753611
-16.771711
16.978659
1.772556
8.954065
6.520906
2.662008
-3.484806
-8.778726
-17.363361
4.819571
-20.062071
-13.179693
-8.889634
-16.090113
-3.954128
-2.282537
10.119327
18.772503
5.481815
12.484865
-9.677963
7.727417
2.219207
-1.973786
-13.890763
10.436556
-3.193248
-26.878815
6.503577
25.526121
1.938189
14.684129
3.874087
13.272176
13.099022
0.791159
-3.385197
-1.288776
11.366800
11.445861
25.560228
-19.782488
-2.499935
6.559152
-6.197917
-4.369086
-8.380081
6.942515
21.517502
7.269046
16.920467
41.324444
21.960356
6.975758
1.629411
7.733448
-0.108555
7.893710
-2.519015
-12.107335
6.207605
-8.242042
-10.630203
-11.116959
-27.120529
-3.529564
-4.416957
23.992775
1.714613
3.920288
-26.173397
-17.619543
14.505020
11.945817
-4.116382
-0.703374
1.160384
9.890983
5.509754
-0.459305
28.648420
12.900140
13.382290
-16.254114
-14.569161
3.861436
8.470373
-10.055425
17.968126
-12.296546
8.063498
5.051216
-23.370708
-3.738003
4.308700
5.361062
-7.437862
20.073416
7.693384
10.487485
6.574996
-2.091293
1.624853
-5.417184
1.667175
16.544254
-3.122800
5.187227
-9.664561
21.905689
25.037085
-9.936250
-17.374477
-8.183327
25.299419
8.804238
4.748977
-3.909391
11.493228
-13.212709
-13.907737
1.426867
4.497016
-16.904928
7.644948
-1.888443
2.184349
9.357152
22.724188
-12.406696
-0.550254
4.547867
-0.681934
30.886766
4.370548
0.136284
-1.611304
-0.469624
-7.532675
5.659303
-2.274650
-2.836612
-7.268071
-10.535713
19.808334
-0.896318
8.249294
-4.950072
9.659594
16.083969
4.017246
9.516048
8.226063
13.963758
12.782452
13.140949
-15.645503
-9.263226
-8.027464
-4.558036
38.639931
5.047793
-5.731321
-2.774819
13.460254
3.868504
11.713634
15.417976
-2.821658
-0.937123
15.559712
23.052399
-12.546248
9.485476
-9.916433
-30.103827
20.277891
14.706661
12.669230
-7.254299
23.782675
27.495289
3.668686
15.668656
7.935817
6.850368
4.786907
1.050258
17.929472
-3.360384
4.161036
41.887840
-2.188090
5.012381
-17.306767
1.691998
-7.102352
5.993777
-1.514089
7.526559
-9.192035
-10.214677
29.413275
-1.966167
1.491612
-19.470596
6.335440
-11.667005
-0.631107
-3.840420
12.634738
-14.585506
-4.278173
-7.079644
2.033179
-1.409851
-6.717014
1.102110
-5.828276
27.112814
7.276515
6.765119
-10.988798
-12.130171
-13.372637
-4.444126
-3.487535
5.356948
27.790142
9.339973
8.469748
-5.376873
8.451020
-2.346089
-12.369375
12.631906
12.057475
0.760701
-4.330320
3.251251
-12.243152
5.132578
-8.070670
0.436373
19.664875
22.142321
-13.589253
-13.793410
1.404695
17.032963
-0.165424
-7.935724
7.029753
11.770574
4.038519
24.839413
4.173147
8.915798
11.082531
-12.261731
21.781641
-4.164617
1.689828
17.193171
26.879610
-8.295666
0.983384
13.553937
16.537445
6.258169
12.830064
-5.452328
28.625891
4.000513
-1.982984
-0.858683
-8.808589
8.472470
9.111792
-6.911963
8.675866
8.440067
-1.040333
19.638670
-10.036329
9.464451
7.887059
-7.433391
10.414352
9.286368
16.004927
6.116134
5.360644
21.847132
7.158594
9.089399
-33.214127
-7.172770
-4.010962
-1.456794
3.313287
1.224811
-14.074776
-6.606020
-8.692859
-3.097935
21.220928
4.760313
6.905385
-13.414944
29.027935
-7.532322
1.925893
5.957771
20.097712
-8.232504
12.861320
2.394294
2.741199
-9.882999
1.446326
35.729942
2.655941
5.722581
-1.997283
0.435609
5.306282
27.674681
16.560646
-5.982227
-9.706057
-6.050072
12.404239
0.470797
13.771201
11.604202
22.523451
3.513980
-0.232915
13.676638
2.773326
5.910707
2.693237
-19.475534
16.379875
-2.987709
-6.321008
1.278497
-14.725605
10.108601
-16.914648
-5.599141
1.304216
10.873001
9.378999
-4.152511
4.435740
11.827923
-4.344674
6.074563
9.140549
-31.812176
-7.286295
1.641899
-1.898750
-13.609056
16.445530
5.579930
-17.427700
17.622358
9.482439
