11.056024
-2.837410
-20.898468
7.206401
-3.392653
-2.018222
-9.014950
1.665946
16.527460
-1.107510
5.187104
14.939875
-12.753109
30.497965
-1.474927
-7.507459
31.721273
0.917953
4.444190
-5.064425
10.069221
10.575850
18.229210
-0.996612
9.216868
23.989834
2.189183
14.687460
-10.157258
-0.032650
4.743785
-5.717884
12.524403
14.607002
-8.210279
-6.715713
2.866323
-34.753014
9.797870
-6.473558
6.809919
10.560977
3.121009
15.919788
-8.318586
6.898830
7.293588
14.192247
21.482779
8.957687
18.810261
-3.486773
-25.385866
2.659592
28.247972
26.114849
17.764603
-9.187855
12.604746
8.062573
-9.310815
6.714113
2.793481
29.464043
-4.536490
-3.197205
14.582629
7.487492
12.056754
-5.883216
-0.782407
-2.591889
-4.572621
14.554748
10.297083
11.134734
3.248006
-8.595244
9.197474
4.930508
-8.178775
-6.155298
12.254161
-6.816336
1.186757
-9.275265
-6.028613
-2.204043
-20.416971
-4.690619
-11.172344
-2.988705
-10.528943
13.710312
-0.230188
-5.768757
-4.065917
0.403436
3.741047
2.104857
-6.079877
-2.781027
7.058754
9.937705
4.450769
11.783206
1.898996
3.093077
-13.486455
-5.605983
27.950125
-12.954547
-10.150806
3.010585
-7.652115
22.256016
-5.378774
16.280947
16.301748
12.841192
-23.627872
-23.908222
0.081359
-13.192928
9.172363
21.212717
13.448270
-21.570738
-15.190845
-5.935638
-26.415373
17.401060
10.848599
11.952009
-17.284079
-0.613130
12.671829
-15.569772
-2.914202
3.594573
17.510300
10.881870
9.661201
5.339385
7.887708
-8.249964
2.975510
-4.377599
-1.852844
-10.760182
9.902520
-12.629240
11.898367
-7.464685
-11.035331
14.077266
-14.954885
3.849461
3.662628
-1.414797
3.860744
-12.761561
4.588126
23.157518
-8.488245
4.573901
12.005873
-3.565876
10.259423
0.513154
-9.054785
15.829945
0.287008
11.632741
11.858586
31.081800
-13.711218
-7.835098
11.833155
5.586373
2.909561
-6.466939
7.888530
12.577918
-14.102506
4.000266
13.014818
-1.771849
11.056455
15.236588
2.560689
-6.087309
15.175644
-2.535307
1.186005
12.071068
2.685879
3.672114
-2.835976
-0.875967
-13.228708
-1.766266
-17.172836
-18.325262
0.955054
6.027518
-17.721649
-6.419708
-4.634665
15.354970
-19.086538
10.757898
-4.885012
2.258794
22.979868
-6.298065
16.610630
14.494164
2.053243
-2.882844
14.807842
11.403048
1.190411
14.335328
4.297000
-5.220442
-13.090611
-2.874462
-23.280018
5.767949
13.340216
-9.072420
19.382269
7.841349
7.246343
-6.052913
8.957905
14.105652
-14.711622
6.047977
-9.457252
20.732748
-9.694567
-1.842083
3.334466
7.185886
-6.884146
-4.767338
24.838112
13.733598
0.833061
12.720865
12.339589
3.091077
-8.189678
-0.242750
7.038761
-0.644766
-12.511775
-5.931554
-3.384681
14.627591
7.161316
17.339140
-39.859570
-11.563470
-10.193844
17.264317
14.095357
-9.423547
0.782556
-5.606353
4.785165
-13.059598
-4.453531
20.680504
1.662916
13.545112
14.763793
-21.982140
6.581207
-2.827474
6.913341
-21.093967
-8.105928
15.804536
17.482849
30.787724
-6.395159
-1.958866
6.873607
18.568226
-9.083511
-8.746941
3.230202
3.697166
-1.185276
22.830261
13.870042
16.377020
3.024496
26.037283
32.103352
24.668007
-7.099561
-13.646902
-22.069864
3.127153
-5.632827
22.609421
-2.791436
22.650736
-2.965619
-17.589849
-14.943130
10.846357
-25.348461
-1.853000
-17.187368
5.072502
4.711184
4.367841
-8.220911
21.559368
15.819250
1.850817
8.174320
-5.049803
12.737626
9.662117
10.108684
3.500986
-17.316833
-18.067471
-2.422576
-17.426836
-1.970963
21.564758
-1.017732
3.290156
-15.535850
5.114703
-4.333979
-8.140263
9.234810
9.613421
11.497285
0.596087
-11.010195
19.960836
0.830325
12.483523
-0.639560
15.553451
-6.921755
-0.136149
7.097315
2.289397
2.844528
-16.796257
5.484274
-6.883532
11.031428
-20.555561
2.123359
7.063233
23.306543
12.210368
-1.809728
3.191845
19.677053
16.791813
8.789635
9.466696
0.701099
5.447679
14.534855
-13.971506
14.605422
-12.702404
5.644187
-9.701310
-4.817131
25.822895
-14.455948
10.475869
-30.739157
-10.569831
11.017580
19.377975
-9.799924
-7.718455
22.251245
-27.954279
-1.806102
1.037591
23.018179
4.446374
9.207818
-2.155026
-0.223582
19.230810
11.686911
8.580314
3.472646
0.029856
2.711558
3.723007
-2.876902
24.137203
-8.577148
-24.138590
20.476917
9.530716
-16.081226
10.827765
-6.616755
-0.987493
-3.042397
8.437081
12.443461
-8.267889
13.904717
0.685704
2.669700
15.313772
10.634359
11.020470
26.710260
-8.823480
-4.396969
-8.290739
2.595571
14.861010
10.591116
18.219545
11.795766
-0.249078
21.729052
-10.641126
-20.966097
-16.237131
8.271853
-1.897698
-0.444781
9.707506
2.654657
6.987296
16.933058
12.534430
-9.255284
-0.610266
-1.851905
-6.371837
15.380720
1.085747
-32.596264
-6.448759
-8.980776
-9.574156
-18.864935
1.002843
4.141217
4.867942
13.393247
26.342461
2.631411
-0.278805
5.471690
7.783161
0.837459
24.429876
4.994178
15.595795
-3.962753
20.585089
5.283628
-6.876161
19.965189
16.871660
-11.033058
1.696902
-27.070850
11.626266
-5.101029
-2.600060
0.909224
27.510908
-5.804868
6.142337
17.117678
-7.941225
-8.215745
-2.791643
-0.114302
-3.663256
-7.487719
7.460680
19.149757
7.980196
-20.957939
11.718036
9.009592
1.181091
14.917202
-12.702014
18.403080
0.639269
31.971649
2.854608
-22.574877
9.124416
4.614603
17.427916
28.592007
-0.539279
-5.296708
-4.733699
29.705532
10.275260
10.487141
-15.270100
-1.520345
29.005075
1.357553
14.288459
6.878582
-15.707926
4.342541
5.869154
7.294172
3.768903
10.122057
-2.436938
16.777271
-31.643738
0.303660
18.504662
12.498229
3.456225
1.582842
1.005897
-5.295118
0.370894
10.065874
12.869112
6.270143
-2.505829
-2.205274
4.409536
6.826602
32.474972
-4.495914
9.356381
-1.627526
-11.520523
8.790148
-0.936428
0.796748
11.550939
8.436504
4.365519
-2.584902
-14.798045
-7.799749
8.866176
29.996620
11.169893
-6.842446
1.754991
1.858543
9.732908
-6.237969
24.770515
12.436601
0.301560
4.554955
14.811219
-11.548327
11.168783
10.885908
-5.976398
9.117926
10.125522
4.859119
3.552065
-11.386990
10.531654
13.063876
1.030893
-3.614226
-6.150685
5.207278
7.056329
14.921219
-2.169664
8.246079
-3.466366
-9.450359
8.486521
-7.570199
-5.686678
-14.499440
-18.747543
-14.726949
-9.500634
25.330667
35.296333
17.291140
-9.681442
7.443801
-7.811694
-2.830426
-1.126619
-11.594282
-10.846859
9.926375
-18.375322
1.348629
29.372149
-1.544516
44.976357
10.857669
-2.838724
3.841033
2.747042
5.067210
12.000907
-32.256161
-16.029455
-4.690001
2.311033
4.087560
-13.273355
-5.373160
14.042701
-19.353516
9.917653
7.488426
6.756413
-0.867677
19.826252
-16.835403
-2.315653
8.576164
-23.192596
-0.182029
0.296165
-3.038770
4.527255
15.620809
-8.303360
-14.987013
2.884920
-9.875113
19.556532
-6.613482
-2.975780
3.897773
6.492790
-25.857996
3.049892
15.013622
-10.249884
-5.990629
17.110485
6.482253
18.433729
-10.735735
-1.042632
-8.700788
10.387904
-14.813025
-4.781512
-2.731620
-1.169039
6.951657
-8.956865
-4.853798
-5.981337
17.192543
-10.467896
-1.541814
23.216326
4.594130
-13.404264
8.197486
8.834195
5.303715
7.312992
18.409330
7.298553
-2.984308
-5.615238
-13.448010
8.193580
-1.438882
-15.492133
10.317086
1.774808
8.576275
9.647584
-7.439811
21.904417
8.356478
-20.024908
11.869017
-0.184331
-0.320354
-9.501414
-5.046225
-6.052831
-13.356690
12.026498
-4.899214
11.325256
-5.049764
10.508230
-10.522862
4.555639
14.543792
-16.416168
3.848228
14.354279
0.177312
1.456800
19.963776
-6.921949
-15.868119
21.263401
3.771634
3.301771
4.380129
-3.302715
8.349952
0.479315
-13.182177
20.486282
-20.149698
20.811584
1.185947
-14.282924
10.531069
4.548159
-10.233110
18.944983
12.089941
12.109797
-8.369658
0.753518
-3.614772
14.234289
-1.293802
-18.670425
-4.639368
-6.653766
8.772282
13.185864
9.143878
38.878654
-3.781739
27.288303
-6.609821
-9.560477
5.167153
-5.731793
0.508653
13.237697
19.403513
-11.883400
4.382936
-8.751670
14.983423
12.653389
-10.502666
5.997403
-11.108510
10.586572
-6.657264
11.301465
13.943241
-13.994257
-0.925086
48.160465
10.214820
10.038120
-6.222581
2.264909
22.750135
-2.158179
-9.121433
7.634373
23.627562
-0.941610
22.820515
6.446331
-1.923786
9.945986
-1.104128
15.683424
12.191998
-4.973419
19.674376
-10.750716
5.159105
-0.772597
-5.070864
-1.663085
-14.907012
-26.797855
12.432191
0.158050
0.458511
19.926712
7.797816
0.208675
7.504664
13.319350
23.971050
16.379696
8.101412
-16.439272
10.565912
15.517079
10.594770
5.677605
20.586641
30.553280
11.514757
10.180058
11.368405
11.047822
-10.277779
-5.728330
2.595832
8.392987
23.708231
-4.447975
11.811819
-3.597542
-3.702030
1.075807
0.622448
-5.035609
-6.894559
3.081445
3.287524
12.304964
-3.298193
14.632059
11.753190
-7.804092
-20.195971
11.965808
8.714927
-6.623408
11.561853
11.234118
-0.227566
-14.537352
5.443097
1.982083
3.216485
5.504593
0.873326
-3.089391
0.525492
-6.370533
14.931053
-9.533399
-2.885602
-5.760826
-5.511225
-11.524900
13.999874
1.190385
15.276294
2.195732
-9.110256
12.810060
-1.694681
9.191355
9.852649
9.105529
2.975502
0.770225
-2.033814
2.053205
-12.628841
10.283225
7.424679
32.944901
-10.766631
14.705149
16.697906
-1.827132
17.863365
-5.700420
-8.623122
-5.460244
2.451735
10.321482
0.423979
-3.712520
-21.373592
10.005586
30.363062
-15.552785
11.039930
1.993626
-13.427265
30.951729
0.422727
20.698172
-0.957373
-29.581779
17.215393
-23.320358
-12.452626
4.849013
-0.289174
-14.090059
0.057997
-8.361208
19.090971
18.701414
-3.929710
12.274754
3.694956
11.485475
-14.114179
3.757637
-33.818726
-1.678628
-12.966326
23.564758
-5.418265
-0.128856
19.595188
-5.074730
6.070552
20.469204
6.182770
5.531248
11.434059
-15.413430
0.003893
26.509075
-1.229382
1.866366
2.809103
25.606016
-15.561710
8.664931
-14.314836
8.212412
14.578945
-8.563757
-25.295822
-2.760622
-13.824210
-1.804094
-18.080536
2.835161
10.221100
-4.874317
-8.575914
-14.654723
-0.031791
27.956709
6.156122
5.194287
-8.921989
-4.165875
22.405397
6.689192
12.898289
-5.964653
16.794983
20.492865
17.183699
-4.733105
-9.280816
-0.547108
-4.496795
-14.887650
-4.748991
-10.012263
0.397999
-3.989552
0.130069
10.907728
1.795781
-0.028277
17.449041
-15.185810
8.580063
11.169892
-12.731355
3.698708
0.362826
1.410915
9.838150
15.159373
7.442564
5.333040
4.157237
4.034855
14.926023
4.053680
9.302345
-14.720266
0.001370
17.908569
-6.021007
-4.555073
12.235942
1.638841
13.721305
17.302912
5.981410
-1.729663
-3.407902
4.973819
-3.992364
9.788455
-3.785657
-13.526448
11.004372
-15.641521
10.544662
17.950418
16.796104
12.788783
-10.017873
14.690825
-10.248510
5.781085
15.911811
5.071250
6.781987
14.060833
24.672808
8.236846
2.566997
1.019011
-4.386734
12.128543
-2.419420
7.865208
10.090395
10.422899
8.857438
-16.151758
10.819438
-8.099689
-12.364565
0.747435
-7.851459
3.323914
-13.412853
20.053255
10.079911
19.413647
18.273119
-6.350794
-15.007535
23.334013
12.630055
14.260143
4.300946
3.415946
14.715937
7.952185
4.581777
-14.512770
-3.231616
23.028725
-6.549078
-0.361896
12.881989
17.565123
6.295677
12.466646
-0.093315
2.709149
4.762818
-13.741972
13.055013
19.900866
-19.618425
6.402280
14.792830
-9.786802
1.060985
-4.126065
0.915058
-5.609058
5.168639
-7.561602
15.012291
-5.030495
16.855967
7.842762
-1.636878
-11.592465
12.861175
9.523436
22.930738
12.776581
6.397297
10.357243
5.028252
13.131949
5.934783
0.272710
1.616237
-12.707117
-0.027555
15.057158
13.232333
-7.239834
-10.233434
0.279275
-11.999159
3.736428
10.075797
-5.555850
18.548922
-0.743344
5.248609
-10.915300
-8.161412
5.146553
-3.626059
15.364488
-11.486009
-2.410930
9.684860
-0.557810
21.077213
16.328815
4.264092
-0.591924
-5.670386
11.020517
0.558905
-7.410441
16.131081
1.850703
-11.067634
-11.485692
15.874651
10.595896
-1.076733
-12.518304
-4.234382
11.025213
0.018849
7.903039
4.747347
22.191486
1.142299
2.282345
14.268069
21.007982
4.130604
10.042850
-3.564162
-5.793531
15.198552
7.601684
-7.776217
16.702711
20.919277
5.634850
19.236473
19.995338
-1.364283
-8.469637
-15.131186
7.075401
13.768447
17.044275
8.468058
-5.265616
7.507290
-0.770020
-7.398755
5.596650
-0.902901
0.089965
0.159078
14.614388
5.696074
1.968702
10.409638
6.343835
32.276073
2.436929
4.379433
-9.562884
19.861698
7.376884
-4.427923
-6.400213
13.146224
-4.955560
11.624187
31.164726
18.867830
0.253287
-5.872907
6.817803
12.624009
5.051236
-17.769169
-11.408381
-19.821665
12.290090
32.132023
9.937129
1.952249
-3.943783
-11.834373
19.869265
10.466670
1.889020
-0.875460
8.548428
5.028438
-2.510831
14.002033
-1.841880
-4.921807
-7.785468
-22.557343
-9.617347
4.986836
1.490972
-3.065671
10.722048
-0.715310
-8.790543
5.476824
7.071106
-5.789569
13.338746
-15.652158
16.609900
14.323896
-3.075112
-13.529172
2.449731
2.521919
-27.006912
-9.923069
12.820710
16.231335
1.798641
10.514910
0.842616
9.141137
15.072276
-0.007853
-18.621109
-1.257991
11.556491
10.923736
10.097549
16.253845
4.515898
0.010779
9.213562
-30.796429
0.972146
-4.939082
0.398211
-16.335430
17.237179
29.497309
-8.943516
16.590620
-28.404465
-13.925248
-22.164806
-7.356366
2.029435
-12.362246
3.595500
-6.203063
2.113116
4.938924
21.219589
-8.427695
14.613349
21.508259
-5.421806
-0.419537
14.014006
-0.067528
0.713011
-1.771824
-6.068411
18.147507
-23.505472
7.003691
-7.185359
-15.836057
-15.326305
5.639281
6.638625
3.606170
-5.907460
14.622342
13.238250
15.181837
12.793065
19.959745
24.732485
-3.205619
4.065706
15.013366
2.798229
7.694215
2.949862
4.574066
-2.222604
12.207008
21.837557
-10.740715
2.489943
-12.025613
-24.936995
-22.555573
-14.582716
10.526625
21.983419
7.958072
-0.552598
21.873487
-11.502992
21.845829
-14.217599
-7.665797
-8.109484
-10.839102
5.353877
-5.258657
-7.633926
21.106310
-15.936600
16.297260
11.251219
13.466333
24.782904
11.486411
2.342284
8.397740
14.370524
-4.778723
3.747147
10.230651
-7.855282
-11.309162
9.596768
-15.080062
18.363703
-13.902676
3.247180
8.155458
1.071139
1.594401
-8.502653
17.600170
17.655396
4.768238
-6.857561
9.760563
-10.938209
4.469329
-23.676544
-3.804632
0.286864
2.063810
-6.642045
-2.852180
16.796358
-12.695538
-0.025997
-22.993380
6.783143
-0.840454
-4.559922
-21.486481
19.136871
-5.695138
-6.920704
-14.780544
2.038501
20.945932
-0.033886
11.310534
3.363680
4.737266
-5.555694
-4.237917
-1.278162
0.434537
-16.174469
12.962578
5.159731
2.172124
-4.960194
26.459461
12.158854
-11.735113
-2.525854
-3.106156
0.483802
-5.643765
-7.216312
1.782152
30.512094
12.867875
18.376276
5.511018
10.981166
1.622224
8.564928
11.330726
-7.437227
-5.483999
-5.119033
29.138754
5.292679
3.036025
8.836744
5.829239
6.578481
18.864887
3.854548
-1.603577
14.816825
-3.794922
-4.941188
-5.945917
-11.349162
1.229981
-10.037648
-10.753503
0.247458
-3.819540
-23.996950
-15.807261
19.501921
4.037917
12.531129
4.057441
-12.258370
-0.779765
-3.529480
-24.513170
10.427727
6.001186
-1.483266
16.831888
11.223073
5.769102
27.498566
-4.115310
-19.724937
1.516195
-0.131938
12.418746
0.221460
11.658549
-6.497246
20.779039
-12.745154
6.223832
-4.992269
-5.008268
-19.610519
-3.865463
3.083721
21.257896
-4.826792
-5.694795
1.368235
-17.505672
7.218535
-4.094411
15.678800
6.859712
1.054042
20.258856
-23.041815
16.573154
3.654908
10.180908
9.540263
2.794735
-47.379795
33.424995
-0.673657
1.449424
0.476838
-4.500944
-1.241818
17.023479
-23.285793
-11.995175
-1.247903
10.817965
0.890754
-20.776316
-18.739174
3.036585
-0.210105
20.492321
-12.151927
-1.699069
10.953582
24.366793
-7.044204
23.708097
8.492332
-3.182861
13.756383
-1.998064
16.323017
26.872902
-9.522208
-22.146603
5.614249
13.151907
14.965357
20.515133
6.181910
13.364264
-3.386459
-5.011180
29.388098
-1.377435
32.710693
5.817380
-5.448059
-11.327619
-0.236687
7.312352
-17.551823
13.812628
25.193563
-16.619059
1.065194
-23.879614
10.166471
19.803068
-8.490542
6.729852
-5.312260
-2.015172
8.140195
-10.036319
1.350158
-13.217775
4.513068
13.451659
4.631242
-4.207315
-3.712528
3.908940
-0.094183
17.661604
-13.475483
-8.057532
-8.671422
11.296721
9.985781
7.715783
13.772584
-9.681558
18.066971
2.357530
34.785686
3.325113
21.832790
6.773410
-11.014921
6.145396
20.977102
-4.269402
9.430621
-2.868544
33.974789
-9.539148
-13.701371
8.093527
-15.905810
18.024687
12.915676
-4.713139
-12.829867
-2.230323
10.585472
-3.182216
25.574411
3.266964
9.604516
-29.529184
-17.114540
9.494115
-1.320920
-7.772366
-8.184472
-19.114788
0.458935
10.543629
6.435447
11.455138
-15.238100
-22.868200
6.866058
-17.264187
-1.602949
-4.786134
-15.253323
14.474269
-4.984556
0.459339
19.741451
10.633498
16.612820
-0.266803
8.478800
-2.637555
-2.615994
24.660269
21.751720
-9.214287
-19.309736
-12.776612
-2.167902
21.166674
7.202078
-24.434996
-9.029734
4.765692
19.029085
-9.992535
-6.522351
9.634277
-3.978468
20.906059
7.379188
15.103640
1.266460
0.808499
28.635851
-20.275913
-8.996831
5.138191
4.433342
13.963537
-18.020405
-4.394622
3.369301
12.845829
2.618399
1.366302
11.460608
5.866694
-1.888271
5.081167
-3.849119
19.978725
-14.076247
-7.879143
0.037580
1.903893
-13.111674
4.493749
21.648176
-13.604421
3.466945
-3.529566
-16.747204
5.926349
2.691813
4.852366
-0.041802
-4.718888
3.233139
7.011377
5.274887
6.944432
9.065433
0.331621
16.912804
26.487307
3.912325
13.374141
-20.670973
10.340766
32.427410
-12.381721
-1.188440
4.236223
-5.952100
12.323950
0.153065
3.621219
-13.868111
29.077009
-1.824047
29.060146
14.347466
2.572210
-8.880214
5.085766
16.364933
2.401904
1.425308
-10.427644
18.621162
-8.652240
-10.109079
7.392233
21.613770
4.607218
-9.606240
5.111431
21.897793
8.842523
14.762900
15.505745
4.564490
0.359355
-6.717589
-6.109470
-13.229110
3.029271
12.108762
-1.622222
-9.795587
-0.957061
13.182227
18.889080
14.138900
13.317671
-0.289375
5.413528
-5.101408
9.522594
10.090228
2.410750
24.814787
-9.542658
12.773446
8.649899
12.800867
-10.502076
-7.166164
7.172742
-2.111396
-7.431218
8.449714
8.179484
-2.487660
-13.820190
0.088246
-13.974965
19.958759
-22.352312
-1.194828
1.243936
17.046186
-11.031110
9.080375
-1.502966
2.590971
3.847016
16.375343
-3.294176
23.072624
7.830037
-9.264765
-15.253743
-4.468863
-5.743420
-14.785449
-13.273113
19.266798
8.636499
-20.302813
21.264248
1.035223
18.281366
-27.129965
-12.613853
6.302525
7.072947
1.076784
12.520273
8.332291
8.260494
10.159489
-15.919174
-2.665950
8.270837
-6.255119
-8.241097
13.785759
11.773257
-20.474480
-1.665026
-4.238053
-0.010773
-2.130873
9.578256
-9.979652
20.019697
14.661949
13.198726
-0.086686
-13.852396
-14.980477
-7.011953
-5.401792
21.632259
5.066634
-14.342673
11.173098
-9.816307
-9.197700
-7.982658
5.316361
-30.849718
-10.238823
-11.538070
4.588985
-18.421612
0.592190
15.751701
-3.949550
-19.463898
8.408891
22.630779
-32.762035
26.308044
-17.477608
-13.405704
-12.342963
10.194792
1.412091
-6.450583
0.821014
4.483128
-2.526781
-11.533363
6.395316
-7.740388
10.461741
-13.049105
1.240486
22.590361
-19.205734
-11.302547
10.147117
16.156357
-16.493345
0.404602
-4.106288
-7.926080
-1.538403
20.269529
18.057468
-0.817636
-5.858184
4.587834
7.598525
26.810871
-13.272008
-17.491108
2.326728
9.560500
3.238830
-12.179181
9.441231
-2.921031
14.630893
-19.553139
-2.101386
4.525846
19.468325
2.549711
-15.208231
3.706476
-11.931752
6.997815
-9.562917
8.583179
-5.257799
-33.158970
19.525799
13.480247
-8.235202
15.830568
5.575080
-17.058569
5.220506
10.441466
3.481916
8.941202
-4.135354
-4.628131
-6.253205
-0.266902
4.395519
8.290108
2.536955
20.940279
12.021134
-4.759289
14.514864
19.426289
-1.073921
8.432912
-4.747615
-0.462505
6.519331
17.400156
26.113598
11.882448
11.493126
-4.037913
23.674583
6.932723
-13.342579
4.725958
-8.912227
-5.768653
-8.591658
18.723591
-8.966826
-2.432208
5.802401
3.133765
8.178704
8.193013
8.911230
-25.768515
-10.536066
9.794074
22.158312
-1.655733
-7.185599
1.614020
1.343177
3.501108
7.258218
-12.198809
4.731329
12.638386
-25.986872
23.753424
17.295900
9.694301
-14.631691
-17.651649
3.559883
-19.769577
-1.017527
13.330183
20.209753
10.721805
-6.270684
-2.094439
-0.470692
10.218750
10.670487
10.776244
21.450176
3.064241
9.481495
-17.323650
14.761160
-14.021842
-30.085548
-17.842257
32.417683
7.050672
-8.032960
-6.187570
0.650131
-0.085292
-12.344012
-1.034391
9.943882
17.063032
35.440609
-4.812484
19.424316
9.866962
-17.359200
4.615399
13.066044
4.300054
-7.752596
7.659805
-19.872925
-13.136865
10.146976
35.730312
16.990036
9.047076
19.005442
-8.629889
14.409763
1.065544
-4.080969
8.973423
13.474192
-1.476220
-0.631222
17.134815
-8.388824
-3.718591
39.011879
11.935434
-8.235123
26.873051
-0.186725
-9.353436
-3.429617
-5.714633
17.602406
1.452362
-21.356623
4.907435
6.468410
-6.706110
-16.762535
-1.095221
12.004963
2.168706
9.745023
13.115712
7.666758
-10.502297
-13.551052
-11.609476
25.121237
5.458083
8.027443
-4.687094
15.868032
10.760491
-9.447790
-20.603136
28.433964
3.935449
25.570604
-6.583827
10.309680
-15.713890
-28.142185
12.452030
-2.259240
-11.961901
12.885837
0.815359
8.109556
-12.790314
24.157349
-4.740941
-14.038052
17.498613
1.203743
-19.986355
-2.967439
8.945162
-16.534182
8.291237
7.446265
-17.797354
6.255118
-10.926669
3.904361
-1.683785
17.368753
-18.900270
13.923938
11.548407
11.012179
-6.525451
20.629316
18.133289
-5.269602
-5.429316
-5.780654
-9.656678
18.020435
-6.747002
16.621439
15.013077
1.493709
-17.180170
18.515198
-3.492078
-23.336637
11.177678
-7.653899
16.140707
9.930201
16.273293
15.596500
-5.565330
-10.127163
6.037871
-14.784366
3.841654
8.674537
-2.440217
-3.088145
5.141525
11.544318
29.607273
6.760839
2.182336
-16.128170
11.959478
-20.140377
14.284585
8.111003
-22.482479
-5.976125
0.450639
4.221601
18.946371
5.880475
33.603909
-3.025897
13.648072
-8.471444
9.717897
-2.155603
2.796064
16.011648
-12.758753
2.923874
10.643364
14.885828
6.237087
-18.567179
12.156847
18.452333
22.967157
8.705813
18.377102
21.435581
3.822501
2.560532
2.603322
-6.646171
6.691975
23.328886
-32.508503
16.698870
-4.092235
4.657341
-11.462849
-11.370213
-21.610344
1.130030
13.936560
28.430250
-0.328869
3.563027
-6.873586
-0.112060
-10.688981
2.283718
-2.881686
7.879482
-4.171624
3.801772
4.472612
-3.036701
21.077078
-8.214146
-7.171759
-19.598225
9.265268
-18.628983
23.416855
10.646868
-1.671209
10.895486
-7.031476
0.287101
-11.361918
30.888296
17.824860
-10.756240
12.613755
3.144723
9.913372
3.563135
10.481519
0.244141
20.187510
3.144727
10.364791
-4.998072
10.530626
-3.718225
-9.236204
5.899497
-4.759664
27.496691
10.733847
-4.458740
23.376144
3.204802
17.033291
2.259348
3.175736
6.683117
-2.218347
-10.078294
6.032879
-9.443973
8.972230
35.716614
-15.060993
-15.882596
12.047924
11.439744
15.720254
5.683526
-5.492248
-6.404628
10.463952
8.654706
-37.777496
-4.154819
13.546041
5.265900
17.309591
-1.297261
2.409504
-19.284536
8.514482
-5.414526
12.548105
4.453872
-16.582800
6.062709
-12.518719
-16.800278
15.240131
20.420071
-0.819068
-5.727154
21.776613
17.179749
37.554249
-6.975062
30.695288
6.401541
-10.854555
16.266569
-5.583384
8.109649
3.325700
-2.796380
-18.557270
1.754295
-13.848537
-8.676570
24.971216
12.081664
-12.522206
-22.240225
-0.591440
-5.165373
11.811264
-10.435282
5.290007
-4.500365
2.789985
17.788664
9.634151
-15.319615
-12.520949
7.176640
21.835443
8.493931
-0.885399
-6.612134
-2.815810
0.874181
-5.070651
22.026501
25.608828
-3.401169
2.820390
10.537333
14.585101
24.844269
-8.748428
-18.384315
5.506266
-13.408193
20.941158
-3.905594
-5.283497
1.704950
4.703548
-0.988960
18.693466
-8.322349
14.022207
-3.187512
-9.045836
-19.312660
19.038853
-13.320570
9.448169
17.600653
2.043852
6.445804
-22.565727
1.771749
-15.692862
5.970227
4.486620
17.958364
7.567472
-18.103260
1.489494
11.830254
6.075836
1.996898
-10.963697
2.306905
3.741234
9.214267
-9.471949
3.511208
1.406674
3.454664
-26.850069
13.452514
2.495866
3.571728
-30.648449
-0.901371
-5.226987
5.995659
0.465810
2.874631
-19.813036
4.373512
12.711214
3.305864
-2.454581
7.266809
2.077943
-6.892274
7.694569
4.696918
10.789731
0.677869
4.709067
-1.545737
1.533283
-7.175537
-6.921602
13.083076
12.743696
-9.714276
24.713303
2.701306
21.059849
-4.580271
0.985501
1.453706
-4.494002
15.199024
14.930764
-5.031744
18.045776
7.597141
20.018129
28.797497
-0.277664
4.478430
2.543184
-11.542379
-7.966762
2.641190
-10.536172
-1.419465
0.513073
-2.279496
15.330317
5.295443
2.910200
9.502733
17.397387
3.620076
-8.670451
-3.228414
-2.993123
3.744735
0.082644
-4.312167
-2.760587
-0.435862
5.850801
-1.118250
16.081541
5.285028
10.641069
0.513673
-11.618898
-9.039832
13.404586
10.008381
7.453012
20.747465
3.806890
10.108130
23.884615
-30.847265
16.356394
9.079259
-2.830196
-10.240626
-18.451550
-25.031065
2.927817
-5.511637
-8.110894
0.865498
-3.416325
-21.524546
14.560478
-24.610228
5.697279
-3.762431
26.143898
0.011698
0.814184
-20.756920
-2.926234
11.393530
16.212099
3.572900
20.765614
1.293072
17.061705
16.917980
3.159939
2.077121
-14.724747
15.958731
-17.680090
2.930624
12.705298
-10.850810
7.812240
5.962368
2.787510
-0.853656
10.507521
20.224007
14.840672
10.832590
13.744525
7.911867
3.005230
-10.144464
18.009645
-4.490002
-10.445415
-2.439543
8.337820
10.564291
4.901271
-15.913502
3.154012
-2.297606
-3.346450
3.816666
-5.477222
2.217093
27.724266
5.439919
30.956242
-10.027967
13.920722
15.031557
-24.274210
-5.893147
-2.324555
1.834220
16.313444
39.170506
5.956278
1.701493
-10.763011
-20.075920
14.384433
4.955874
18.142431
4.301572
-6.538857
10.118282
-17.312550
34.636497
18.604239
14.423465
1.346849
-0.235360
-10.544490
9.386580
5.924476
-5.839684
15.228871
-9.433375
-18.232649
13.852180
-11.394358
9.590430
17.064568
22.013777
19.173996
-4.468733
-19.239424
-3.583991
22.634209
-3.720916
5.003151
-3.763949
-2.489625
31.776171
-7.854217
15.592087
-12.264552
8.316869
4.042819
-3.411103
5.401351
6.642555
21.518745
-9.441056
-3.408427
6.011862
-3.526635
-7.038295
6.560482
-0.369859
13.194718
-0.438755
13.933065
-3.291184
11.395212
-8.737043
9.684884
19.382244
7.031269
-2.484416
-4.419316
30.628220
1.498081
6.593578
-13.964750
2.770305
-1.910864
5.183112
0.398370
15.855930
9.152083
4.639471
11.430917
-19.397158
-8.480902
-10.863745
8.182413
-7.279848
9.185512
20.947844
-1.924219
-3.615391
-0.929797
11.735433
-4.989479
14.964587
3.502502
-23.986044
18.580351
-9.063196
16.954514
-19.329504
1.830003
10.470360
-2.424258
-6.700808
1.376981
4.918108
-12.435557
-5.971184
4.994393
-0.898969
17.015432
-7.996149
2.416193
16.809902
-4.090503
23.247631
-10.347180
13.687526
14.916076
-1.309573
21.314276
9.138524
-1.919017
2.149502
2.440329
18.577803
10.342319
5.050081
-4.157613
-6.206371
4.782159
5.022215
19.388483
-1.464369
1.468345
18.537886
8.797215
0.164447
3.101514
2.689047
1.944268
21.413656
21.378742
-8.478408
5.765543
-16.406349
23.791233
-12.602039
-10.428994
13.710155
7.493481
25.371523
-6.397232
-9.605865
-0.281454
-7.920104
11.386586
17.564520
-6.539566
-5.646845
12.762877
15.722307
-11.389284
-3.673435
0.514827
12.877128
14.660775
11.772760
14.495109
-4.496397
3.612549
1.921192
13.584939
3.967057
19.448557
-9.227969
-2.666727
4.979695
16.225161
6.055606
6.678251
-9.568126
-19.478920
11.795658
6.040215
-10.815716
2.892312
5.540590
30.662127
-0.009205
-0.830933
6.953536
-12.236851
20.622219
5.014834
12.210450
3.610651
-0.302397
14.525492
8.775339
-3.301503
14.113590
16.117092
12.957995
13.824891
3.476422
-18.478039
6.506743
6.768906
14.566404
-19.866396
-6.705856
2.192883
-13.435065
11.466930
2.154905
-1.232883
18.634275
-4.651630
-13.685775
19.734316
-0.164325
-0.769992
26.622751
-0.474988
15.101299
22.337381
11.725277
12.103916
-12.885905
11.754056
11.170198
-15.661612
20.998997
28.955303
-1.485819
12.008812
7.060851
7.339501
-8.783663
-2.417150
15.976117
17.908070
-5.233726
-1.207359
-2.535840
-19.859562
7.452165
24.106043
24.302393
5.499120
12.858185
15.656587
-7.928583
13.712236
2.306381
13.675226
-18.549791
23.454603
15.017445
13.858535
6.988007
-6.626484
11.376829
15.213941
-3.788478
-9.806728
3.233224
3.559207
-7.369169
10.475126
5.875775
20.331282
-15.186005
-0.368421
-2.916621
5.684275
5.246449
19.410032
-22.869505
16.627275
8.894321
-13.000564
30.158127
3.418146
23.522902
1.517486
-24.495390
-14.528290
-10.372956
-4.879585
-4.643229
-21.526985
7.222166
12.198342
-20.432411
4.546849
-18.347288
18.755299
9.201922
-13.193039
-6.949035
3.399727
-4.601137
16.686546
20.294586
0.008990
15.732103
26.979773
8.926626
-4.402134
-32.346474
0.352717
16.745615
28.155165
-2.150205
14.192285
-3.563194
12.412933
5.973688
5.799276
2.081438
3.834130
1.348952
18.159363
4.119796
10.797833
3.787667
7.362543
9.156415
14.180775
-3.214868
-0.638208
6.407614
-18.127739
11.705983
-6.387143
-16.331589
1.922303
25.167463
15.864450
-3.321812
5.980830
18.297550
-1.369610
8.919868
-1.248174
9.167738
12.267153
19.765091
4.893652
-6.732951
30.865444
7.206335
-0.966297
18.933413
-9.266053
-9.634685
5.636184
11.459409
18.493942
-7.591853
13.186929
2.098369
-13.912341
10.230577
-9.277353
-1.997145
30.596556
16.150051
-2.891119
8.652213
19.268719
-8.189734
14.419110
5.186363
10.179041
2.441196
9.286650
17.225632
22.530237
-12.966909
6.556033
13.320642
-14.994637
-27.572659
8.819931
32.732307
-5.895724
0.534024
3.052292
13.500538
-5.594647
15.286752
-19.574490
0.543527
12.483341
-10.806634
-14.521289
23.542397
14.471199
20.549543
-1.959269
10.738565
-6.067314
-30.956835
3.778533
4.070522
0.298681
-17.462692
-0.283702
-10.455405
0.130923
7.987021
-9.615131
-27.927721
-10.951734
7.148786
15.446248
-10.423586
8.491280
9.103850
-2.243626
17.845642
-5.605564
2.543795
17.912676
1.174500
5.527507
-2.247399
11.305840
-22.763462
-11.285464
-10.528166
2.324808
7.103245
2.612060
-29.006668
-8.940064
-4.108463
6.646699
-10.920778
4.431293
5.032751
-1.647301
-7.875396
-3.619454
3.323965
14.137259
3.612872
-4.782521
0.176395
9.813623
-3.001924
-16.013075
13.764279
9.374963
-10.446672
-2.360174
-5.228889
17.485617
18.988777
8.417922
34.781342
-13.890274
1.882686
0.797119
0.310085
-6.450000
5.248054
0.230115
4.495452
30.010326
13.125415
-9.609009
-1.053758
12.453219
-4.759497
3.021642
-2.056624
-3.524716
-10.059312
18.925901
-5.899858
29.834415
11.509413
23.232702
4.427270
1.959908
-2.598157
-21.399183
30.495996
8.053716
-13.804976
3.883142
-13.733822
5.482815
22.106550
-15.524097
-16.322676
3.237289
10.792482
3.077335
12.339701
22.771191
0.090587
-12.665997
1.571640
21.161802
10.624551
7.439466
9.560726
-3.087222
21.265053
-9.853704
24.139130
-7.043829
5.511873
22.497166
-7.654179
13.042512
-5.685497
-15.031095
14.803604
-3.358484
4.662374
13.685164
5.902199
3.304092
7.139300
0.208629
0.479908
-12.306422
-3.178367
-4.493062
-1.993959
-23.458300
-9.724385
15.430251
16.272715
8.878229
-1.863793
-6.012397
0.685825
-1.139292
-7.837434
17.637741
23.529894
3.558752
1.068634
13.666907
-9.114149
4.893610
35.003727
0.828414
22.991737
14.308848
29.203876
3.402596
12.824973
0.324260
17.351709
18.089731
4.169671
1.669666
1.994703
-4.438031
-3.858623
14.491563
30.491808
-15.780785
-24.162834
23.809546
-2.812570
-17.480526
2.135366
-8.853502
-0.085106
19.672850
-4.768458
27.761415
21.209089
13.277227
-16.437889
8.930147
12.699019
-3.223489
-10.094594
-3.658751
13.368505
3.991065
-0.617997
3.439772
-10.149117
1.774128
-9.191563
-8.279746
-6.480131
2.519670
0.328594
-16.683760
-13.469524
23.744678
-3.245959
1.558969
11.177037
-15.144193
3.343374
9.386273
0.839351
8.779057
22.737843
4.533709
10.465261
3.489366
5.015257
0.771158
-6.997232
23.742464
-2.084221
9.856581
-25.708130
7.640476
5.194104
-2.015943
3.766219
18.771664
24.167099
12.130095
6.136313
19.072426
-5.449992
-8.555142
13.523658
-2.866322
-3.477942
5.126119
-1.087703
-8.316737
-12.465321
-16.775480
3.736409
-1.978130
-14.969674
-5.277457
15.617035
4.612829
-3.368046
3.282515
-7.809786
11.586203
13.248068
-0.684096
1.196909
18.326250
-0.998677
0.345064
18.905268
6.678157
-0.815893
-8.678389
6.532529
7.286139
-9.396526
5.599540
13.492998
-3.171441
14.092255
20.420616
-2.471779
-4.626312
1.595998
-27.881544
-4.120921
13.651030
-7.002902
-10.728749
-10.528098
12.284617
2.695191
20.327711
-2.492703
1.241562
9.924848
-2.008736
23.449734
33.528992
-9.985555
2.075985
-4.084042
0.788846
-9.569510
-0.345056
-9.712613
5.071951
20.486515
1.698624
-5.953433
-5.454825
-1.072726
11.256692
8.180337
4.412182
4.251226
16.238026
23.508883
2.557571
-26.047674
9.378460
4.349257
-7.511500
24.798191
4.691149
25.660469
-3.671497
15.862423
16.468145
-0.821866
7.867722
-1.163840
5.141107
6.255236
-14.432877
-9.359240
23.813911
-10.598477
9.129335
13.558613
16.605873
2.867353
7.131253
13.094770
-5.293949
-11.953643
24.219494
-8.444932
-2.899529
2.077807
-8.574443
-3.773386
15.071289
21.570360
9.563212
-2.950752
11.704748
1.449522
6.010735
-6.506628
-0.855903
16.713675
6.152263
10.627478
-13.164025
1.400373
12.872537
6.549354
3.759108
20.581785
-15.515180
12.790056
-9.667907
4.715975
9.372812
1.811211
19.573128
28.582912
6.342729
13.930176
-12.929773
1.698584
5.280723
-3.141728
-4.443717
6.485851
7.103295
13.797796
-2.694653
-2.145078
-15.528758
15.405911
11.952611
-7.293628
11.965212
37.966297
33.913765
12.905531
3.574260
27.250664
-1.077719
-18.796160
1.691314
-13.955079
-2.087181
-0.583170
7.464823
-8.087325
1.528774
14.004221
3.762502
24.179178
-0.009048
6.826271
-6.196894
8.301761
-17.813046
11.516602
7.209436
0.064005
-17.183832
-5.751034
3.660195
0.564778
-14.444036
7.307327
-8.157791
-18.658789
-3.312193
26.204855
4.328444
-1.798046
-7.671867
-21.369635
-16.833374
22.473328
-18.870039
1.606741
-0.772089
2.629549
-1.585404
3.458306
5.012735
-6.790711
2.494652
-5.116957
0.936623
-9.429848
16.714804
-1.850688
3.690751
-10.438505
8.589766
-1.926093
-7.791438
-12.472609
35.533306
-3.174074
4.420761
12.932300
10.131782
-5.841581
1.589443
-9.234608
-15.367605
25.734053
2.767884
-22.043613
3.941806
-0.527796
-7.490726
8.382897
-2.689621
11.109962
21.944304
-10.901694
-15.768689
11.635972
3.020258
16.071587
22.934425
-28.283260
4.096959
8.291491
-6.013299
11.434182
4.715738
2.958947
-4.415154
8.682589
13.076782
15.023738
-1.044263
5.861828
-6.306173
24.212391
1.217396
-25.143642
21.744583
-15.059258
2.726459
3.779831
-13.255020
7.961658
14.276275
14.489065
15.337603
11.117882
5.643914
4.846198
24.585880
29.016951
6.207830
5.470955
14.529127
17.575966
-2.945200
8.486088
11.293810
4.797210
-4.039507
2.834612
9.688462
14.235366
1.857650
8.150162
14.539229
-6.148111
-6.622821
39.395863
10.279378
9.863293
-3.108460
-4.491951
14.584706
-16.975029
-6.227743
13.056368
8.160342
0.821488
-0.007152
5.612357
-0.232231
2.404119
19.372789
6.127769
0.879724
12.059118
20.972229
25.829605
25.239880
12.305052
21.441883
-3.197110
-5.612858
6.810759
3.884747
5.541527
30.426136
-15.897076
-18.135723
-15.274677
2.692349
-5.602704
23.561092
12.613470
10.702868
-21.811670
-27.949263
-6.315934
-4.978689
3.551449
25.255507
-11.592551
-3.754656
-1.477779
4.494069
-14.473863
-1.274005
-5.011309
23.008217
2.417763
-4.048709
9.149999
3.656451
-15.207878
-10.383274
-5.050776
6.590044
-14.956732
18.389484
7.074680
-11.553441
2.886993
18.064123
-2.937692
2.192023
-10.836464
-2.315403
-16.374557
4.242265
16.694345
0.143636
11.974442
-9.032948
-0.735985
37.416317
7.694175
16.525070
8.819555
-8.335778
6.663590
9.474963
0.524109
-5.351252
-6.661907
2.546308
22.192280
-2.252460
-10.816883
-29.005659
-2.097259
18.987949
-4.572552
14.609003
17.529860
-2.762558
-4.886089
8.440018
11.229388
1.819266
15.015175
-9.235407
-4.902709
-10.241612
-4.287480
-0.094425
-11.210701
3.824939
-9.987756
4.214573
13.673007
-3.748463
-22.767420
12.492553
-12.633168
1.471216
31.599283
13.183130
-6.061689
-22.029089
11.867173
-22.584702
8.041005
3.563165
-8.252851
-5.349761
8.360380
-7.100818
-15.240523
4.433161
-8.314502
18.291321
-2.359692
-15.946223
2.841142
10.175418
23.211237
-13.002819
-14.375011
16.864861
-27.252232
19.898916
1.113125
-3.137221
3.888410
-0.964202
1.388790
-18.588211
15.364770
-11.309048
16.693945
1.816741
-10.041602
-20.348598
15.561119
1.301080
7.676719
12.940502
8.713884
11.470111
-5.380673
-8.251562
7.374509
8.656945
25.610352
0.293125
9.927561
1.044030
23.715670
23.879667
15.509150
12.706732
41.927692
8.937541
-13.106864
17.033550
15.458333
24.627445
20.316742
-4.262442
28.017208
12.708770
8.337062
-7.025430
6.557231
-5.254626
12.891986
-5.621484
-6.573197
22.957077
-3.884020
3.763340
-12.886567
-8.598132
3.007829
24.376520
-6.561612
-0.196337
22.153574
19.285233
-13.227543
7.337796
7.920995
25.672298
8.996040
1.694256
12.757434
-2.855883
-7.754330
-0.763556
3.761290
-4.522491
17.566196
6.510953
10.972542
8.281860
6.893083
-0.229116
7.353171
-2.216021
21.095800
-12.930605
-7.525267
1.409945
-22.200352
0.285039
-7.069463
7.569232
23.877869
-3.610053
9.510276
-2.006112
25.928310
9.228759
-14.220955
16.101761
27.910742
-7.207021
10.593081
-3.737664
16.865959
7.037810
-1.976195
6.340133
-5.994390
16.643011
13.097049
-14.573755
15.530272
-4.760755
-6.663601
33.538704
0.612103
16.016739
-14.365913
-8.858572
-15.650429
1.650370
15.980988
-6.249925
-24.268747
10.052526
8.736853
21.187792
0.262559
10.093007
5.293161
1.388427
-8.231803
-17.018734
5.248185
-4.753941
7.618768
1.150838
-0.295422
9.044930
16.055031
-19.056301
22.834698
8.246243
1.235254
20.205793
-0.394389
-11.212096
32.930363
-21.697289
6.473458
12.252059
13.048140
7.634813
-7.878107
9.843830
-8.763481
-3.473042
39.727703
12.889380
-5.837955
5.062299
-14.625755
19.013716
-2.492073
11.774629
9.947561
-4.926956
2.611832
0.482637
-7.263252
4.296383
-15.783313
-16.153730
-4.496584
-17.446321
-4.142339
0.346572
5.282374
19.185892
7.325027
9.821691
-5.785773
3.818388
-0.108826
-9.785731
-16.258259
8.461160
9.967799
-24.041618
4.685636
26.491594
1.827447
21.652948
2.050171
13.274732
14.963236
1.245777
-3.723107
-1.087041
8.838697
7.550392
22.758333
-23.013971
-1.320791
-1.728051
-10.639936
-4.380927
-13.718701
3.018171
23.111992
14.684076
11.662129
45.619568
20.635557
6.974128
3.979732
9.446544
3.728415
9.137667
-1.128776
-15.663714
2.836588
-9.369848
-5.657772
-14.005804
-22.715120
-5.370148
-8.365158
24.180780
10.642614
7.386837
-23.892300
-16.068190
16.408072
12.646214
1.045229
-8.346460
7.148556
3.620037
0.222344
1.628267
30.267046
12.049546
3.922402
-9.191322
-23.860443
8.156068
6.698978
-9.436727
15.054862
-12.881012
6.968218
6.757491
-20.380512
-4.463039
-2.442440
0.097421
-7.233537
18.188101
11.080898
3.848300
5.300364
-1.258870
-5.648541
-13.148201
-4.711498
11.076838
-8.398653
-2.329430
-8.011559
26.267185
27.614246
-10.011364
-11.956963
-9.993334
18.033766
7.743533
5.881442
-1.627518
7.308391
-16.995975
-13.471758
8.364972
6.327044
-14.077859
5.164626
-2.864647
7.115176
4.272876
23.637407
-8.751761
3.248151
-0.052824
-2.804225
27.188931
-0.473343
3.553422
4.956159
-5.647792
-8.382828
8.155648
-6.295218
-5.947492
-1.622942
-10.005319
25.023598
-2.404659
2.908500
-5.685607
17.522509
9.285268
2.452362
6.553544
5.760249
10.674900
8.077827
9.606577
-13.005379
-15.474288
-6.266598
-3.009098
33.909641
9.977940
-8.775687
-6.649469
5.356934
11.035649
11.683121
10.822106
1.480489
-1.023059
9.736884
27.302816
-16.727699
10.006205
-10.678948
-27.374319
22.187628
11.775064
16.851093
-7.416013
20.493502
27.064363
6.302098
17.326736
4.037021
2.782534
8.516278
-2.678921
17.559027
-10.052155
-2.378738
39.572353
-8.353347
13.680110
-17.482697
3.478075
-11.991192
2.819685
-10.204310
6.104668
2.439508
-0.454335
21.614664
0.758067
3.675436
-21.420092
7.554618
-16.050875
3.851872
-6.176721
7.936658
-13.580301
-5.335381
-2.907265
0.094877
-1.461514
-9.321122
9.879492
-6.319580
25.747137
6.172934
7.678186
-8.392685
-11.819345
-15.192343
-4.613128
0.559042
11.692625
14.757601
7.379655
1.175948
-0.844295
10.907744
5.250760
-5.051929
8.053798
9.823029
7.524243
1.168643
10.652144
-9.498639
7.122766
-5.655504
1.289574
9.960102
17.465878
-11.402591
-10.385791
-1.793425
18.797220
3.545372
-1.578541
14.289490
7.231979
6.903532
20.870512
0.897564
8.023837
18.474859
-15.268497
19.441553
-1.803282
2.830743
19.071499
22.460453
-7.197435
2.436914
4.986359
18.312834
3.884445
13.797264
-4.969450
29.869991
8.002384
-1.628752
-0.179897
-9.441603
9.307012
16.415611
-7.679246
5.060358
5.630558
-3.092391
21.707920
-13.091789
5.357268
9.852169
-4.896320
13.703121
13.029714
10.784723
3.240817
1.373626
19.226871
4.897941
3.692675
-30.337017
-9.379303
-6.477891
-3.326694
0.610905
1.233970
-20.630341
-12.756376
-5.806658
-3.553271
29.372469
10.991017
4.242684
-16.871813
27.905874
-5.289111
-2.224709
2.322079
12.382272
-8.304079
10.332622
-0.923022
-0.206756
-8.469044
4.331911
26.895573
8.024727
6.694064
0.176947
-0.526845
9.683433
26.064825
11.151035
-8.281883
-10.912193
-8.859627
10.018883
3.481299
7.172086
16.852766
24.349592
-0.513507
1.821700
20.526649
7.254445
2.965347
8.125243
-19.440617
18.298416
-2.272539
-12.979608
0.676286
-15.748292
14.203606
-21.376848
-5.534050
-2.580412
12.059120
6.578629
-3.281828
1.537857
10.983689
-7.616126
6.028164
17.355173
-29.235380
-2.520641
-1.658622
-1.291518
-12.839806
12.936316
5.727167
-20.303497
19.055807
8.547812
