-0.089216
-4.659471
-7.034327
4.281106
-8.014577
5.093801
-2.632990
0.363651
-0.327780
-2.027268
0.527126
22.065657
-11.178171
21.049492
-0.024158
-8.536066
21.214096
-4.646716
23.911165
2.763186
12.484655
1.632189
12.718098
9.137322
-2.419543
23.080910
-3.089016
3.199585
-7.925938
14.063283
9.556564
4.407426
16.243799
10.826561
-8.117043
-2.035122
5.463891
-14.196176
9.979725
0.158274
-2.437771
11.454567
-9.619428
12.800646
-0.056782
0.941760
-1.034864
11.434067
3.534751
-16.283442
20.317829
-8.646606
-33.157211
-5.058717
19.134405
24.377729
6.062717
-13.933156
-8.985230
18.816114
-1.302463
11.310129
2.599936
12.555314
-9.365564
3.668162
2.624693
5.901741
14.017535
-1.532164
9.303357
-7.687244
7.013362
13.295812
9.404108
14.850513
0.522514
2.155889
12.777338
-3.641256
-23.378681
-7.277217
7.107333
0.225602
9.576538
-2.726893
-8.337301
-5.753153
-13.415895
8.246953
-18.921633
-6.401945
-5.846034
0.958273
-5.481256
0.774412
-5.396634
1.641831
-2.893623
-0.891819
6.214345
8.901200
21.794271
12.791204
3.992575
-5.221394
11.495212
-1.952419
-9.632590
13.659294
17.093323
-15.760017
-10.920127
-3.133729
-3.303187
12.119566
-23.989096
7.254043
4.349004
18.498333
-30.183659
-20.844437
-8.496990
-0.340960
8.856788
20.053885
16.778978
-26.022644
-8.832614
10.999599
-33.458996
21.991035
6.663146
17.444571
-21.107941
-4.158594
1.336496
-5.258100
-8.824575
4.012087
17.767796
-3.929083
1.733478
1.606690
24.504492
-17.186415
2.455553
0.214599
0.821600
-3.801062
16.054737
-0.844070
3.569802
4.107016
-12.492511
-2.942111
-19.062731
7.348990
-9.466644
7.377285
1.993332
-9.887658
3.245126
18.111856
-7.704808
9.789019
11.401304
4.160997
-25.745983
-12.555565
-19.811558
0.094187
9.287241
11.050573
5.966748
9.884366
-24.023415
-16.423313
2.995159
6.339366
-0.908913
9.446060
15.561681
11.017232
-11.044777
-1.054981
-2.038008
6.178812
16.659103
27.164837
7.344431
-0.351614
14.774648
-7.573023
-4.645779
7.806645
2.140130
7.534565
3.362587
-4.129649
-0.585719
-7.449148
-11.852575
-11.197591
3.572714
7.714624
-20.362936
-19.402021
-2.150240
22.032290
-14.280894
23.003189
-11.613817
4.459760
22.981880
-6.960384
27.592182
21.023291
5.056986
-6.979791
11.820023
4.851311
-0.060943
11.792197
-0.208685
8.073006
-4.736097
-0.880956
-22.056654
7.713429
2.906674
0.812364
15.369063
-2.810150
10.244646
-7.168517
3.626540
10.223562
-22.703772
4.712558
-10.427100
36.419754
5.645429
4.542017
0.596348
4.310257
-5.222774
2.620221
27.293261
12.969721
0.926249
17.146212
-10.727551
-7.750063
-19.744267
-10.932333
8.138857
-4.862457
1.226855
4.647620
4.010114
10.675033
2.909819
7.451209
-14.095639
-15.551644
4.299674
12.136621
20.265871
-6.023850
6.040761
-3.896302
-9.451886
-6.619952
-5.016408
21.618898
-6.290733
-7.299013
28.650587
-17.051413
-4.584132
-9.857089
-3.616623
-9.992803
-0.831938
15.420280
9.493304
36.687462
-9.867557
-1.430341
11.605160
7.170211
-9.439087
-12.177934
-1.918065
12.048303
2.050756
18.619713
15.742377
3.270236
14.399413
8.520518
23.703300
10.314476
-10.419356
13.684061
-9.673923
12.588089
-12.210557
13.801914
3.133824
18.257057
-6.553059
-10.914700
-4.974711
11.506696
-9.090950
-0.231568
-8.046056
2.859370
-0.472033
-7.165312
-3.438572
19.568945
12.522262
8.002698
16.114988
-7.813598
18.426582
22.434351
-0.070823
5.773227
-17.635033
0.894476
-0.098503
-26.532145
-6.092936
21.484186
-18.125311
3.551944
-7.433091
9.178917
0.143994
-19.402292
19.331213
19.388142
6.056072
0.885183
-5.659679
21.941952
-10.802795
33.431683
3.741601
13.370620
-5.732364
-1.955003
12.661396
7.592752
9.229159
-11.857632
10.368448
-4.249872
2.672653
-7.236192
5.427808
9.276852
7.704738
13.865829
-8.806419
8.483870
18.749449
5.780759
14.122996
1.234129
-15.361581
17.577297
13.488202
-6.769585
13.514577
-4.292264
3.393336
-3.755624
17.141125
15.670998
-4.239141
8.662567
-28.092558
-10.144462
15.701056
12.705790
-5.855435
-0.775144
25.124842
-12.713717
-6.483358
11.713446
11.188001
1.175074
13.356094
9.113694
8.827910
7.574160
16.628082
3.769902
7.634303
1.595646
-12.783559
2.162438
20.886606
28.637314
-10.902762
-26.577009
17.334362
-10.006541
-12.081693
6.775832
-3.285185
10.075792
0.150787
10.719043
1.278703
6.971707
6.457877
8.250234
-3.375065
18.756273
7.760543
29.769634
25.884558
7.769156
19.299065
-24.725035
-3.815674
14.326254
4.175693
14.208041
11.591079
-7.791178
11.134673
5.446576
-4.493437
-6.329291
16.997774
-1.329391
0.599695
7.570727
4.688049
4.606857
20.581444
19.550179
-4.906036
6.017897
4.126147
-1.455076
3.693025
3.867753
-14.381018
-0.849958
11.465638
-13.708772
1.928103
11.036257
5.124406
8.295785
12.694459
37.397438
-8.523227
10.332967
-8.415886
16.756037
-5.249166
29.489651
11.716812
6.974856
-1.408935
13.510456
10.666739
4.425477
4.126706
10.579833
-7.708464
3.711390
-27.429050
0.531436
1.944574
-2.949991
2.644426
29.226873
-1.194046
-10.572154
8.613026
-9.595669
4.131331
3.939494
3.023217
-2.657585
0.054827
4.884827
27.745729
9.926914
-21.680485
16.327034
-14.035327
0.874760
21.058584
0.391742
26.484497
-1.290645
23.826187
7.717506
-15.655044
18.028227
-7.386384
30.423885
27.279978
-18.927101
-0.452061
-2.602564
28.579195
6.750913
4.192141
-18.743462
5.635979
20.347044
8.490396
28.081305
10.706793
-21.462322
12.347820
-5.307427
4.563828
12.595636
8.598908
-5.115840
13.202724
-17.359938
5.607920
18.006763
14.481771
-12.387635
1.510622
-2.571821
2.369406
-0.233444
3.245181
6.642338
6.210694
3.893182
-4.064477
12.708081
10.725628
25.225370
-2.659671
10.826599
-1.738253
-10.128987
9.840323
20.461231
14.753866
6.460110
11.344823
3.367883
-4.901744
-10.044041
-19.670801
-5.874373
30.437634
7.110530
-15.234101
-2.027189
9.032381
9.901312
-5.506077
22.467161
11.857035
4.916252
11.821097
19.358921
-8.297415
25.164097
19.144712
1.229559
12.995527
19.080608
10.192344
3.982449
-17.152550
24.873177
10.551680
5.881632
3.883669
0.490652
2.613900
12.849342
13.145875
2.592402
10.010585
5.427723
-4.795127
6.039314
-7.485444
-5.659415
-10.309892
-15.279974
-5.957288
-10.189434
16.250582
34.245182
21.691507
-16.598911
-0.540807
3.957100
10.025392
2.334620
-4.315336
-26.138868
7.168348
-16.471828
-5.835295
11.054087
-3.387267
39.916439
10.710181
-7.227372
14.177569
16.193275
-0.718594
5.613592
-8.389213
-7.739962
-7.521598
-11.204339
16.549435
-13.944539
15.138443
0.981595
-23.193951
14.948401
3.969298
12.205383
-6.758009
5.374739
-14.560576
-10.458783
-5.801698
-3.395256
6.422902
-3.381354
-3.820533
13.540103
4.064387
0.064754
-18.402370
5.034711
-13.351950
6.644109
5.589791
-4.168179
0.157395
15.364343
-11.013364
-7.180212
19.483437
-7.758718
6.057973
16.578684
-12.279514
11.971478
9.475748
-10.247319
1.441970
-0.573728
-13.087499
-7.966338
-1.110202
2.053502
-2.655236
-13.086760
-10.003285
-5.893460
13.297680
-3.411822
3.371554
17.391493
5.922028
-15.694429
2.899750
7.037309
-7.572557
-3.028374
20.812513
6.314030
-5.031143
7.680760
-21.553064
9.038059
3.708107
-16.652996
12.733594
-0.070084
4.144751
7.669535
-8.691520
23.862282
17.172977
-11.368662
13.781834
5.966962
-4.711865
7.652720
-1.097470
-8.724993
2.607594
13.130079
-3.074481
1.811481
-5.754627
1.591861
-3.439851
16.823046
23.755779
-12.411375
15.091438
21.998461
-0.266223
-0.602224
14.177657
-4.798931
-20.102989
14.339510
-10.842568
5.462461
14.486835
-19.261137
16.069843
9.179189
-21.092699
21.694498
-23.732471
34.974686
-10.053497
-12.573941
15.059225
-1.602116
-27.603237
36.913216
6.106833
-8.370652
-3.757998
5.348575
-4.396719
1.892219
-8.537629
-24.789024
1.388347
-7.945683
-0.255803
2.955086
7.766554
37.298660
-1.672252
-2.936884
3.735240
5.467668
10.408202
-0.966927
-6.231559
-0.840165
5.516181
-4.423123
6.762012
1.241056
19.294817
12.263543
-4.244112
14.200947
-13.381344
4.120424
-9.707859
8.592127
4.218052
-24.582474
-0.147580
51.580750
11.923258
3.696235
-11.118649
-8.162235
29.899134
8.539364
-16.438707
0.363385
21.374739
-13.668609
41.005642
11.788536
7.350595
10.946979
8.647061
20.848946
6.094181
3.789476
7.113869
-7.872058
-6.992723
3.941117
-9.791000
-5.787931
-14.199908
-20.754892
9.303827
4.652009
-9.774479
20.120781
1.597154
5.189940
9.560192
16.392637
16.795916
7.247949
9.059917
-5.280849
14.662857
20.383024
-1.788688
18.223095
13.919128
33.979671
7.159449
0.542600
9.410885
14.851480
-10.785130
-3.848810
7.261287
31.148191
34.289883
-6.290482
10.790949
9.937020
-7.488162
7.521596
-5.579652
4.330848
-16.427778
0.603759
-6.143025
14.974775
-13.331176
8.816566
12.939928
-7.861076
-16.498283
11.641535
6.799725
-1.703892
3.646193
3.952691
8.189292
-33.078121
-4.692005
-4.952301
-3.799195
5.310369
8.231393
-0.488685
15.172736
-15.254184
-4.914058
-3.306932
-4.144826
-6.973138
0.234184
-9.911978
9.612560
-5.248210
12.926623
16.288776
8.792538
11.592109
6.595101
8.973490
-8.418300
7.354047
-5.168921
-5.073439
4.324870
1.709556
-10.974460
9.766911
9.993280
26.696144
-0.015865
15.849554
11.167603
3.006263
22.504059
13.296216
-9.900788
-7.152003
-12.965297
17.399750
2.444109
-5.093953
-12.394958
15.615684
18.582747
-10.409214
15.634401
10.381281
-2.447203
20.536392
-4.720627
14.131785
-10.322559
-6.290660
4.839518
-20.418409
-15.735922
-3.411343
-0.646576
-16.887562
-8.502346
1.920899
17.478752
29.792114
-9.889632
18.905392
-9.114970
28.430828
-9.600191
-2.702774
-28.687456
-3.148091
-9.524165
15.904253
-18.018229
13.007152
14.256564
-12.708931
-3.537825
14.680848
-3.553074
-2.279918
15.801769
-19.727463
6.806609
13.958779
-0.762710
-6.187798
3.948798
20.865330
-9.864964
7.727296
-10.610904
5.384073
26.259472
-7.609602
-22.008612
0.810451
-10.713118
-7.188085
-9.415064
4.601762
11.007962
3.418750
-30.941566
-10.595215
17.925802
27.638659
2.930816
-9.758490
-6.072614
0.953629
9.693295
6.639807
10.486875
-13.738301
10.559011
19.088955
12.924514
2.100015
-6.747847
18.465540
-16.752863
-5.150172
7.185750
-18.197611
0.340273
5.416054
-6.452542
10.435454
8.268149
-9.644677
19.527273
-9.152419
8.172855
14.306389
-14.481660
7.550733
0.120532
-2.354222
6.485750
17.471447
6.017877
11.839526
-4.853011
8.200099
25.665604
-1.535200
15.608497
-15.188779
8.286607
28.016222
-20.381107
2.480549
7.772032
2.331140
25.192804
10.685079
2.842560
11.982016
-5.544748
6.989614
-0.183339
8.193758
-0.705241
-7.944691
17.669556
-12.033232
15.416604
19.849588
21.241600
11.019113
-6.952065
9.472127
-9.904965
13.961785
17.309111
0.275614
2.970001
12.182549
17.228252
5.282185
4.559123
-20.097174
-13.411259
9.586028
7.072456
10.637307
13.082472
3.727286
10.131332
-21.878483
16.678528
-14.967863
-11.081692
3.624883
-0.243287
4.081090
-17.579691
16.666153
8.431488
24.662230
22.906050
-11.793812
-10.935958
27.749567
5.246995
17.107891
-3.943680
0.095868
11.177315
0.676023
-5.676333
2.618465
1.644299
12.905414
-10.024191
-5.699036
14.262171
9.434048
2.707244
22.084484
-0.494970
9.820873
1.346268
-7.275185
2.864108
12.610632
-27.296999
12.556440
12.375298
-16.550638
3.664043
-11.697044
-11.216653
7.417760
-2.408274
6.918620
15.883412
-14.133858
20.312214
2.727735
-5.935886
-1.438900
-3.304131
2.970710
20.231796
15.612802
6.797407
4.461202
12.302568
17.119453
2.571360
1.001534
-0.928920
-11.633674
3.513542
15.218751
11.714039
-17.218082
-9.323807
-1.880329
-6.935704
5.757867
16.846237
-15.104486
18.484035
-9.500662
14.447168
-7.689147
-7.990600
5.348621
-12.300529
12.173568
-14.625600
-0.674561
2.279087
-2.212491
22.066328
9.301322
6.339087
9.628551
-11.056009
14.942011
-10.071815
-10.069243
7.940302
-3.030740
3.496160
-0.340983
22.848841
13.075419
1.609465
-12.135337
5.950775
18.749731
9.023944
9.532993
13.755806
21.837389
-7.765890
-0.971027
22.911745
8.569132
-1.002443
8.648959
-1.674756
-2.074562
12.233609
7.510648
-15.344007
11.632671
3.414144
7.763832
29.218157
8.590050
2.232138
11.293464
-5.574347
-0.484808
16.221222
4.779728
12.332616
13.787185
12.327058
7.413561
-12.234146
11.438070
-6.628866
1.293772
-2.003139
21.871706
11.419602
-9.527409
9.978895
0.391172
32.401829
-5.260509
5.252605
-5.363416
21.813004
8.955271
-3.571326
-3.280119
16.616831
1.898549
17.183224
13.969619
7.125943
0.345868
-11.126553
-1.649432
2.167081
-9.469698
-23.514292
-21.498266
-1.775050
11.908485
23.409441
-8.845047
2.493675
-4.159802
-18.254499
3.730419
8.707909
3.066522
8.998692
-1.365943
20.313923
9.647132
10.715116
-16.693592
3.135249
3.783216
-20.497303
-2.645938
9.735844
-0.213339
-9.496280
7.865547
-5.993430
-8.949479
1.167165
2.111852
-2.173372
11.145090
-17.371965
14.841566
19.480572
-15.738828
-21.972116
19.472603
10.778239
-29.000900
-14.633719
11.684093
29.146029
-0.980703
8.243211
4.672464
-0.507082
7.560251
21.385321
-17.353863
0.730338
-5.367693
6.632187
12.788506
26.639263
4.273450
-17.209473
-2.777983
-30.370300
-6.835265
6.475079
-0.367670
-14.114422
12.847238
30.414768
-8.131255
12.173879
-24.972578
-16.003788
-14.407862
1.146239
-2.086907
-14.883587
5.472413
-3.570585
-0.677660
5.990479
14.915154
-1.595583
0.048047
25.099642
-13.898083
3.752983
18.282686
10.648396
11.798788
-2.106810
4.995578
3.653341
-15.190329
13.129478
0.865765
-2.843294
-17.825579
8.383343
-2.203869
5.098146
12.735513
5.629245
-2.204992
12.633793
14.393550
8.868390
26.434839
2.192628
-1.983965
5.106208
16.334059
-0.395133
5.094468
-4.472838
-5.332060
7.297153
26.639027
0.239224
13.723297
11.099724
-21.722466
-3.766845
-16.967922
14.400321
13.630983
5.580542
-3.309881
-1.728318
-10.689598
28.329018
-16.699463
3.654951
-1.153267
-10.435698
-13.151587
-16.802555
11.513298
18.229092
-5.450295
8.158408
20.791248
-0.981932
21.046871
3.942307
11.922155
3.754889
15.581231
-1.215179
-8.221693
10.087776
-8.485589
-4.140746
6.255005
-11.182751
13.960046
-1.167686
-1.673664
20.308455
-10.765701
-8.750172
-17.514122
8.970210
5.529273
1.238016
2.114593
13.201507
-1.923394
-0.652364
2.881768
0.772876
-10.780087
-5.564246
-5.471287
11.352854
17.963531
-5.505570
2.725957
-8.624765
11.635570
-2.560871
1.376474
0.075589
16.622166
-9.097046
5.422700
-2.426449
6.742114
21.334837
-0.338150
10.263248
-4.471504
-1.142108
10.674889
0.742154
-13.652756
-0.464204
-23.166477
24.189297
-5.384607
-2.289152
3.365893
17.571205
17.944971
-9.010319
-2.239797
-7.165064
16.796118
-7.329167
-3.186516
2.211564
-1.101680
13.609294
23.591801
1.884708
11.903785
-6.671592
3.486706
-3.507384
-17.871288
-0.794568
3.171285
28.214123
7.505358
16.904705
9.436308
4.205577
6.139336
18.162289
-4.320911
-5.047241
3.978831
-0.632848
4.300383
5.119614
-15.759482
-11.807278
-17.257809
-4.497513
11.536349
5.754131
-6.443479
-27.318563
21.006495
-15.367906
7.245314
-8.784347
-3.561865
-2.305917
-9.920532
-11.046449
5.318861
25.031410
-5.403426
1.959891
-1.243238
-17.385515
12.779224
12.145299
-23.666409
6.642676
13.999176
4.064516
19.638109
15.314830
5.707275
-5.132298
-0.743451
1.254705
-4.375494
3.133129
-29.682800
-4.742893
7.332101
21.540659
-12.505297
-3.040386
-10.751756
-11.620468
12.239648
-4.093921
20.985262
-6.877631
-4.946943
7.580186
-25.030075
-13.112099
2.828207
15.321375
9.196233
19.384857
-18.635437
32.464729
8.226294
-8.089212
4.437382
-17.158394
-4.339858
31.084356
-38.781342
-15.514791
0.930730
18.760530
9.191355
-23.479584
-18.580494
6.870676
-0.580961
28.147718
-14.198986
-6.011550
8.016413
19.076134
-11.680702
19.418633
14.064439
-1.141216
12.983747
-8.371172
7.277557
15.096641
-11.097947
-20.040363
-0.930647
22.122419
-10.272169
4.428866
1.720155
4.397101
-6.162245
-6.962810
35.571434
-5.931683
16.159388
5.405533
6.755930
4.127106
-2.091136
2.219350
-7.424465
9.199644
13.088476
-7.743644
2.759877
-20.487810
-4.874021
12.861162
2.706059
5.342345
-0.983609
-6.898643
6.204551
-8.894777
1.046255
-0.234057
-7.628774
19.043741
16.557913
-11.987898
-4.563343
11.800891
4.782714
5.093721
6.922732
0.397573
-2.565528
23.775314
9.967151
5.850857
25.155460
1.764265
18.719849
-0.914913
22.456179
20.468521
28.642763
-3.929124
-16.262794
-4.750765
24.940853
-16.896803
9.040997
11.612146
22.049522
9.268909
-14.294789
20.313425
-11.552794
24.123268
3.718573
-6.807115
-12.026221
-1.064082
-0.330544
-12.955687
25.942057
13.717317
-7.833165
-19.401915
-5.432121
-1.851738
4.721019
8.904067
-17.151106
-16.195560
-0.372061
6.348659
1.940761
6.908268
-6.147175
-15.887085
8.300919
-15.609042
-4.769324
-8.126359
5.023671
11.279827
-4.892346
-0.497089
20.370712
15.695958
19.697906
9.148608
6.993405
1.461535
-2.348699
35.183590
18.197317
2.449317
0.157661
-11.848997
1.977082
5.062617
9.218591
-9.639819
-16.144972
19.557959
27.582594
-11.075478
-13.773911
2.884735
4.943621
18.574184
7.456030
14.315322
-2.009121
9.825365
20.927351
-16.802639
2.616359
-8.304930
2.876732
17.651028
-11.986020
-11.778748
-3.799040
11.315891
2.886176
-1.609761
14.733977
10.529204
7.169424
1.444303
0.290947
14.817385
-9.698198
-18.114908
-13.811578
4.803021
0.309611
12.845844
14.711098
-12.018577
16.403955
-9.513071
-18.236252
8.114762
-19.712378
15.407657
-3.877462
-4.977314
-5.672198
5.136498
19.297937
1.337346
5.973556
-6.586367
21.827959
32.019241
-1.914637
5.584465
-24.782511
2.448398
24.735613
-15.815425
-2.318087
-2.186072
0.379339
4.850750
1.378442
-3.313217
-8.594336
22.532784
-16.827753
24.279882
7.792458
-2.991397
-12.074884
-3.965518
26.138720
-5.976998
10.637751
-5.193633
24.683887
-3.351623
-10.486681
-5.547369
16.480274
-1.224680
-16.755836
1.593029
14.108530
14.376080
19.335215
20.130478
6.247190
4.760657
-3.588262
-13.056396
-10.534746
-3.807296
4.922633
-15.027467
-5.424566
-7.692604
-2.465270
19.403589
17.196518
9.957013
9.578952
2.295490
-2.904093
1.488509
8.180832
-6.136521
9.286334
5.129971
5.896850
8.853011
11.136635
-12.440912
6.098745
-0.492771
-0.721050
-3.615233
15.144887
-3.920009
-5.958896
-20.443651
-0.401874
-26.949842
19.987028
-15.995030
-10.296314
-9.364137
9.372680
-0.150893
-3.768498
1.007616
-7.286959
8.174603
17.432085
7.606116
18.480429
3.400287
-7.575279
-0.347252
-3.189000
2.280899
-11.765773
-18.887846
21.903088
14.424801
-30.839352
21.655071
-1.317025
5.706164
-29.734657
-12.761678
9.500401
9.768816
8.864679
20.571028
1.480940
7.368147
14.586905
-14.028532
-0.806817
5.345936
-8.718377
-25.344290
7.749098
14.295856
-5.274250
-1.224823
13.713946
-1.969253
-2.626051
17.811100
-7.033247
16.001423
7.197375
16.710033
-4.723416
-3.288444
-14.429875
-11.594519
-12.090115
5.676523
7.668266
-2.161772
7.439105
-13.335375
-4.960445
1.654258
-9.783069
-18.166264
-0.185026
-3.948641
7.156414
-2.974436
-11.402083
3.359052
-8.036776
1.609176
18.832415
17.585711
-16.331026
34.204575
-14.110494
-4.820342
-16.338953
0.728972
-6.388330
-3.749880
3.262991
3.370318
-7.419937
-11.505065
-5.830814
-5.005966
20.713142
-12.675473
5.090133
19.793072
-14.520412
-8.486946
2.458977
21.315739
-16.643751
-1.510532
1.026504
-9.799349
2.934604
6.698734
16.804739
-10.663643
-1.315529
-8.704850
8.180573
12.225256
-8.271301
-15.093736
-8.374310
14.982929
-0.996926
-8.477189
6.564586
-10.180890
26.350809
-4.017043
-2.286415
11.743160
25.456783
8.436247
-11.911479
10.185793
-14.093045
-3.536061
-10.284533
7.836030
-13.300961
-11.758138
16.444359
11.173317
-7.562343
10.267948
4.868718
-14.657841
4.396011
9.000431
10.746505
11.811375
-1.381807
-11.179915
-3.583815
1.969306
7.713505
6.805819
2.537372
18.572256
8.834391
-13.469932
27.290731
6.232949
6.243965
19.341772
-3.884887
7.064772
9.692253
11.226213
29.596512
18.002928
3.729550
-3.326490
9.056096
-5.792636
-10.826895
-6.925249
2.146604
14.161457
-10.150506
22.679211
9.698893
-5.887083
14.999135
2.012102
13.221886
9.173384
-3.917735
-17.445253
-13.966300
5.625149
24.036901
-8.931212
-5.113693
5.180692
8.235306
-2.551158
10.548038
-9.249205
6.375392
21.146299
-19.701700
25.296185
11.617937
8.201509
-1.782908
-4.181863
8.812556
-23.296204
-4.937075
6.024329
15.536717
-7.238474
-0.340771
-3.224736
-5.112011
21.096142
-13.463594
15.862150
19.153440
3.752732
5.016866
-22.948370
17.333864
-11.039415
-31.660139
-19.973629
26.782995
3.040894
-2.891293
5.251505
-2.813147
11.008107
-14.924109
4.038494
7.744451
5.671216
16.495964
0.563906
25.549677
13.846032
-22.221962
-4.363346
25.706867
6.903227
-15.530661
12.350699
-11.086862
-32.169018
5.664691
34.870651
2.364012
23.022821
29.536701
-3.121064
11.483308
-4.421779
1.768971
-4.071099
-6.754209
-12.706217
4.570856
32.781345
-1.868270
-16.336618
35.027363
0.940444
-3.697955
18.152746
-2.418699
1.296177
-10.205634
7.646782
25.379622
-3.617818
-5.992778
4.705826
6.112057
-4.917371
-16.822813
7.178760
13.710544
0.340669
13.890277
7.140622
18.191120
-0.029878
-2.204859
-11.346426
12.897716
16.114347
11.054833
6.104067
10.960206
3.550161
6.194715
-16.568720
14.480968
8.209445
7.454580
-8.143832
-0.114038
-6.527510
-18.089848
17.126760
-1.182066
-17.502634
1.032280
-0.104223
21.076309
-16.820814
16.423054
-12.408482
-2.887297
19.832579
-4.369844
-2.436462
-2.621144
16.445057
-2.787437
20.196869
12.367320
2.576368
13.220995
3.054388
9.493707
-16.860512
11.430734
-8.950806
4.691332
13.067968
10.338893
-15.698313
13.727787
16.070259
-14.410121
-8.596376
9.422949
-7.228949
-4.983010
1.994249
23.473774
10.196917
-1.753924
-16.077993
14.433744
6.127573
-18.712708
5.280757
5.912199
16.095160
5.907180
6.680267
-4.929015
-1.755348
-8.416842
10.200386
-28.150093
1.907419
10.207548
-1.060052
-7.292052
-13.652529
10.328223
30.283508
19.949862
6.958426
-20.683357
2.689341
-10.084852
15.759106
12.250825
-34.365566
-19.393425
5.069550
-7.439941
18.565014
-3.238439
34.244904
2.135856
10.923615
-2.430965
7.888663
14.911355
-7.257217
19.713333
-10.647493
4.067641
13.705618
8.992766
8.196859
-13.092104
14.695785
15.288056
5.311198
0.027936
4.301531
19.964331
-6.697865
3.624455
17.275166
10.863842
-6.068265
12.897729
-26.584375
2.291514
6.967008
-15.278696
-16.010422
-13.834757
-1.432147
-18.810249
22.466274
25.097218
5.312070
-0.649309
-10.981840
-14.331769
-8.394385
-0.492042
-0.960719
9.846342
-8.480224
-3.048408
11.312604
-2.643717
14.614034
-12.386902
-12.113796
-6.776156
11.119958
-6.437466
23.389008
8.916553
-3.300453
7.129072
-14.531013
-1.614258
-10.881857
10.893533
16.937645
-9.625828
16.892508
13.399945
9.347978
-1.190260
11.461651
2.516246
0.653567
-11.700521
10.316368
-22.154804
-2.347333
-4.088163
-16.279573
12.142058
-9.055470
25.032673
4.438520
-3.855545
10.912502
9.235596
4.515812
5.498457
3.253373
0.266729
-14.671299
6.550606
21.033903
-15.989105
3.197037
16.944983
-9.514989
-22.450665
9.190934
16.352795
16.736578
21.692570
8.455357
-6.422382
13.696502
7.491385
-25.442333
-13.057549
5.953703
5.343717
15.583021
2.699281
-3.080464
-14.888973
-0.268277
-11.853327
22.446465
15.973065
-16.652323
7.016783
-27.295870
-8.493176
26.842100
19.034889
4.185415
-3.967137
8.610118
4.088029
38.630978
5.074150
12.226028
-0.326119
-12.702913
16.794634
5.498471
14.316514
3.124844
-3.260952
-7.019036
1.384829
-4.597886
-1.520674
20.107704
17.621758
-14.191422
-21.096733
-1.009862
17.796597
16.183315
-10.132508
-8.304587
-8.566257
-6.377556
30.671682
8.175155
4.599448
-11.168778
10.248690
6.244401
16.638191
-1.340110
-4.831914
8.962812
1.734605
-11.250413
16.246399
10.602545
4.153129
19.683058
-2.566948
13.393457
9.609212
-7.200082
-14.479445
16.984535
-3.616311
1.731919
-12.942414
-10.893291
15.879128
13.404092
0.215066
11.782107
-6.955442
6.637757
-14.711017
-7.331280
-14.391990
10.228705
-7.504234
8.100094
5.268328
-7.281484
7.128440
-20.034786
-1.829778
-15.441935
6.589624
7.229728
19.085089
4.754112
6.972913
-10.883143
25.345171
-3.145622
4.475003
-8.683755
7.939526
12.538828
11.006934
-10.290225
-6.379843
-5.228803
-4.039692
-23.267933
12.404906
0.496413
0.954962
-18.666237
8.138722
-5.246117
-2.161537
5.797980
14.684380
-12.342352
9.587219
10.906642
-6.478382
2.459441
15.914561
-5.033079
-9.820480
7.153642
3.139640
7.552759
17.425085
1.476148
13.528967
-3.681262
-13.472568
1.938712
20.974939
15.059693
0.596702
14.627562
12.037347
14.704283
2.511584
3.792783
8.420216
-5.585348
14.620560
3.840819
11.939877
19.689814
-3.949623
9.010649
24.057253
-6.153471
-10.833483
3.522795
-11.152941
18.775173
14.525339
-8.846769
-4.835539
7.085733
4.800975
5.125346
1.786973
-8.620954
10.173846
15.832064
-5.375340
-6.104450
-16.962000
-9.888778
5.076311
-2.196845
14.250021
-6.631310
2.265443
0.881370
-4.226147
21.199736
-8.286159
13.482914
4.269850
5.513467
2.324305
4.741049
17.277069
-2.660995
8.464247
2.286009
15.347405
2.283134
-30.937162
4.644666
7.441011
-5.411489
-10.387796
-17.935879
-27.958033
9.480510
-2.123066
-2.756069
-1.964721
-10.013787
-24.487900
0.295357
-15.905219
-6.408320
11.726633
27.678596
-5.063570
-2.741272
-14.013960
7.702338
13.461134
3.801508
11.730838
16.877014
3.163307
10.442663
17.214334
7.471353
15.310472
-21.251469
21.862497
-25.157333
11.597915
14.365555
-11.626533
5.510026
7.419411
-4.527699
-3.071862
9.044635
20.175373
-6.537488
12.061411
2.520856
0.597597
11.024352
-18.606234
21.598770
-1.663394
-13.064342
-3.449308
8.544841
7.824551
-9.963090
-10.540527
-3.834854
-9.610439
8.887436
2.830885
-1.279980
-0.526443
22.179550
0.601982
21.663067
4.628083
4.983913
5.819316
-18.333107
4.283212
2.890063
-6.178514
14.038435
33.985119
4.179776
0.782640
-0.478278
-16.031960
19.385321
-1.945213
25.353352
-0.635919
-18.921452
10.928577
-8.758874
8.661374
23.083187
10.963180
5.246186
-2.801347
9.322596
5.966975
-0.198888
-5.634759
7.594458
-1.684352
-10.179338
0.559376
-0.490032
9.314285
30.050875
17.643047
10.871432
-13.117295
-22.767105
-15.344790
29.956404
-0.555159
10.645269
6.665126
14.302218
20.777180
-3.655347
26.813238
-16.042170
10.529217
-8.445766
0.965029
-8.807588
1.582708
13.023520
-8.429294
-8.529891
-1.034553
-3.704967
-28.342682
17.610706
-1.247454
7.323052
8.536153
9.540131
3.753116
2.823905
-11.986709
14.147066
18.487564
-5.459450
-13.761852
4.334129
17.583897
12.360683
-1.661409
5.412456
10.887585
2.978853
-3.638564
12.139770
18.856754
13.896141
4.221881
14.334064
-24.875082
-7.113740
-11.353067
1.005163
-2.510793
7.259797
21.147511
4.402800
-3.916763
6.639154
6.421312
-4.929873
12.146589
-1.142902
-18.544680
11.330912
-5.877110
16.161976
-16.421579
0.851867
5.935909
-2.846633
9.270103
5.626756
15.070080
-2.611695
-2.750795
6.512094
7.065776
11.917948
7.580210
0.610200
25.827372
-7.298648
7.573001
-3.845609
14.525787
17.523285
7.289691
16.546307
4.917761
-0.153696
13.775874
-0.921280
11.975944
-5.437765
-25.673344
-7.139671
-3.803967
-0.698793
-2.508325
30.944040
-2.896183
-8.283943
10.187535
-2.354912
19.007095
9.541926
16.453697
2.262778
14.815482
9.428161
10.944394
2.897164
-18.600136
19.142223
-14.526472
-9.086776
3.421412
15.990549
7.504506
-2.682188
-16.141443
13.980405
2.136071
-4.085290
15.324012
-5.795304
-23.188398
12.177324
14.217413
2.679411
6.325863
16.365511
11.729687
0.594052
17.156065
7.841531
9.441561
3.499477
-0.567732
1.294536
1.333820
2.070585
-10.377088
7.787196
15.740205
21.736534
15.817890
16.217848
0.699921
-17.396231
12.434356
21.013184
-4.714659
-0.343241
1.900128
22.718002
4.982749
8.450785
17.395884
-7.875959
30.548582
4.834573
6.395339
9.477108
-7.948471
26.954788
10.864306
12.749583
15.047756
6.109578
6.024340
11.351744
-0.794682
-14.810857
8.477256
10.601502
21.354586
-26.824873
-17.369661
-3.751817
-21.016468
14.156127
8.372470
-3.084364
15.471333
-8.422766
-18.938540
11.683486
-4.837316
-7.328032
20.757479
4.076641
22.578411
16.516014
18.616058
-2.797559
-18.341631
12.289797
8.405936
-0.564156
21.096481
14.202864
-14.163263
22.681305
19.772787
9.267697
-7.627458
-11.001506
20.157064
10.307755
-3.029405
-21.319614
-4.322363
0.706930
13.704869
20.747202
25.544798
14.047201
22.079065
15.385925
-20.857704
-0.993145
-0.608125
4.962941
-24.048292
25.339848
6.276226
8.457690
-3.855963
1.920054
5.271542
8.229747
-11.096319
-5.016707
12.167953
8.110376
-17.993200
15.215448
7.822169
11.141420
-13.043062
9.942728
-6.105791
2.922677
-8.925364
10.598486
-8.907662
8.584598
1.785279
-9.340479
31.738144
24.487188
34.599205
9.415381
-17.351591
-3.777364
-8.492692
6.527854
1.138087
-8.635669
9.837059
18.015753
-9.038544
16.734383
-16.732229
-1.579989
5.002744
-21.548002
-15.736680
-0.502455
7.956363
13.105581
19.277699
3.296890
20.537203
15.521817
2.609229
1.696944
-28.658371
0.541584
1.256939
32.789246
6.132009
8.257136
-8.002422
16.310549
-1.243099
11.466533
3.946925
5.598477
-2.102522
24.240826
14.806215
-3.249957
9.910904
16.896379
5.901336
3.640322
-0.962245
-5.306336
2.981451
3.935102
28.589443
-10.378119
-26.334843
14.225646
27.605200
9.293231
-2.700069
2.523117
1.094145
12.242211
17.742352
1.775078
23.199438
21.055513
15.086675
6.944087
2.975222
32.097950
11.127656
-9.870152
23.023840
-3.515557
4.689392
5.368284
21.295689
12.096651
6.109065
23.725042
11.168327
-10.516060
14.509223
-0.853723
9.414856
36.257591
20.322832
4.849452
12.824714
26.407534
-7.926854
11.878983
15.333380
-13.127892
2.709758
-1.591804
13.984936
27.084753
-7.379244
17.827847
0.397119
-14.071353
-21.296913
-3.141762
37.450424
-4.567344
6.143564
-9.532581
9.542675
-5.791524
15.630774
-12.916822
-1.585523
12.528084
7.488739
-18.775972
15.164528
10.960912
18.597275
-10.278951
13.821140
-15.670609
-7.240250
17.671373
8.733132
9.915228
-4.913182
-1.405411
-4.262128
11.588179
11.842000
7.418366
-27.614653
-7.598706
-6.508391
12.900142
-9.585476
8.943501
16.392096
4.185671
14.940059
-2.424970
0.725866
6.338579
-1.105891
15.642327
6.868250
15.630609
-21.187578
-1.298161
0.268467
6.897953
16.482716
4.627490
-9.911173
-15.546819
-6.995722
20.976316
-7.090176
-1.295036
-5.382786
1.043075
-5.209224
0.677646
-2.341162
15.469923
0.821848
10.356032
0.138939
5.031172
-6.494123
-13.690002
3.972423
4.024859
-14.694914
6.459731
-3.266019
8.338010
19.627922
17.621931
32.342121
-6.429379
-1.359430
8.421470
-9.599760
-3.343616
10.242477
4.246888
10.209558
34.954716
-3.092752
-0.928217
-9.362519
16.992714
-12.653167
5.834039
-5.257284
7.412014
-21.932878
9.083325
-16.188709
22.058182
10.127594
12.163719
8.018912
4.805177
8.562594
-21.772610
32.039406
15.629495
2.550891
1.354279
-11.541801
-3.485671
27.891001
-11.611957
-6.570230
18.218731
23.422066
8.880019
11.185833
3.934427
0.145949
-4.037243
4.671164
21.704319
-2.275945
19.786304
12.067907
0.260118
27.703840
-9.151335
16.415092
-6.334149
-8.115213
21.793461
-5.999747
23.254509
1.086954
-5.649808
9.747938
-3.380965
3.489353
8.793633
4.783659
6.024926
21.765427
10.460058
-3.806856
-6.811898
-5.876882
-6.732290
-10.723753
-23.083847
-15.092454
21.724766
16.560486
10.424446
-3.381218
-7.222177
-6.591910
-7.172781
-2.258769
16.411140
22.197140
17.841095
13.758813
18.726456
-25.233564
3.047885
30.326866
15.786206
16.056412
13.039780
26.617899
2.832696
27.529926
-0.846949
9.578394
29.067520
7.947467
-10.492852
16.728424
-0.700063
4.543693
0.259126
46.500141
-23.492516
-18.026302
15.647347
9.497173
-19.646338
-10.032631
-2.485502
3.428656
16.037649
7.852831
37.384274
12.305642
0.143986
-12.240970
-1.424425
18.491465
-3.570614
-7.310719
-0.317082
9.155016
-10.544001
14.873332
5.785254
-6.376562
1.692977
0.182478
6.931049
-15.410213
11.016763
5.022493
-29.216984
-5.251098
19.209558
-2.990941
-1.424707
4.269927
-13.754869
6.227763
24.336761
-23.002064
10.355615
5.118220
2.152229
1.676037
-2.959219
3.794245
9.924697
-12.081708
13.521782
6.509035
16.283834
-24.356529
10.136647
-3.720809
14.061496
1.955809
13.678605
24.051119
8.434936
9.593041
14.142951
-9.901335
-12.771227
20.945053
-10.051892
-0.465658
-2.283489
-1.642367
-14.033183
-19.038319
-23.377466
-19.055706
3.645608
-9.070822
-5.415881
17.252529
0.229574
-7.045703
-9.144601
-4.608782
11.884398
4.775339
0.787220
2.138244
-1.590446
2.484158
4.238264
15.725024
0.530026
-3.302456
-10.301491
23.887747
-5.270449
2.423805
10.640593
18.479916
2.002707
5.835319
24.623363
8.642785
2.862388
-5.164499
-24.918339
-4.653875
2.020396
-14.243538
-7.923114
-1.946707
1.397347
8.466363
-2.278813
-0.730501
-16.878559
17.614792
-1.556679
27.461840
27.385704
-12.912973
-2.696511
-13.879449
-1.751114
-5.819231
10.351723
11.458390
5.360077
6.160256
2.984989
10.621514
1.050793
-1.210002
6.214880
-5.563850
5.010242
10.801729
3.330741
18.839588
1.866894
-25.868214
10.599689
15.930755
-5.201121
23.404306
9.386462
28.330456
-9.022385
20.698921
11.372296
-5.249606
12.947295
-9.491121
1.499325
3.664263
-12.437810
2.558885
34.002926
-21.218029
12.363449
18.818411
3.119759
7.421524
13.426099
29.681915
-5.054736
-6.196665
16.089602
-3.761769
-12.801525
0.845518
-12.289245
-0.019468
18.497789
23.386795
6.670550
-4.221501
10.523672
-2.262475
-8.471743
-17.873083
-2.516283
0.352847
14.855910
18.477707
-8.481011
8.441790
11.667570
13.303720
7.525054
16.244579
-20.873735
3.367629
-18.867626
3.475782
0.715550
7.019058
25.257099
22.280323
13.907046
5.410719
-8.348322
-5.466286
-0.159112
0.387914
2.367940
14.656374
8.241658
8.570885
-13.589589
-2.138659
-6.143077
11.901374
16.350285
-7.463798
23.490129
39.872765
23.479927
8.571884
5.320999
20.402319
5.538583
-25.003056
1.355956
-21.830873
6.666479
-7.696266
9.686284
-12.553529
-0.861924
1.680537
0.158095
19.194935
-6.647151
5.510125
-8.727115
10.107704
-9.895995
11.080910
19.929779
11.110574
0.885721
-0.680873
-8.193594
-3.198638
-13.599829
4.500841
-5.330258
-15.640671
-1.537071
26.494104
8.786513
4.176866
-7.059334
-4.741756
-15.602477
24.924046
-11.505850
-2.471790
-11.220002
4.556724
-4.461425
-2.697812
8.029611
0.256291
7.927061
-1.368169
-0.360377
-3.574967
21.912714
-1.002638
19.690184
-0.630784
11.622272
-7.671030
-2.035226
-20.094229
51.569641
-2.807367
-6.012459
26.183521
16.535751
-3.901825
0.564753
-19.870186
-13.343350
24.103210
-8.711720
-19.626131
8.985146
-7.126724
8.412121
7.036219
-9.012050
1.381230
25.554680
7.219318
-7.775837
2.785507
5.254193
7.113902
19.389277
-18.680454
-9.191165
14.558484
-1.286161
10.542685
13.026072
-0.469308
1.865606
8.161328
8.973783
6.782255
5.687278
0.749044
-14.455444
32.678947
6.681947
-3.786096
9.082645
-31.425589
8.090280
10.696152
-15.760469
13.145555
9.285391
2.236012
20.444155
1.146717
11.755331
8.019617
28.535194
36.099110
12.027184
5.239499
18.780416
9.230775
-8.991876
3.884784
2.732268
23.077967
-3.763763
-14.094528
14.982336
12.318072
0.378527
6.977389
13.391579
-1.720328
2.340611
29.650906
11.122454
25.491360
-0.855494
-6.410280
15.425352
-11.400077
-4.896626
7.154816
4.937472
10.775580
-1.378363
3.441006
-9.398503
9.621846
10.862228
13.742542
9.201204
11.227036
25.821692
11.921422
32.315445
16.141783
11.300764
1.121991
-0.326013
15.872192
18.057930
1.763782
26.286737
-2.333111
-11.298870
-13.455020
7.534652
14.088730
21.298286
14.724236
4.690499
-18.895849
-15.260492
-6.046785
10.754996
7.197265
19.565390
-3.055571
-17.061047
-2.562721
13.107471
-19.140581
9.483212
-3.417500
11.718104
16.916002
0.212365
1.242450
16.603613
-9.829523
11.195856
5.949266
13.405139
-11.169699
10.224678
12.092253
-5.832999
-5.514114
-4.826750
-20.554251
11.472670
-3.545583
11.552328
-7.945199
22.316479
4.463113
-1.481672
6.191513
-7.297691
0.758548
38.276737
11.244203
9.661280
6.254679
-2.388422
0.908753
13.503684
-4.034952
-3.246502
-1.532849
20.592840
33.438515
-5.321841
-8.173039
-25.847813
3.601951
12.482985
12.024962
4.449774
17.715862
-8.468815
8.098679
19.001883
3.258714
11.295593
5.636409
-5.922753
-9.310451
-9.653435
-4.222346
1.686134
-14.829314
13.099657
-9.741273
14.931066
10.299451
-8.611267
-27.125816
12.488492
-5.448115
6.182788
18.739565
8.206366
-5.987782
-10.864815
15.464460
-21.508356
8.559534
8.845190
-17.315815
-5.835532
12.143278
-8.533275
1.363503
8.061299
1.349548
21.186710
-15.005271
-10.736862
18.038738
4.806611
19.343510
-18.517389
-15.729161
15.992502
-15.799356
13.456745
5.277445
-6.505739
-2.306404
-1.314221
8.056963
-11.684353
21.637890
3.783990
17.152798
-7.456289
-10.633596
-5.982362
4.445625
-7.611145
8.675706
20.220026
12.994149
10.044191
-2.394030
-2.917880
12.462117
12.027559
23.406822
-4.366201
9.541842
-13.359897
11.347009
23.330732
0.237705
6.250484
12.259843
13.951541
-23.578407
10.012088
17.495623
14.436989
13.243857
4.782732
38.026096
14.852506
15.410615
-1.466673
-6.007842
-13.909614
14.239651
-11.190070
-11.800301
20.494471
-19.264582
13.532540
-9.040489
-5.118537
4.248371
13.321094
-0.996826
-3.571999
24.114182
-11.605608
-2.254670
3.002590
22.510765
17.020155
16.901815
-3.356725
11.889168
-2.037540
-8.235673
-7.362240
10.319175
-7.767785
24.106436
5.368402
11.638462
7.204635
2.993188
10.147109
-1.459680
4.191339
9.016956
-13.945796
-9.318795
-3.697189
-6.158953
0.248695
-14.190822
-0.657964
24.756588
-7.401733
-0.558943
-4.554585
27.744051
3.249152
-16.812901
1.976735
27.869085
-16.191093
7.011012
-17.668505
4.692617
5.092910
-2.147013
6.714770
-12.975240
14.907119
8.771823
-16.481024
8.399176
-7.926414
-3.508584
25.474340
-7.016390
22.374527
-17.997883
-8.561042
-14.035987
0.941971
13.455236
-0.960530
-25.496038
-1.346131
9.081187
-0.450542
-5.480839
6.529725
10.331162
-7.558241
-10.700960
-13.449341
-8.770164
5.668248
6.621575
-0.713675
6.243298
8.631825
13.055863
-14.893762
30.767540
4.058329
-1.891389
21.869028
-5.810548
-24.583696
24.810474
-16.314875
6.342437
16.323055
13.368475
-5.848095
-7.145779
5.784210
0.460088
-2.453043
43.706161
2.042547
0.397888
6.688016
-12.750150
2.228589
-13.630896
12.487026
4.945610
4.158824
3.833937
-11.088401
-7.619708
0.511706
-7.050744
-5.004740
-17.217150
-16.185575
-2.472051
1.897038
14.901273
9.258984
5.586327
25.056890
-1.096372
0.329098
15.753129
-5.035198
-24.246925
10.640547
10.047180
-23.856277
4.843156
33.094009
0.859043
15.609822
7.246108
8.937155
15.120645
1.866207
5.035892
1.658586
11.214767
13.421907
12.661990
-19.107941
-14.520437
-4.752694
7.935245
-13.990717
-7.476311
3.081031
17.546768
21.487873
20.512333
34.677204
28.324789
7.510434
8.070782
-2.975021
4.819861
19.322958
0.236862
-12.535492
3.456864
-8.082747
-10.019444
-5.162179
-14.472169
-6.847695
-5.202056
27.745617
-0.001085
15.931975
-12.512623
-12.717071
4.124920
8.128736
-11.622658
-4.234942
-0.435833
11.069811
11.363142
-0.930591
14.366440
15.878061
5.976528
-25.337637
-4.254226
2.570941
-0.454345
-2.626471
16.380535
-1.461769
20.080166
2.359573
0.987877
-15.689287
8.501252
-4.053297
0.341407
12.816113
12.126974
-8.392893
1.334713
-8.809162
17.456896
-2.424921
-4.369976
21.028397
0.599882
4.714490
1.534766
19.195429
20.739035
-1.706659
-9.104740
-2.121365
16.426090
20.518253
14.358149
4.005938
5.132559
4.044601
-5.847871
22.690304
15.655541
-16.963032
3.702335
-3.276548
-14.208081
0.326952
31.374222
-5.414448
5.766151
-0.441023
2.491318
33.112915
26.051693
2.739772
12.631715
-1.215165
2.012180
4.548237
4.928468
-5.823404
10.249332
-11.693563
15.148461
5.846266
22.730305
4.475657
13.096497
14.991417
4.868426
-3.918768
13.510936
8.680786
7.822807
11.187917
-3.449337
2.609726
-3.949154
-2.041949
26.257711
-4.585359
-0.455487
5.793371
11.591032
1.331512
-1.598783
8.738323
-3.516374
-5.681564
4.076548
1.361729
-1.663615
11.622379
-9.699067
-7.610590
21.124826
12.335445
4.869719
-23.955053
18.724136
22.233337
9.406944
24.333101
8.452812
-10.545962
-6.862375
-1.456818
19.597393
-8.247363
1.482042
35.991356
-13.312463
-3.901398
-4.894388
22.562105
-1.706211
-8.269738
-12.632292
8.142935
9.731656
9.065870
20.734438
-1.144368
10.543075
-8.325927
22.159109
-17.737930
-4.835027
0.178979
3.543020
-14.401424
-4.571372
-13.175334
3.021528
-11.218057
-5.502826
5.978169
-5.516970
25.173170
-2.440845
5.756266
-8.401590
2.733812
-3.708935
2.727120
12.940165
6.353049
6.394271
-13.687455
4.064007
-3.013443
11.648326
-12.507895
-20.425570
15.090932
3.877298
-10.051165
-2.443993
5.968076
-6.161538
9.218799
-9.877696
2.807571
12.913985
8.054604
-1.107615
1.462598
2.267600
29.023340
6.461750
-1.793138
-3.471823
-8.257855
10.318395
21.572611
-8.338590
9.514861
12.377754
-9.248012
11.837907
-8.870517
3.603492
18.719181
11.101967
10.419679
1.033502
12.458020
13.187425
8.050943
16.539894
-2.745054
3.283659
-9.011864
-1.640269
-0.428731
-12.166087
4.001843
3.648795
-6.871759
2.481819
-7.210229
-15.164903
17.878916
-20.250626
2.026037
-4.653833
2.679742
25.249962
7.880045
20.239347
18.388725
2.462812
42.398087
-0.366675
-1.323810
-13.736123
-8.669910
-12.679785
5.110204
0.120046
1.279491
-15.291688
7.138931
7.081169
9.227344
21.983526
8.803438
12.307403
-14.239872
39.860260
9.377439
5.120057
-0.353404
17.071905
-4.963456
20.511091
3.690005
5.484362
2.107893
4.981881
15.098179
12.464697
-7.643701
19.578943
3.472344
3.958350
27.322502
-0.472625
4.991167
-11.973573
5.524457
4.665237
-0.121624
20.080980
4.087219
30.757343
13.441092
-0.054869
20.269987
-0.558273
19.016737
4.998247
0.311496
21.214502
-4.571927
-2.736645
1.137575
-9.295341
12.338356
-13.567076
6.213980
-13.255707
12.525819
2.697898
-0.244063
-8.324415
-0.395174
18.071381
15.055422
9.477264
-16.661362
9.391909
4.163819
-9.077724
-22.704638
9.397507
0.288700
-10.212847
6.812946
10.973532
