12.857072
3.786498
-12.619285
6.903453
-8.370985
-9.621161
-1.485316
3.737684
18.097841
10.531121
-4.753758
15.359143
-15.121862
27.699907
1.509381
-7.175182
30.477825
1.080705
5.177920
-0.851393
7.282519
3.718292
18.382399
0.006574
9.049809
24.538260
7.902699
8.308185
-4.362621
0.055904
1.902572
-3.383626
14.494806
12.444160
-11.684350
-7.441388
-0.834303
-36.649807
6.228476
-9.039428
6.319637
6.236925
1.856480
13.106873
-8.568479
9.164339
3.762101
17.326677
16.676699
-0.382733
20.667374
-0.479130
-30.746716
4.039794
36.365936
21.173647
14.512771
-9.370565
8.892522
7.556127
-11.368070
7.971434
-1.914647
30.920053
-0.075555
3.884088
17.458437
7.088757
21.703430
-8.052325
-2.260334
-3.695348
-2.267137
14.903550
7.834417
12.562490
1.493493
-10.417815
13.315334
7.067928
-4.521736
-10.819998
10.407516
-5.585485
-0.643982
-10.888999
-13.513061
-5.575172
-27.462774
-4.608575
-11.791603
-0.912260
-8.356530
7.838447
-5.518732
-0.784421
-6.777480
3.131413
7.038706
5.265326
-5.742592
0.868874
16.149780
4.598290
-3.176347
7.303571
2.500222
-1.452156
-16.450344
-4.859613
25.607994
-13.412773
-7.048559
6.458282
-3.146024
18.881845
-7.200230
11.965958
11.447315
9.514955
-24.133707
-28.058075
0.535712
-6.535844
12.947973
8.743677
12.979119
-21.152063
-17.363495
-5.209296
-21.898188
10.944153
12.644496
11.700828
-15.028947
1.685645
12.842626
-16.523687
-4.298847
7.364434
14.498024
15.501092
10.971057
2.031487
8.539860
-5.547493
-0.079080
2.315999
-4.111503
-2.126657
16.913063
-13.396175
10.350949
-0.514084
-2.444822
19.726967
-8.487093
7.895596
2.023733
-2.698534
8.423433
-11.074204
5.533883
17.875353
-9.013687
6.041970
14.410439
-6.706343
8.296987
0.331714
-9.203846
10.650052
-1.124985
15.799650
3.364283
24.140825
-10.084548
-7.762577
7.804922
6.983848
-0.033992
-3.168642
9.851133
10.388595
-10.494617
0.082295
14.680152
-3.912038
9.684161
17.785559
7.048258
-6.135496
18.894966
-0.788309
8.945933
13.822244
3.577893
-0.153693
-4.984881
-2.335358
-21.898043
-5.168969
-26.268280
-10.914574
-2.442584
3.891301
-23.434229
-13.907825
0.456302
14.553701
-13.664804
6.973243
-9.633254
3.715562
18.098051
-11.538330
21.174267
14.164034
-6.692617
-5.677047
12.061645
8.523829
3.022950
12.140218
7.737678
-9.514858
-10.957780
-6.987836
-17.579786
7.325308
16.694843
-5.102310
20.216722
8.109383
-2.886381
1.134977
4.112675
19.405657
-17.999161
3.701989
-10.390203
20.053158
4.653100
-1.209478
7.369146
4.936822
-11.375924
-5.610308
18.202753
17.665850
0.668664
18.594004
7.609002
2.015473
-12.913056
2.906233
18.143503
-4.530997
-0.365101
-1.475643
3.573354
15.452540
7.580062
23.395884
-26.169628
-12.514127
-11.580004
17.644352
24.295246
-7.907843
1.182473
-7.809397
3.760408
-11.401726
0.079301
23.079111
3.800664
12.469920
18.316866
-25.852104
11.169657
-6.872215
2.021883
-20.703125
-12.612405
8.947951
16.408100
27.789886
-5.638529
-0.700342
7.798131
16.617157
-4.358919
-14.874064
1.810195
1.126969
2.926545
13.177984
18.008480
21.772421
11.881334
20.888866
31.537760
29.127287
-9.770091
-9.200935
-19.453384
4.587541
-3.186584
23.038162
1.348530
25.215305
-6.005932
-15.455424
-15.394847
11.457283
-16.693634
-1.492158
-17.935785
2.600396
1.233590
4.385939
-7.035208
30.670908
20.875433
4.383346
11.259918
-5.142439
3.526317
9.894125
11.740316
-3.420007
-11.478075
-13.345758
-2.782012
-20.553806
-1.280309
20.778933
-1.458376
2.004397
-15.875139
10.711453
-0.853704
-3.540433
11.501535
10.622972
11.918978
-3.148988
-6.577620
18.080290
-0.011530
12.794153
4.758516
13.284389
-4.323525
2.751880
6.699197
6.395251
2.598531
-10.829634
-0.321154
-4.410806
13.092974
-14.781135
-1.764055
11.408797
24.618908
10.328798
-1.587077
3.445530
19.212740
16.489496
13.843225
9.429181
4.199116
8.797475
18.014549
-18.754774
20.064919
-17.998850
0.460570
-7.855289
-7.214086
18.142759
-15.348836
13.281610
-27.556843
-12.494394
16.262037
20.899134
-9.215714
-7.490706
22.589634
-23.456442
-0.651325
2.942654
21.447899
0.428253
4.110672
-3.566711
0.143522
19.443666
10.895794
4.952918
6.564985
2.035661
-2.703897
1.187330
-1.039353
26.065630
-6.669681
-27.816183
19.006941
8.401352
-12.378274
10.038904
-4.936898
-0.288844
-1.555750
11.435833
9.192980
-8.669228
6.742910
1.757841
6.126252
13.950155
6.604947
13.889514
24.776392
-11.724939
-2.065477
-11.066998
4.255540
16.349640
22.048670
13.224987
9.747402
-3.598927
22.190100
-9.271283
-15.184606
-14.831693
5.210895
1.226759
7.975911
8.578516
7.505038
10.047564
17.599474
6.180148
-12.950074
3.639192
0.886700
-8.099831
14.426735
1.627230
-25.356802
-8.748419
-7.178834
-9.608094
-11.738232
2.637845
2.464122
2.601524
12.393275
22.021622
1.437013
-1.728688
3.662520
11.829832
-1.824764
19.018026
4.844448
18.541525
-6.586893
13.646400
1.653168
-4.412970
27.536848
15.218699
-10.354149
-1.520655
-18.601162
11.406219
-5.170663
0.950990
-4.905409
25.176386
-10.655787
6.441409
15.240310
-1.867164
-11.488667
-3.565412
-3.776947
-6.927193
-3.513606
0.848754
16.876642
8.052121
-15.922619
10.409146
-1.881475
-0.929406
22.310194
-8.338247
20.899042
-1.160447
27.826122
9.844928
-18.030193
12.424561
-0.486549
24.784967
28.457775
-4.428136
-6.440149
-11.798824
29.391991
13.928563
6.395688
-14.474792
-1.750969
32.161446
-3.113998
13.845885
9.490870
-17.527763
2.886173
7.467684
6.697534
3.653495
14.901468
-3.594450
10.951439
-29.264572
9.760373
20.856422
12.921175
-6.655991
6.453257
1.737704
-1.908927
0.617618
11.747570
17.715775
16.297623
7.522130
0.850487
8.192720
9.967299
40.441929
-14.100800
4.852923
0.481803
-15.619184
12.110259
1.709048
4.679167
8.206099
12.587868
9.167212
-0.345657
-12.068354
-6.044614
8.596008
31.229811
5.319398
-2.007976
-3.242383
1.852623
13.858540
-4.152685
25.967857
6.376549
-2.527374
5.112813
13.811594
-8.359745
8.024336
16.740374
-6.679466
6.071972
11.660731
3.427211
3.486807
-8.756907
11.668492
13.631310
-3.023435
-6.649565
-10.867293
5.034858
1.423091
8.079601
0.670257
7.486385
3.021376
-12.888640
3.710746
-4.350824
3.315578
-11.907203
-15.872881
-10.485359
-11.117342
22.504507
35.882038
15.345463
-12.323107
5.393425
-8.092452
-0.525489
0.090060
-14.408999
-10.711378
10.874501
-10.524807
0.854280
25.066545
1.967999
46.406826
9.897581
-1.534369
0.981475
8.429239
4.730845
7.013479
-34.688534
-13.554280
-4.837604
-4.231468
10.263293
-6.066191
-3.905739
15.860303
-19.457121
5.032421
8.802850
11.425026
-8.070998
21.868567
-16.181746
3.719595
1.900030
-12.776805
-6.214253
0.387816
-3.660543
6.871399
18.131948
-8.321456
-12.445383
2.448416
-12.045144
13.934232
-11.078132
-4.014197
4.502618
7.312078
-17.658251
-0.115203
23.926790
-9.818263
-6.622722
10.575032
5.977227
12.498409
-7.360145
-1.486763
-4.806648
10.015663
-6.949886
-1.282915
4.336621
4.387230
12.002748
-8.138048
-10.534451
-13.112191
19.243095
-16.752071
3.257787
20.941122
-0.394466
-11.138260
6.084432
5.922279
4.505148
-3.173748
18.155119
3.862684
-4.979506
-6.637202
-15.666172
8.934382
-0.738288
-21.060152
12.606516
-0.503902
7.678637
9.467503
-3.590799
20.595549
10.524597
-19.588202
9.716240
1.880620
-4.506557
-14.538190
-12.190393
-3.461276
-16.932629
18.766489
-9.974640
9.156106
-2.737976
6.727561
-10.932865
4.910079
13.916410
-15.316603
0.361360
17.095812
3.890910
2.356774
23.094868
-7.440239
-12.175191
19.643839
6.216427
14.768868
2.411970
-5.253213
10.253319
-2.472430
-9.902480
17.245974
-20.746027
29.179106
3.818274
-16.471281
17.294149
3.565574
-17.216705
17.572140
10.896308
12.913378
-4.584077
8.953582
-4.502472
16.102516
-4.170953
-15.172693
-6.233177
2.182463
0.889300
5.439612
6.417532
42.296139
1.014365
24.976242
-7.451651
0.632002
7.246995
-4.306934
1.239680
9.561204
8.657400
-13.721835
2.663647
-6.725711
13.347688
10.462250
-6.744514
3.244215
-13.084090
10.552716
-2.512357
3.231636
14.051311
-19.441137
0.418496
52.862331
8.912636
7.951174
-2.688824
1.476730
26.198303
-1.766146
-9.727736
-4.644903
24.721207
-3.126441
20.961142
4.703176
-5.477481
14.140461
5.427451
14.475328
6.400455
-8.189162
19.853819
-10.364138
-1.699431
-5.898377
-4.211639
1.469503
-12.553947
-28.781891
17.858084
-3.764395
-0.752009
12.813686
9.544788
7.737170
11.830538
21.793310
24.708521
15.869277
11.954301
-17.301168
15.170761
12.166946
3.595424
1.610984
27.060991
28.216145
3.731601
10.653326
15.580222
14.262430
-11.062848
-9.394566
3.238042
13.120398
22.731806
-5.092401
12.076425
-4.309077
-1.216887
7.466726
2.167999
-7.558208
-14.338416
4.233983
1.961566
14.994158
-9.186920
12.495781
14.605871
-8.444810
-13.303154
7.520735
4.072959
-15.536242
8.936118
12.713625
-3.437905
-16.251772
7.409808
-3.266159
2.747223
1.306467
-3.496853
0.875858
3.717913
-14.923403
6.542992
-8.757409
-3.294079
-9.405322
-7.664225
-11.899667
17.875637
6.593884
14.552049
0.228396
-7.527448
16.556778
4.123430
15.652964
-1.768337
4.032212
1.948561
-6.238672
0.463675
1.801430
-12.735613
8.352363
4.667698
25.631828
-15.308350
16.957932
18.856155
2.374344
9.621737
-0.688857
-8.237650
-6.888624
-0.418856
12.815149
6.980535
-4.944776
-20.426632
5.481744
19.045319
-19.510519
20.892372
2.506415
-15.697556
36.436695
-0.714467
21.039257
-6.595750
-32.122528
17.547600
-29.505892
-11.983026
11.634482
0.011602
-19.188156
5.742929
-9.466081
23.326969
16.772772
-8.416714
12.481768
2.355671
19.361958
-15.427879
3.908332
-26.957548
-5.883848
-12.729268
26.735760
-11.340981
3.282404
16.727959
-2.275905
8.847663
19.769009
5.155772
3.960048
12.495837
-20.457748
-0.843168
27.333990
-0.524861
2.764680
1.388669
27.410652
-14.500459
16.928707
-10.892492
11.067269
7.004468
-9.262830
-28.600000
-7.541624
-10.561015
-6.443151
-13.372032
2.390223
5.113851
-1.839219
-14.052111
-21.883858
-5.822690
28.698393
6.658700
11.336571
-4.247340
-3.242460
17.293297
3.449150
13.742973
-6.627277
10.325440
11.741096
16.746737
-9.098699
-0.778291
4.524872
-11.781605
-9.540499
-0.777924
-11.331903
-2.970447
-4.164011
4.083880
11.616313
6.130777
-2.257119
14.187060
-9.809654
5.595871
10.355125
-15.169485
8.899071
1.056405
-0.055019
4.286761
12.063399
7.190575
6.460101
2.770830
10.159145
19.812393
5.364928
11.248861
-14.030233
4.136243
15.331074
-6.796603
-4.823356
12.819272
9.445219
8.212916
16.321157
4.615909
-2.100974
1.469298
12.954001
-5.885513
11.765929
-2.241279
-9.014527
8.788080
-18.721003
14.300110
10.833985
25.400705
20.228861
-16.981970
10.937802
-11.304731
-0.340560
16.923916
3.207111
1.936187
18.339331
28.841461
3.164410
-3.573508
-1.866621
-9.865499
9.436595
-10.898726
7.048718
9.013330
9.116901
13.594804
-15.989747
11.803789
-14.851577
-7.103484
5.897561
-11.801976
7.140132
-14.323324
17.610954
11.329762
20.447451
23.061985
-15.039535
-11.853825
25.365810
14.729045
5.651668
0.314173
5.151708
9.888641
11.330826
5.772522
-15.047517
5.292979
16.486479
-4.759135
-0.615770
13.097928
14.517220
13.117745
12.179605
2.542057
7.434751
-5.568841
-6.145046
5.787882
19.817944
-17.277447
6.236930
16.351404
-14.469190
-1.920060
-9.337064
2.133962
-3.671945
4.694861
-11.984146
15.359913
-1.469025
17.547514
5.415622
4.951415
-9.269578
13.686618
7.412611
30.001558
7.964593
14.105828
10.721377
-4.218941
7.508001
14.787142
-3.493545
-0.092226
-8.466687
-4.773417
20.804956
8.748513
-3.246609
-16.061007
-2.429597
-15.407645
2.771669
11.799253
-3.602473
20.029974
5.636296
3.954342
-10.251287
-12.041792
9.351240
-3.100569
8.446595
-10.363706
-1.823434
7.112803
-1.030010
14.452922
13.943121
1.565677
6.109118
-2.109283
8.155678
-0.547185
-6.589269
13.740880
-4.233426
-6.920322
-13.448368
17.270266
13.347004
-2.855199
-5.118896
-2.414903
10.375026
2.606081
10.671465
5.728999
24.781843
0.446520
-0.694488
13.330983
9.670475
-1.620689
10.254976
3.286054
-4.331941
16.120071
11.330726
1.945984
14.446946
18.996275
1.320919
20.239340
14.105629
2.616718
-1.218237
-10.293452
4.639906
11.105561
11.803843
8.273521
-0.852906
11.242721
1.427354
-5.976893
12.436544
-5.778990
3.818897
-0.539518
17.967499
-0.046370
0.560457
8.213619
9.731277
27.024963
2.022125
3.882779
-9.190310
18.770554
7.457552
-4.108681
-5.702424
11.644368
0.623703
14.603482
27.895830
21.672083
-1.420208
-7.186000
8.152301
15.238116
-5.385245
-15.164638
-9.687661
-18.157612
16.039232
32.927959
12.988313
4.308359
-2.270816
-8.463147
14.126545
11.789894
3.638762
2.094671
9.232900
6.630704
3.078500
16.541441
-0.172898
-5.379733
-4.215893
-22.050879
-3.083345
4.651128
-3.379281
-1.891046
8.665684
-3.241612
-9.700877
6.527852
4.655734
-4.410042
17.538181
-14.528873
14.150166
16.334368
-3.808403
-15.194458
1.539471
-1.171550
-26.229174
-15.168180
16.310129
9.714134
1.383741
5.300993
3.452429
-0.293237
11.664530
6.859617
-15.045480
-3.140786
7.823146
6.843902
10.931927
15.981566
9.744699
4.789823
-2.129444
-27.162106
-6.854919
-10.532064
0.002824
-15.128175
16.228951
34.142025
-4.382041
12.707541
-26.914885
-16.158945
-20.623600
-12.812841
2.750364
-9.882599
5.266927
-11.305590
-0.245723
7.211561
25.173002
-13.586973
14.196001
17.298893
-9.919556
-5.171086
16.732222
5.413711
8.169315
-3.105263
-8.734662
13.431339
-19.905876
8.751801
-11.778178
-9.734561
-14.815091
4.445306
8.357017
3.373983
-10.236359
10.977699
10.925805
19.938799
5.409171
16.030619
23.969263
-0.986126
0.340380
17.530619
8.172849
3.470618
2.627365
7.049315
-1.660859
12.175516
18.112780
-7.429558
0.356230
-8.660596
-22.826151
-24.244019
-12.262753
8.454908
22.531591
2.347506
2.819142
18.821814
-12.062054
24.564589
-19.362692
-8.844689
-3.190950
-6.858051
7.502040
-8.231452
-5.684697
20.232300
-9.535353
5.196124
15.617422
14.267201
15.804937
10.773810
3.202358
2.338384
13.227922
-2.744196
1.032138
6.902491
-6.842427
-11.782158
5.126026
-9.852847
20.301397
-13.473104
2.697471
11.392193
-4.389192
-0.042703
-5.236061
12.675042
18.542988
5.119400
-7.173313
9.661088
-12.379415
-2.252196
-20.003658
-6.689164
6.004477
10.313965
-8.870272
0.132763
14.501446
-10.756338
1.250292
-21.873976
10.850389
4.835575
2.704985
-17.156736
20.009180
-4.400426
3.905267
-14.598557
-0.174840
25.985538
0.226849
16.110491
9.483412
-0.417343
-4.796967
-2.107334
4.710249
-3.747833
-18.907486
21.331194
-0.181665
4.844952
-4.865658
24.400305
12.648277
-8.031115
5.045786
-4.775994
4.742036
-9.052716
-10.553811
-4.506388
23.221575
6.762328
16.872746
3.928375
2.991523
3.069985
0.745055
7.822834
-4.207887
-8.068078
-1.867483
28.799875
3.162071
0.474785
5.222178
10.514841
10.165638
16.668959
8.897506
-2.338446
14.031269
-8.558668
-7.308285
-1.066037
-12.875157
-2.154648
-2.175017
-7.756086
-0.580724
-3.214346
-24.104734
-16.134809
18.704594
0.849578
16.447201
1.183482
-10.774493
7.694101
-10.760503
-20.509111
6.417412
17.670115
-7.795624
15.722565
15.356900
-1.997199
23.566145
2.670963
-22.366348
1.947479
0.984422
8.187054
-1.411061
18.106489
-3.117159
15.336992
-6.808435
12.407567
-7.565621
0.795261
-14.156948
9.612855
5.584632
22.293434
-3.871318
-4.918274
-7.279411
-11.485087
5.837824
-3.440065
19.823645
3.034427
-2.068426
18.716980
-24.890018
16.761278
6.281845
5.148619
6.380304
-0.824185
-41.381512
34.218182
-5.197874
4.029413
-0.790056
-2.835296
0.090080
16.449825
-25.465054
-6.140684
1.922943
2.754243
5.084991
-21.668180
-20.650883
8.832190
-0.645406
16.106010
-12.751384
-8.268394
10.204761
25.895237
-13.918967
22.123091
1.971438
-0.212300
12.038937
-6.198262
13.681094
24.291729
-14.599524
-25.665718
0.438034
19.368797
11.007646
20.318516
6.698235
14.488272
-7.046965
-8.833329
29.498402
-5.945640
25.521523
7.842047
-9.329823
-5.298275
0.369071
15.028590
-12.356359
17.440933
25.231712
-18.968304
6.730259
-32.330719
10.293248
13.760500
-3.671497
1.995794
-5.949263
2.835519
6.127706
-10.717990
0.430234
-4.992616
2.083059
11.354729
9.888242
-9.837506
-9.804305
2.774439
-5.755556
12.067581
-11.495964
-14.890862
-5.408285
11.679312
13.254969
2.711055
11.356418
-16.993046
14.537022
8.807908
35.359608
12.152659
21.805725
6.901350
-8.254543
2.940326
25.437731
-4.693222
6.263964
-0.842710
36.567955
-8.078835
-15.669842
4.453271
-11.998709
18.614494
10.850162
-13.813705
-9.410985
-4.141255
12.078045
-2.390766
24.292505
-1.637081
12.768343
-26.656239
-10.604447
8.488263
-0.797357
-5.606861
-8.611280
-19.896194
-1.444173
13.505845
10.091937
10.043685
-13.955713
-16.986115
7.814082
-18.385674
0.635002
-4.936372
-19.572405
14.670666
-4.322575
-1.834406
21.021851
10.677196
13.420577
-0.626604
8.020646
0.158039
-7.334275
22.942486
20.764158
-6.958632
-20.621042
-13.023878
-2.261944
25.909006
6.434851
-22.843590
-11.970703
3.286628
14.449929
-7.767950
-7.513635
16.087204
-0.979335
18.513166
12.038358
10.588323
2.931803
4.688158
28.169064
-12.047364
-10.321003
6.868417
0.795410
24.161432
-21.142885
-4.115169
7.331714
13.447747
-0.126314
4.608478
21.822481
9.115626
-5.050676
7.435884
4.874822
20.532944
-16.371168
-4.371682
4.505792
2.759545
-7.717389
1.146363
18.376917
-14.756907
0.144824
-5.588754
-12.660893
4.041694
0.356602
-0.450608
-4.240326
-3.158891
3.117316
12.653505
5.020612
5.067183
11.352690
-3.262781
15.650175
26.731480
2.085975
13.496210
-22.805441
11.478883
29.574268
-14.330480
-7.352560
0.592836
-5.003726
9.483771
3.028810
0.458815
-11.688818
32.533707
-7.377285
27.516235
5.709527
6.809682
-10.046347
12.409821
26.222841
2.602467
-3.180470
-8.204239
11.108835
-8.890668
-3.251202
10.033051
23.971439
4.718571
-8.256438
18.155968
17.793009
14.271954
10.944309
18.182350
7.019148
-1.204134
-8.198226
-5.151546
-6.309505
2.878367
5.965800
1.679399
-4.230537
-1.956997
17.453104
28.075388
17.388815
11.825576
0.216835
-5.976268
-5.551191
11.683901
12.905642
-0.603295
30.338760
-7.293310
4.983717
1.348287
16.502359
-8.500312
-8.307381
7.420326
-0.246064
-3.269278
8.737700
7.659842
1.189667
-14.644916
1.733751
-18.128273
19.175280
-18.374657
-4.839214
-2.077289
19.692368
-6.930622
9.358444
-3.949527
6.906160
5.369256
9.280718
0.039132
20.806147
10.805479
-3.791034
-7.808109
3.610610
-8.598171
-18.600611
-19.392223
18.086746
10.480479
-16.816917
18.552891
-0.760241
10.585999
-25.672142
-6.255937
10.212061
4.168353
8.829856
14.798287
9.622087
6.536747
4.162871
-11.985187
-0.738957
10.777377
-10.248873
-9.053494
20.849968
9.109263
-9.698102
-5.622323
-2.917661
-4.160711
-1.019563
11.328948
-6.651019
24.543369
15.863458
11.031418
-0.760720
-9.534734
-8.917397
-3.041938
-2.114875
20.919092
7.746169
-10.505967
9.184158
-7.052779
-6.254340
-6.977528
7.023939
-28.330900
-17.921116
-9.343287
5.594285
-8.687451
-1.269650
14.462687
-1.398802
-20.780989
7.499226
12.558149
-33.081806
28.032814
-18.059416
-13.990756
-13.296999
1.944543
1.917664
1.108826
-1.085323
1.636050
-13.021419
-12.878366
0.941080
-5.174307
3.176907
-4.167528
6.125406
22.313980
-16.261374
-11.824147
3.903790
17.070898
-18.407166
4.697015
-6.875623
-9.409994
-1.751565
18.170204
14.220261
-2.116746
-5.164153
1.005774
8.158515
33.303711
-1.846321
-16.218899
7.347164
11.030563
0.028897
-6.111392
12.974661
-4.126450
23.309109
-19.913187
-8.644955
4.621525
20.121330
5.151635
-12.663116
4.881901
-16.381178
3.989739
-10.788858
13.004420
-9.455298
-25.909861
26.354595
15.304843
-9.740752
20.979092
3.512962
-14.832938
9.516465
5.237757
5.457877
11.199143
-5.371589
-14.663161
-11.335443
0.509677
4.335144
9.203307
8.556808
16.528614
17.125698
-9.806378
18.269970
15.702349
8.281443
4.923510
-7.822866
0.519824
-0.220691
14.948940
24.507023
11.343719
11.806924
-3.891671
18.585545
7.191049
-12.595033
7.151611
-11.377725
-5.183388
-5.847116
21.654514
-2.855644
-8.034684
3.520843
3.753675
0.020637
8.222482
7.636282
-35.780910
-15.930995
9.580631
19.858606
0.068770
0.401331
0.699174
6.419273
7.613684
9.709435
-14.553855
13.487125
11.716821
-20.629265
16.177139
17.999691
10.255444
-17.671288
-11.386691
2.241736
-22.966930
-3.352808
14.540470
21.902498
3.645752
-2.378099
1.273146
-5.233966
5.600803
11.128899
8.842476
23.516552
6.123189
1.578915
-14.239901
11.769340
-16.815277
-31.520811
-16.821842
32.721825
6.486301
-8.176528
-9.575866
2.340296
-3.447669
-14.880625
-1.806088
6.932097
20.408453
33.983753
5.245039
13.987391
11.389016
-22.428274
5.217443
16.056444
3.305705
-0.325376
12.954732
-17.061867
-14.568768
11.562768
33.170422
19.146158
10.478761
25.783815
-10.610838
14.096880
0.716626
-4.500733
5.274458
21.892572
0.217603
4.615746
14.230481
-7.781096
-11.652625
39.465019
6.727564
-2.137464
22.973715
3.873550
-7.730103
-1.746651
-5.563958
19.684446
0.044966
-19.071287
7.957691
4.267220
-5.049911
-20.850336
-1.895125
12.860200
-2.116815
8.491659
8.038414
14.520222
-7.922364
-14.047003
-15.385295
17.174904
5.090458
9.836487
-3.321428
16.031843
4.373582
-9.942456
-18.327360
32.082214
-2.655469
32.357124
2.409511
13.851458
-17.071312
-31.480520
16.601854
-0.095182
-1.232730
13.924392
10.353269
9.109336
-12.291368
21.137106
-7.177248
-11.029018
14.257550
-1.585162
-18.822380
2.355932
10.516824
-15.040674
14.244996
7.498795
-18.054995
0.757989
-9.022058
6.583778
-0.726768
15.732954
-21.432562
16.599173
11.635560
6.847972
-6.678344
25.689264
6.828862
-3.800491
-4.819712
-6.101341
-7.637507
14.368219
-3.461772
20.226921
17.007742
8.257240
-20.367493
10.895781
0.971661
-20.837296
10.137589
-14.765529
16.899288
12.324524
13.121154
14.699919
-6.316310
-9.970225
8.656388
-15.583432
3.845841
7.398890
5.154401
-4.171183
-0.435805
2.165056
24.871935
8.984298
0.066459
-15.682776
19.723888
-16.836847
8.793523
17.636755
-19.745470
-6.746602
2.957912
-0.918456
16.124226
8.212336
35.456371
0.369696
9.214041
-8.265487
12.426091
6.030264
3.558941
18.793285
-15.108020
-0.834328
9.098863
16.296915
9.090727
-14.784980
16.461796
23.584520
19.955914
8.515952
19.978697
19.976866
8.546350
2.002750
5.502453
-4.011184
5.665379
11.411259
-28.878817
15.270792
-1.075005
0.869334
-13.626486
-13.854166
-17.288914
-3.365419
14.904586
29.807034
-5.624049
5.184369
-6.425558
-0.214479
-9.494318
0.563499
3.461864
14.616868
-8.153633
9.724755
1.236361
-2.731897
19.327789
-11.393179
-5.260570
-19.499947
14.738405
-13.521836
25.842772
8.828247
4.776223
14.535749
-9.719248
-5.435845
-13.447040
25.538166
14.387150
-5.272110
12.307843
1.746606
15.450020
2.273557
11.673759
0.833634
12.185308
3.605510
8.057685
-3.388094
16.051241
-12.529801
-14.777947
7.756412
-5.116310
25.051939
3.586695
2.005621
19.385408
-0.505625
12.024466
-0.155338
11.343362
7.935802
-3.066442
-5.989005
5.384249
-1.149359
6.344518
31.917622
-13.990138
-16.282743
11.856188
13.731964
10.232347
3.657166
-5.476056
-8.225509
10.472465
4.881084
-28.594481
-8.184635
19.048443
3.982236
20.157536
2.256543
-6.815017
-22.745789
11.741937
-8.944751
15.078317
9.514230
-21.272915
-0.465064
-3.409388
-17.416769
15.225172
14.633294
-1.261400
-3.426277
23.067558
16.610085
34.881275
-2.804009
23.466984
9.012842
-14.469747
12.553437
-5.101128
6.834011
-2.015152
-1.906218
-20.768490
1.122618
-15.040117
-7.697227
27.676041
16.896542
-10.766061
-13.559427
0.062220
-5.690469
12.069679
-15.098159
7.772565
-6.170554
0.700206
14.121079
7.556394
-17.783407
-14.749008
6.899487
20.684919
11.286688
-5.062079
-4.715477
1.755619
4.515348
0.988222
16.932413
24.598829
-8.312851
5.049648
9.490644
11.034292
20.843580
-17.340591
-16.086124
5.568970
-11.794757
20.250778
-6.089988
-5.065181
-0.779027
4.710203
0.088075
20.914032
-7.775143
7.897637
-4.662583
-11.300952
-18.916492
21.412292
-12.434336
9.264187
16.396088
1.003552
5.934639
-18.601414
4.881041
-13.393539
9.159242
6.024892
15.269799
4.638001
-17.792032
2.315142
12.855472
-0.186617
5.265976
-11.380496
-0.983636
3.923196
6.970688
-15.650007
2.082247
7.404816
6.267997
-33.836235
7.894256
3.271709
-0.728894
-24.361570
-5.094491
-1.010082
0.970497
5.301985
7.355666
-20.165724
9.613281
13.639051
5.815348
-2.535120
4.378118
3.657634
-9.960919
1.382546
14.540542
15.312183
0.765964
5.874080
0.665334
-1.701925
-1.095830
-13.125043
10.696021
6.920022
-5.994011
30.211857
-0.421176
11.039900
1.964806
6.437830
0.363801
0.512417
13.539312
18.597187
-3.756883
17.808851
8.690848
24.704868
31.339689
-4.755626
3.286612
4.588229
-8.636290
-4.428162
5.599555
-9.868497
-7.515878
-4.439628
-0.272941
17.684664
8.214162
6.383319
11.044940
19.367920
-4.059381
-6.898993
0.055057
-6.616430
4.777034
1.218215
6.939259
-7.481651
-1.731248
0.903199
-3.127682
7.847146
8.819117
4.606913
2.748459
-7.743406
-7.481633
13.318795
18.352747
5.594077
11.065106
7.105360
13.910977
19.517015
-30.777416
15.020396
4.880731
-3.512000
-7.469737
-14.210157
-27.231430
8.240947
-5.131806
-7.908113
1.980233
-3.575170
-25.238415
8.825899
-35.408348
9.530879
-3.833776
24.558517
0.654981
1.810714
-17.156832
-4.339800
11.080732
13.026501
1.014476
20.254936
-4.225842
15.149170
16.530785
6.812767
-2.145941
-26.956244
14.946220
-20.092583
6.628891
16.261280
-8.573806
5.861957
6.578406
2.343524
-1.238608
8.985075
23.018639
14.518745
8.339748
15.799796
11.766409
11.110876
-8.932599
16.562649
-4.892165
-4.756174
2.027241
12.848947
10.357940
5.982567
-16.084837
7.895166
-9.261003
-0.475407
1.886289
-5.708272
-0.273776
27.075777
-1.446778
33.596382
-6.611887
9.251060
15.124032
-24.099237
-6.433101
-1.121424
-3.238497
15.508580
38.233524
6.766300
1.549126
-10.882544
-14.635097
7.969973
5.846884
21.154692
8.315883
-4.389108
9.572470
-16.587048
32.074425
19.602581
17.406155
1.963908
-1.731505
-10.578154
8.438848
1.229110
-7.947010
14.395061
-7.344057
-17.883429
4.232263
-10.781663
3.495533
21.921150
20.413227
13.894526
-7.901951
-15.920082
-6.235545
28.423777
-0.643889
0.897192
1.936909
-6.058606
33.350773
-8.301107
16.244268
-16.980658
14.547368
3.031088
6.966495
5.430808
3.937886
16.376749
-8.305031
-3.573651
6.084636
-1.426268
-18.507536
2.774921
2.284941
12.249092
-4.871742
21.614149
-1.071650
12.138527
-11.515557
15.362941
20.595890
6.891873
-7.973184
-4.907468
25.177776
5.106452
7.347877
-5.663256
3.248948
-4.019236
2.546948
5.765528
16.885712
8.017734
2.537198
9.011274
-22.138521
-11.655404
-12.414045
12.260372
-3.873252
11.065442
25.407202
9.935602
-0.219291
0.338012
17.970438
-8.481525
14.175791
-1.851969
-20.468256
30.263065
-5.533912
16.186281
-21.961872
-1.197902
8.740490
-4.588327
-0.014305
4.408407
4.961915
-13.674960
-1.272946
0.193841
-0.924412
20.297251
-9.920395
6.852372
26.477102
-5.209134
17.952665
-15.058650
12.975661
12.089420
-1.782680
15.493757
7.812508
3.264020
-1.354135
5.975595
16.517237
6.945184
-1.069911
-6.817393
-3.909920
3.226020
-2.612331
17.740538
2.311228
-1.655191
20.496065
11.653132
2.733873
-1.557306
4.178927
8.779713
12.602395
23.458584
-4.790618
-6.781844
-11.769670
17.552738
-21.411083
-12.238872
15.796000
6.422075
26.638779
-8.166156
-6.160509
5.576333
-8.323462
10.043096
15.916795
-3.039796
-3.613081
15.924603
11.552389
-5.035061
-6.681830
5.009125
12.988738
10.845894
10.561722
11.754478
-1.534061
-1.913985
2.449965
12.485021
6.480298
20.949890
-13.716169
0.813551
5.046728
15.623716
5.690031
-6.229156
-3.152320
-16.303326
11.285376
10.046325
-6.781525
-2.107073
-2.262430
23.872494
-4.672550
-5.625678
11.062469
-9.307778
16.450045
3.223637
3.535821
8.432841
0.999650
20.389414
10.132954
-1.735586
7.518081
10.793946
17.662691
15.349966
-7.909500
-21.591593
6.081884
0.237249
10.998360
-25.680910
-5.090285
-0.053121
-6.779135
13.704885
7.208413
-0.396295
13.198976
-8.812990
-15.666769
15.154927
2.607962
4.255570
24.173145
6.850346
10.815342
19.088684
18.074192
8.482855
-10.082906
10.070615
14.695730
-13.163965
20.961882
27.309565
3.749810
20.634645
2.891809
7.978413
-11.357469
-2.223513
19.439566
18.290825
-11.145333
0.395341
-0.046941
-18.574373
9.656694
23.505438
21.426895
12.606370
16.625072
12.623452
-9.868592
17.937605
-6.570832
15.775034
-23.239527
16.150650
7.050401
18.485859
-0.127421
-9.456610
9.260464
13.935024
0.043024
-7.402030
0.064394
-1.726996
-8.830899
10.047464
2.117386
14.666243
-15.292571
1.275585
-3.218682
-0.064651
-2.113957
22.331200
-18.945816
22.577335
10.780061
-12.348597
32.761578
1.302805
27.599020
6.127118
-11.668185
-14.573910
-17.098183
-3.105577
-1.433438
-15.132024
9.162420
15.326992
-13.182486
6.529614
-22.699181
11.154922
7.692955
-16.703514
-3.105609
-2.147327
-8.051096
14.539689
19.308693
3.513405
13.203333
25.585785
5.135027
-5.554725
-29.108145
4.775086
15.870822
25.540150
0.964428
17.336334
0.177220
8.192023
2.566793
-2.688251
-0.251577
4.380970
-1.932438
16.152702
0.218336
9.957652
7.067139
8.440742
7.597800
3.214145
-6.032539
-2.460740
12.529981
-16.742447
11.513550
-4.974474
-15.785843
4.912598
25.985340
12.100787
-2.304280
0.120842
18.243486
-3.109051
14.517244
-7.846113
6.716385
23.083284
21.542101
6.263096
-10.352374
36.104733
7.009292
3.057307
23.759569
-10.783084
-11.221736
8.914171
15.037029
19.533125
-0.461687
8.809293
5.022813
-6.751971
14.384334
-12.049167
2.641962
29.937958
12.506260
4.412496
1.310434
14.364084
-1.659404
16.116158
13.389032
13.319129
0.489510
6.212342
13.809800
24.193470
-12.462188
0.585207
12.852714
-8.931715
-32.947636
17.804314
30.780609
-1.837461
-3.586715
0.322489
19.270472
-1.676308
17.503119
-17.038803
-1.486468
7.442099
-13.649679
-15.929691
16.195051
11.139133
13.347126
-1.695641
8.904364
-14.880922
-27.717182
2.625220
2.224563
7.595867
-20.662775
-4.934382
-9.341831
-3.356199
10.893965
-16.467651
-22.452801
-7.141116
5.209982
14.071645
-7.620437
8.568871
12.693884
-6.126899
25.151525
1.033535
8.849877
15.217733
0.771344
6.177120
-5.134259
18.356655
-21.145090
-7.291763
-8.041391
1.133811
3.897887
1.354787
-28.292845
-13.698796
-3.524690
4.804058
-10.740602
8.287492
5.422419
-4.176137
-5.759886
-1.302130
3.320183
16.178564
8.167690
-5.145872
-2.874165
13.415889
-3.778213
-17.476242
10.738719
9.035487
-7.693637
-5.894922
-2.465342
20.404636
14.821916
12.871722
32.662109
-17.067707
1.566833
14.756846
1.906241
-13.898903
-0.589719
4.729891
10.516015
31.842730
7.482038
-11.124868
-3.762976
18.444277
-11.138071
3.881533
-3.411578
4.207909
-7.386747
21.959318
-7.439244
24.873182
15.643684
17.007893
7.155565
-3.264547
-3.015387
-20.430819
34.461288
6.173373
-12.079348
6.186311
-12.576931
6.003412
25.905695
-14.935205
-13.282915
6.459154
14.577942
5.752275
12.195292
20.317839
-4.753618
-15.088048
2.496006
24.468468
5.590920
8.938529
7.893591
-1.614738
20.279621
-11.111892
28.592089
-3.925517
1.952804
21.185879
-0.790628
12.308468
-1.664064
-4.877499
17.887486
-0.744864
0.654045
6.099782
8.843483
-1.042909
11.789460
7.105968
2.583420
-12.237537
-0.743250
-6.639832
-6.606854
-23.168007
-9.771719
9.260180
16.785849
10.362516
-2.601736
-13.157050
5.532565
0.295731
-4.439490
23.624352
20.429575
2.531076
3.608355
15.019231
-14.838456
10.872361
37.257793
-1.416484
31.192495
10.143525
27.582727
-0.258288
18.172308
1.884571
19.551790
19.789824
5.191319
-0.239420
7.138811
-4.772443
-5.188938
16.303488
34.682781
-23.810877
-20.988256
29.851192
3.966902
-15.913202
0.359850
-2.640734
1.531048
17.787285
-10.051596
27.598408
16.604574
10.453999
-18.240101
11.790155
14.447450
-6.813130
-14.271533
-0.781321
13.905622
7.269141
6.788172
6.668069
-11.583296
-4.296004
-5.533360
-10.298229
-2.886540
8.481215
-0.324608
-17.958231
-15.525275
27.627331
-3.343160
0.996202
10.879211
-12.905599
0.393048
6.716325
-1.786314
7.282842
16.836967
0.579139
19.242754
-6.025447
1.585765
1.674961
-10.141531
23.075153
2.695371
8.947641
-27.661263
8.217722
-0.908268
-0.864179
7.101342
22.162123
20.338018
7.891129
4.770981
25.050064
-1.050714
-11.021098
16.876368
-7.870453
-3.241044
1.072964
0.335569
-10.272345
-9.985738
-15.589640
-0.433162
-3.507533
-14.973433
-9.258450
16.344353
1.607306
-6.245754
6.241571
-11.172170
13.303883
13.643759
-5.839118
4.993690
19.422661
-13.536083
8.297915
15.360056
15.425867
-9.105492
-14.110514
4.869959
12.980033
-6.073387
6.481127
8.821032
-12.334096
12.424212
20.095282
4.940447
-5.282467
2.875342
-26.380301
-11.574001
10.392136
-11.633199
-13.118057
-3.270138
12.564604
-0.120485
17.032431
-1.225166
2.027778
18.916126
-4.744193
30.054375
29.563883
-4.193198
-5.935590
-6.427197
2.949632
-5.950758
-4.135640
-9.878130
7.464959
25.727156
2.655139
-2.373613
-7.408406
-4.644161
11.167225
14.886209
1.153352
2.326290
12.430026
26.599545
6.373956
-29.067402
5.443119
6.245790
-5.685788
21.383015
3.167446
33.324215
-5.095599
18.643183
15.927936
-3.746219
2.280967
0.894844
7.524414
7.776914
-15.262121
-11.810405
23.647665
-7.871921
14.072466
10.358771
10.040179
2.126077
7.021959
20.659754
-14.084411
-9.143276
27.346848
-3.280350
-1.516016
5.554638
-10.453207
-6.115337
15.947669
18.451792
9.973344
-2.322010
8.156756
-6.308043
5.421735
-4.299984
-2.132840
15.129953
8.431898
8.463542
-14.264172
-5.282435
4.300099
4.082154
1.286648
14.930442
-20.087124
16.575081
-10.560939
6.762279
0.485053
11.130360
24.527462
20.789118
4.532749
5.521059
-12.617341
4.460205
5.872145
0.208427
-4.086011
3.889532
11.024112
13.887264
2.041806
-4.020135
-20.628294
22.088945
12.646516
-3.691734
14.952416
34.842075
23.251785
13.060286
-4.287224
27.470972
-2.321513
-15.199895
1.234336
-12.857951
-1.370521
-1.201185
8.413784
-9.514930
3.158887
13.545541
2.330887
27.527174
-0.230060
4.144394
-1.707311
10.940794
-22.395002
13.331088
12.793870
-2.975940
-13.829490
-9.244539
-0.690284
0.253924
-13.886594
3.447239
-0.683289
-21.814871
2.318337
27.420639
8.781549
-0.264806
-15.754663
-19.206837
-13.586983
20.550863
-13.138073
8.254951
0.736704
6.494939
-1.922226
-0.760676
1.644401
-6.597186
5.571149
-2.929396
3.760381
-5.267157
18.721243
-0.267960
1.114378
-10.852160
-5.507850
-4.706688
-10.248373
-9.996332
36.069683
-2.416946
1.661416
20.451298
6.372735
1.081533
1.133913
-10.517520
-16.282934
35.661705
-0.251727
-18.405693
6.905279
-10.451166
2.174909
8.287787
0.352804
7.133256
24.398857
-5.488778
-14.714958
10.852004
6.122471
17.409477
20.322357
-26.785181
6.056456
5.092495
-5.086296
8.662157
8.172111
0.521920
-6.376745
12.543357
15.645755
4.679873
4.029601
-4.376725
-8.405018
29.682878
-1.729223
-27.473989
18.874891
-12.902064
3.037081
5.069059
-18.341394
5.839532
7.582487
8.126559
18.018007
4.328998
0.164626
9.244671
27.324760
25.808062
6.173219
7.393167
12.666425
7.109590
-1.619962
3.988354
7.068839
12.126864
-8.183474
5.427994
7.693647
13.468472
3.897535
5.918049
9.742909
-5.596452
-7.408212
33.233250
8.680579
18.297863
-0.602695
-6.686810
7.052930
-13.231844
1.141872
18.773636
3.973350
-1.790124
0.276439
4.227523
-3.556263
-0.908289
11.233145
9.241242
2.289298
13.976245
21.611612
20.493393
27.249779
11.569284
21.284739
3.021786
-18.265966
8.861969
3.974701
1.136904
35.971722
-17.209539
-21.676432
-13.289582
-3.525868
-7.088652
20.914141
6.857866
10.081533
-23.492554
-25.054573
-6.233848
-5.359035
1.911029
24.346287
-13.787200
-0.291639
1.212039
6.715966
-5.882722
-0.344160
-4.535823
23.976364
4.248212
-8.397927
14.122133
3.551678
-16.890903
-13.069413
-7.576039
12.302359
-16.874853
20.459118
1.777793
-11.187201
9.683735
17.907717
0.007078
1.607869
-10.332280
-4.738770
-17.128590
6.003053
16.311937
-4.045230
16.042683
-11.897413
-0.171488
32.367973
9.489676
15.562848
6.474859
-6.351261
-3.170948
8.793903
-4.788070
-3.836714
-5.436718
6.652971
24.335264
-5.663728
-15.345305
-23.597494
-3.191427
21.330370
-6.654164
12.866791
14.248026
-6.450517
-3.444730
8.565587
10.262376
6.377781
16.287300
-11.021092
-6.917250
-9.204029
-0.775552
7.675643
-12.809367
8.804454
-6.925059
0.347635
16.566254
-3.411254
-19.851061
12.649026
-5.929835
6.008013
36.111557
11.967242
-5.786199
-23.566740
5.170165
-16.256138
7.207110
5.959225
-8.527232
-3.808897
15.370581
-12.867661
-15.455854
15.110082
-1.536824
18.373777
1.076169
-9.905927
9.979235
15.736249
19.448977
-11.582290
-10.778008
13.977477
-32.962776
21.057644
0.230524
-1.964503
7.484344
1.036551
-2.873851
-16.749643
19.289646
-6.071908
16.862213
-3.409332
-5.338214
-16.322886
13.964588
6.479478
11.423200
9.441722
14.059484
16.034870
-10.036202
-2.205385
7.237621
10.493680
20.347481
4.613766
15.024948
-10.567016
25.637228
27.857319
21.419701
13.052578
37.149654
10.693300
-21.319630
10.253656
12.719934
25.922688
16.049337
-2.654392
28.349928
17.289288
9.123687
-3.291624
7.532896
-4.016791
15.062388
-3.439765
-4.149883
21.324842
-9.488604
4.809175
-9.492706
-13.917121
2.304096
27.721598
-8.775771
-0.001596
24.014170
15.390030
-11.805449
5.743618
14.296974
30.196022
9.021497
0.333332
14.712844
-7.148427
-8.897286
-1.768629
-0.110191
-11.437078
16.214045
6.401118
2.172149
7.235923
7.986670
0.896023
3.917389
-2.507314
20.708984
-17.800735
-13.004746
1.307572
-11.952984
-4.573578
-0.679928
3.048702
17.916273
-6.223508
7.079401
-8.249118
23.459858
8.330738
-18.181154
12.708309
25.888672
-6.918734
16.913586
-10.369924
12.794245
8.372226
-1.689635
6.305701
-5.687702
17.416473
14.083385
-10.700890
18.216003
-2.040186
-2.859575
40.789032
1.360597
15.098809
-11.599771
-8.565952
-11.809846
-9.516006
18.738777
-2.692098
-22.080177
6.148817
3.569850
15.821348
-0.202924
7.042785
3.697613
-0.568900
-13.013618
-15.837097
-0.067939
-8.288181
2.338301
-0.840179
-0.307379
7.463021
18.957008
-17.615574
22.774221
5.925375
-3.197668
23.489431
-0.873547
-11.555229
24.212315
-21.978226
5.535458
5.286092
12.523026
3.893095
-4.576849
16.897509
-6.692407
-1.852372
43.311520
7.645681
-1.543409
4.123216
-12.363260
18.885620
0.589912
5.864601
5.071141
2.715115
-0.453212
-6.372711
-18.908669
4.263104
-18.692017
-13.063565
-8.668930
-13.757475
-5.323112
-3.430459
11.333744
19.148699
3.386203
16.095579
-7.607450
7.410982
3.501446
-5.713675
-10.846980
14.882412
-2.760064
-24.227026
8.066934
22.645700
-0.867278
15.170630
6.742115
11.147433
12.144405
0.328972
-1.486577
0.423753
10.041537
10.023088
24.577475
-19.337101
-3.052138
6.833854
-7.569641
-3.857911
-10.050545
5.116138
15.386730
5.218547
16.249891
37.329357
21.997955
4.381011
1.329811
7.405766
-1.902711
8.054279
-4.197009
-13.494047
4.326781
-6.614192
-12.221813
-13.196451
-22.962143
-4.711728
-6.045397
24.348280
3.962453
2.387311
-23.891277
-21.282108
16.826488
12.487881
-3.427320
0.163155
-0.369234
7.115355
5.747462
-1.861865
30.403311
15.236160
11.800526
-17.848228
-15.598627
1.520815
7.170485
-9.800918
14.651293
-12.204381
5.350229
5.312030
-20.941473
-3.168441
4.537586
6.615677
-8.886842
19.757215
7.660715
8.898191
6.341044
-0.741597
0.470038
-4.513190
1.054886
16.912022
-5.224587
5.400826
-9.734406
22.763432
23.161955
-11.137202
-17.004414
-10.324724
25.524532
8.069870
2.001469
-1.010849
9.414488
-12.387124
-14.015836
-0.691237
5.602524
-13.591052
11.236753
-1.515464
3.641545
10.955976
24.264427
-13.565281
1.836442
2.512466
-1.575067
30.536501
2.189841
-1.749721
-0.938392
-1.706028
-9.082524
4.651669
-4.788812
-5.401989
-4.728544
-8.989731
20.657898
-1.468158
7.795128
-4.955518
9.061890
17.099255
5.394163
8.720590
6.950314
12.236531
12.912461
12.780631
-15.315435
-9.785846
-7.530182
-3.601980
39.203835
8.244233
-1.957536
-0.408032
15.109298
7.574932
11.893117
16.520803
-6.181281
-0.285231
15.196414
23.643179
-12.867152
8.184162
-9.113778
-28.699156
23.679674
15.940050
16.491638
-5.917687
20.684643
26.347925
6.521020
17.948696
10.373795
4.512657
5.473298
-0.416441
19.471769
-3.558806
5.505095
35.863491
-3.350038
6.444953
-17.955748
2.346164
-4.908504
5.524715
-3.222094
9.454054
-6.165449
-11.946698
26.442112
1.345743
2.617469
-16.945761
8.887725
-13.849067
0.302566
-4.990240
12.089620
-14.125662
-4.699214
-3.544584
0.284802
-5.072069
-10.388625
1.180884
-5.961911
27.499775
6.900522
3.397555
-9.184250
-10.120633
-15.352844
-4.860153
-3.293762
6.536301
26.560982
9.722698
7.211895
-0.287365
13.214399
0.416325
-11.267820
9.789454
9.564821
3.420796
-5.561740
4.463058
-13.258965
5.357619
-6.603388
-0.331742
19.206970
19.129980
-9.144394
-13.406888
1.187262
14.954988
1.950552
-8.768442
7.722163
14.711542
5.779957
25.431938
2.871793
6.855731
11.881362
-14.173120
21.145720
-5.171869
-1.611516
15.388879
28.236345
-8.876617
6.348045
15.048459
16.725370
2.776407
15.011496
-4.050892
26.804977
2.779104
-3.542142
-2.484103
-5.720708
6.408537
8.148740
-5.438807
9.278737
7.133238
-0.482073
20.448324
-13.744412
6.831340
11.549324
-6.908102
11.073353
9.553786
13.813904
5.395679
1.642619
20.646353
5.136403
8.318486
-33.668495
-8.467175
-3.481927
-0.731838
3.239068
2.610289
-14.299024
-7.496800
-6.329180
-3.641817
21.517752
6.558780
7.025938
-14.965633
27.040300
-6.470330
-1.837000
6.107586
19.738167
-13.174627
13.251399
2.332461
0.240728
-10.271424
3.074161
36.572853
1.486834
6.543914
-3.383188
-0.400231
6.382937
26.742599
14.920094
-4.206624
-11.866385
-7.442681
13.562451
3.439186
12.469656
14.627976
25.710670
0.337010
-2.471367
15.095320
3.509580
4.409190
3.787997
-21.352564
16.637371
-4.374435
-7.564211
-2.317312
-11.929683
10.286263
-17.766174
-1.677986
4.495365
11.904780
7.827814
-2.518124
4.311708
12.361798
-4.076087
6.193720
9.250549
-29.524614
-7.051768
1.720288
-4.206888
-14.314071
11.683752
3.951687
-18.065529
18.458710
6.283920
