0.748869
-9.190717
-6.466188
7.573565
-8.774757
2.278256
-3.238342
1.807411
-2.146489
4.138088
4.008349
22.533804
-9.715953
20.247009
3.888473
-6.091828
19.309395
-4.465892
19.361307
1.046734
15.392232
1.721991
10.982733
8.582868
-0.738056
22.496292
-3.016917
4.467892
-10.786707
11.467087
7.177031
5.269201
16.184380
6.115849
-6.801857
-4.390270
6.015244
-13.227783
8.631670
-2.076406
3.656177
8.479991
-9.436075
14.842343
0.647016
2.630672
0.508159
10.526689
6.575521
-9.533465
24.392784
-10.477310
-37.196911
-5.664205
19.198938
23.128061
5.417268
-13.114670
-3.072596
17.913918
0.569110
10.195817
3.719162
15.162579
-9.414685
10.083366
4.156774
6.046299
12.932199
2.336378
8.418360
-9.160019
8.609991
12.397231
7.898292
17.319151
-1.038195
4.616451
7.537769
-5.066638
-23.560400
-6.543131
6.807989
-5.390075
11.192689
-3.030501
-11.697357
-7.167626
-12.755753
14.607250
-15.969228
-4.454271
-4.445221
-1.927083
-4.818659
-0.687461
-6.058118
0.393407
-2.032833
0.373563
7.224363
7.755472
18.779345
13.388012
3.170703
-0.309726
8.752838
-4.307177
-5.804450
16.030519
17.392210
-20.460999
-8.203328
-3.648709
-3.437261
12.324943
-25.114849
2.404908
3.963276
20.994963
-30.963619
-15.872449
-11.496197
-4.047744
9.043795
18.158743
13.804513
-19.624941
-4.087293
11.165133
-30.352022
18.372883
4.863449
18.308014
-22.260836
-5.935761
-2.373514
-6.650633
-5.569993
0.697045
15.633091
-4.074495
1.800744
4.051480
25.482565
-17.918951
5.280272
3.222235
-1.219857
-7.476535
16.727171
1.151080
1.142374
4.400425
-12.092807
-0.523201
-21.036917
9.670755
-13.316046
4.144269
-1.803696
-13.752105
3.962257
18.050873
-5.571150
9.807920
10.823112
1.418908
-20.416639
-21.780771
-19.142706
-1.431447
5.651749
8.936104
6.460002
11.968752
-22.149443
-16.380255
1.843921
7.671523
-1.582802
13.453445
11.758307
9.975293
-14.024740
-7.223860
-3.027751
3.519392
17.543089
27.527876
10.807282
-2.491604
17.814932
-7.258104
-2.862734
9.719429
4.928710
9.315015
4.341128
-4.555560
-1.280336
-3.704079
-13.598599
-11.669218
2.480760
4.416719
-12.531606
-20.405594
0.652818
22.323483
-14.276983
18.644531
-12.757829
5.487140
19.916117
-9.889313
25.209053
24.122854
8.294506
-6.857798
10.750846
6.617452
-2.317348
9.680054
-0.961322
2.630959
-5.204665
-0.955240
-22.078875
9.320524
0.890970
0.706972
14.115195
-5.069068
8.717533
-8.990904
3.554750
10.944125
-22.968941
6.599494
-6.888114
37.695465
2.062522
3.386262
-2.309380
2.170820
-6.645802
6.519399
24.855701
10.761710
-0.464358
14.705311
-9.905648
-7.139839
-22.527351
-11.161695
10.539863
-2.801524
-2.311099
2.820520
0.900260
11.988329
3.987443
7.866363
-13.729151
-16.481552
-0.936582
11.363655
20.553555
-1.557581
9.850904
0.670286
-10.402348
-6.406004
-5.068834
24.318972
-7.162504
-2.462930
31.920494
-19.711622
-9.932874
-9.422674
-4.409993
-10.964989
6.014599
11.943216
12.542039
35.831791
-9.333848
0.019257
14.885994
9.463495
-8.507222
-16.381617
-0.417954
7.686327
8.685681
20.701284
14.724475
3.649471
13.316669
6.008070
22.292437
15.139101
-11.590619
11.792167
-9.820216
10.102742
-10.746537
15.435578
4.242886
21.751089
-7.731951
-10.902747
-6.233708
12.291155
-11.097196
-1.796876
-8.019782
1.969327
-1.466130
-8.540639
-4.043884
23.663055
13.759987
4.400180
21.931824
-5.983380
15.147598
22.014952
2.143042
6.463479
-13.431485
-0.179320
0.184649
-26.437069
-6.208355
18.115358
-17.994270
4.993264
-5.957405
6.110796
0.014605
-18.848572
18.798149
18.403381
3.058649
3.515185
-4.122890
24.812658
-12.352865
34.396175
5.782125
15.072623
-6.261395
-0.161425
13.213780
2.341299
8.393172
-13.205757
11.401855
-4.415905
7.857801
-5.152605
5.073920
8.391848
8.569459
13.048032
-10.209308
9.048515
19.581369
2.913857
12.868381
-2.419264
-15.287506
19.644779
11.401101
-9.138544
12.336270
-5.391422
3.197203
-4.768227
17.998726
17.018286
-4.090019
9.830802
-26.787254
-8.576479
17.860561
10.469677
-0.840307
-3.654141
24.343657
-13.803343
-4.755884
9.420187
8.611267
-0.536877
14.986039
10.825982
10.011368
8.225183
16.923536
5.099598
7.424725
4.623324
-13.012172
4.958524
16.633501
26.466396
-6.897153
-24.485022
18.874031
-8.385774
-7.404496
8.168629
-6.622628
8.761074
-4.090084
13.871181
1.281851
9.422359
7.945767
10.627443
-1.432914
20.877264
5.648152
28.328512
23.947750
4.045959
19.034922
-19.328785
-1.977450
15.959951
2.893457
11.723954
9.581451
-11.153090
10.218110
8.552239
-4.447236
-9.294261
17.770521
-1.485060
-0.379087
9.914760
1.856424
4.864430
21.870806
21.278734
-4.670386
4.984292
3.893277
-4.033657
2.412596
1.388337
-14.133268
-1.669364
11.368813
-9.069819
1.489992
11.630470
6.335815
10.172734
15.853441
39.240482
-9.453511
10.184417
-7.243022
19.267401
-2.356255
30.514221
3.388315
3.849612
-3.965407
14.984096
15.563069
6.634512
3.487388
10.250002
-10.452382
0.854617
-30.303513
-2.907295
6.118374
-3.177528
1.772776
27.718508
0.393778
-12.585904
6.783146
-5.071782
-0.500204
0.398535
5.489091
0.638747
6.520479
4.723986
25.850107
9.955246
-21.234768
16.298376
-7.140238
-3.129676
23.720865
-3.205298
27.548786
-3.888777
22.661814
5.324296
-17.156975
18.680073
-6.953343
33.346497
29.535709
-19.958151
-2.440455
-4.140452
25.921034
11.806940
2.910805
-19.912077
2.287264
21.098085
7.611897
32.273613
16.134205
-17.971519
11.775614
-4.551531
5.526095
10.675926
7.467767
-7.351242
13.734320
-18.572811
0.910986
20.462849
13.712180
-9.672634
1.801421
-5.024055
3.811959
2.786962
0.676452
2.925033
5.814922
5.305029
-5.541949
12.191772
9.143616
26.326056
3.082557
9.387135
-0.111489
-9.392647
14.767328
22.241575
14.491529
4.530026
11.288355
5.322299
-2.945070
-11.718328
-16.943100
-5.102400
30.768147
6.671227
-17.580673
-3.226029
10.428727
9.473487
-5.015334
21.960230
13.441067
2.082916
11.533809
21.154436
-6.907135
27.577885
13.675857
5.738310
10.947023
17.931564
9.734591
5.097557
-15.167375
22.763308
8.374880
9.797309
6.047785
-1.099522
3.656788
12.386519
11.896338
5.864038
8.038310
9.106166
-4.006469
5.624435
-8.282865
-2.575392
-15.072450
-16.756392
-3.669443
-11.446312
19.282877
33.585518
23.954584
-12.396128
-1.898169
4.045446
12.252536
3.118813
-4.524688
-26.743179
10.677549
-17.406235
-6.885581
11.238186
-0.471116
41.542377
10.524394
-5.483215
16.361132
14.933084
0.856446
7.819292
-7.302069
-4.881796
-8.266174
-11.763270
12.006700
-14.838597
15.894393
3.487075
-22.055157
22.401289
0.931152
8.926927
-8.849338
9.100711
-16.211361
-5.414897
-3.120268
-2.171644
4.810899
-3.220602
-1.695166
10.512004
1.069538
-0.095970
-15.785574
4.733267
-17.844273
6.336238
6.213887
-3.158289
-2.905902
15.771837
-8.857682
-2.443372
17.799829
-7.343337
4.819791
18.246641
-12.486049
9.998595
12.231180
-11.727125
-0.872900
1.966223
-13.490901
-8.708084
-0.317609
0.993131
-0.801633
-13.531213
-9.677991
-4.367742
13.361916
-5.355951
5.976350
15.835053
8.526309
-11.250415
3.142648
4.507497
-3.765952
-4.133066
18.935781
2.965545
-5.792975
9.298070
-21.936069
12.177059
5.665267
-14.597174
7.418666
0.355746
4.477048
12.829280
-9.872601
20.429745
15.860106
-11.107581
4.844107
6.711959
-3.548787
9.359471
-1.033083
-14.476448
5.783309
14.881864
-2.897900
1.736371
-6.363333
0.656251
-6.385546
15.629524
21.847498
-13.456773
13.299164
22.044664
-1.122248
1.867396
11.654753
-5.575609
-21.498091
14.596658
-11.690709
4.438298
11.574124
-22.605783
17.001694
12.276014
-20.092060
18.540829
-22.826128
33.200829
-8.485498
-13.446996
14.884336
-3.453287
-33.688305
33.413361
4.485268
-4.831873
-1.794033
4.551570
-4.961658
4.486790
-4.533559
-24.402718
-0.142547
-7.247821
-2.202162
2.848415
2.742960
40.725742
-1.964529
-0.604160
1.127316
7.951478
11.197834
-4.038830
-3.607270
-1.563561
10.134009
-3.696257
10.217979
0.506986
21.091021
12.691219
-10.091733
18.083126
-19.471788
4.961275
-4.515572
8.634528
8.466277
-25.153824
2.477067
54.124992
7.901086
8.374741
-6.676241
-5.621211
24.582598
5.795058
-16.180285
3.879225
22.627537
-11.793496
40.547798
17.952295
0.273750
8.342037
5.794337
18.567184
8.674511
3.917676
9.444777
-5.906386
-6.316752
2.325583
-7.792547
-5.977277
-11.957795
-20.388323
6.496907
9.045706
-6.756310
18.335102
0.746135
6.482190
7.123166
11.827967
17.746920
7.776533
12.063644
-9.618438
17.039043
18.117685
-3.080039
15.721163
14.087082
38.390976
10.303221
2.584146
7.529381
14.180142
-7.100926
-1.623004
3.470985
25.775227
34.423050
-8.030727
10.696839
9.389892
-4.506343
9.361437
-5.928164
6.138181
-16.806717
0.463163
-2.295854
16.202452
-15.094492
8.054131
13.950518
-5.105476
-18.002945
9.794014
2.125618
-6.170623
7.122355
5.264665
7.288881
-33.779903
-2.347188
-4.841612
-5.744230
11.928751
4.766686
-0.366206
14.469004
-10.247376
-3.873832
-6.135962
-1.732005
-6.068451
4.603045
-5.966115
9.268633
-2.966837
11.774340
15.111526
7.774268
10.857311
7.586930
10.215031
-9.105392
11.385424
-6.704243
-0.219484
4.048431
2.463923
-9.562983
7.191400
8.770565
23.623886
1.445605
14.896949
12.289491
4.366859
19.485065
10.845721
-15.157654
-8.361128
-10.395698
14.300603
-3.005506
-9.699810
-13.962360
15.570080
21.206501
-11.304244
13.991403
10.924540
-2.754358
19.746746
-3.009377
12.277044
-16.010969
-9.979074
4.904790
-24.316265
-11.635421
-2.479611
-0.729443
-14.734360
-2.224209
1.418338
17.391314
30.932463
-10.964659
20.117975
-5.307434
22.314322
-10.101674
1.805935
-28.106295
-6.263928
-10.879151
15.529988
-14.862159
14.814171
17.563284
-12.220026
-6.807724
15.689906
-3.174340
2.039602
12.314796
-18.575729
5.079530
10.049467
-3.539931
-7.151861
3.222502
18.537182
-9.458951
9.279015
-11.915246
1.946206
21.839134
-7.839358
-21.257385
-2.630806
-9.852724
-8.360121
-7.267278
2.525560
8.669488
-1.450606
-31.603371
-9.311435
12.597377
27.188835
0.977874
-11.495195
-5.557839
4.214328
12.536948
8.362475
9.534691
-11.727476
7.708088
19.612120
10.118737
-0.952052
-7.521716
19.154615
-17.036451
-5.198661
3.173021
-17.586969
1.642866
3.383893
-7.926267
6.929465
9.407560
-11.337882
19.852697
-12.430492
9.453808
10.449623
-12.639615
5.734102
-3.308442
-2.635563
11.406001
12.963757
0.396009
12.652349
-5.839303
10.151685
25.861845
-1.063868
20.410358
-13.570777
7.786316
29.454762
-17.222179
-2.396573
4.585835
4.073150
25.228046
13.900146
-2.663841
12.783853
-10.660017
5.062203
-2.994852
10.045420
-0.504783
-7.116485
14.027066
-10.478371
13.812294
18.655901
20.616468
15.366742
-1.245878
10.048779
-11.146626
10.347868
14.174547
1.293476
3.444697
15.692163
19.842428
9.059209
0.027684
-14.692952
-14.742749
6.655073
1.540072
9.686302
9.622039
3.551409
8.725096
-21.417152
16.531963
-12.409873
-10.631944
0.231408
2.616724
3.699207
-16.942636
19.315866
8.395474
22.368467
23.550699
-10.732366
-8.499399
25.568430
7.415783
15.301260
-5.841226
-2.174280
14.125544
4.056384
-5.333674
1.150888
1.783134
14.106072
-10.947153
-8.375622
17.478487
10.539080
0.689432
22.865442
2.852131
11.586926
-5.561331
-6.739803
6.586468
10.155536
-30.679295
10.989483
13.336999
-15.110888
3.609326
-11.003294
-12.231570
6.197786
-2.345975
2.573694
9.668538
-14.380648
22.378290
-1.377527
-9.783568
1.466458
-1.033490
4.097584
20.297163
13.661166
3.606963
7.877721
17.208427
20.025675
5.936443
1.239704
2.943808
-10.634909
0.857712
11.608721
14.897352
-17.556822
-5.051864
-3.147518
-6.360958
4.244452
19.922966
-11.941432
12.621861
-13.715817
9.334094
-12.762189
-8.380418
9.774733
-12.471943
15.067762
-12.486969
1.097157
1.851952
-0.729038
17.865887
11.464982
7.271582
9.680087
-8.507065
9.557710
-13.437600
-10.871017
10.501344
-3.585984
2.449537
2.157501
19.866102
18.280281
1.219882
-11.984766
8.346705
20.741623
7.977704
10.384456
11.643489
17.369223
-6.971922
-2.457834
21.595535
9.457384
1.259325
15.402702
0.830172
-0.601992
10.689546
5.225971
-14.823456
14.471271
3.171667
10.992431
27.266998
10.947715
4.766612
14.048501
-5.338905
0.872468
15.099696
6.417237
13.207184
13.661695
13.246652
4.519342
-10.450635
7.976654
-2.149367
3.178071
0.336044
25.030352
15.222641
-6.458643
8.298238
1.931848
34.629299
-5.149576
1.273304
-4.490054
20.713783
7.920146
-6.061285
-6.477078
14.750511
-0.034519
20.365978
15.360255
10.577838
-0.832482
-9.970184
1.892095
2.664035
-7.241978
-23.484756
-18.791389
-3.384464
8.512824
25.546146
-8.073230
3.876478
-5.780421
-21.151863
8.786178
8.183161
3.140084
10.460707
0.869787
22.697847
9.970402
5.157972
-16.069746
6.655364
1.225000
-19.355555
-1.946498
7.447237
1.741981
-11.810300
4.485305
-7.259653
-8.667611
4.520030
1.681224
-2.041450
11.734571
-17.766954
18.129242
20.715300
-13.365200
-24.393356
13.271667
12.823931
-28.514429
-16.281866
12.426331
30.828426
0.748232
5.905640
2.693710
2.495477
12.195695
22.537603
-14.618448
-1.927797
-4.859857
6.489198
9.487869
24.708292
2.832039
-16.179756
-8.039470
-30.749296
-11.834721
9.218478
0.533769
-15.443583
11.237011
26.734859
-8.684258
8.191220
-20.835871
-20.834366
-18.624956
3.547503
-4.386720
-18.524839
4.193438
-5.860182
0.548293
5.813195
14.121224
0.882151
3.055376
25.933582
-17.054846
4.876393
19.376305
13.887277
11.902707
1.232147
5.640094
4.936041
-17.714136
13.569074
2.798163
-3.753475
-17.082453
4.363135
-4.341231
6.108476
12.653121
5.476172
-5.667696
12.179716
10.507239
7.754152
21.880661
0.806216
-5.003783
6.560977
14.916887
-2.268622
0.561319
-0.837530
-4.948984
4.104835
20.944206
5.395838
12.916314
11.966114
-20.310726
-2.285142
-15.579435
11.440913
16.619509
3.287252
-0.108098
-2.037810
-10.481953
31.857552
-17.973335
1.223781
-0.236244
-7.213088
-12.201598
-17.201134
9.924596
18.584570
-8.032292
5.779680
20.181332
0.907392
21.593637
2.937043
14.721864
2.345427
12.166368
1.266426
-4.284961
12.436829
-9.373899
-5.589728
8.175782
-7.800022
11.976917
-1.794919
-0.867366
27.671192
-7.427691
-9.438815
-16.998005
11.341698
4.744948
-2.646654
4.087777
13.834599
-0.207184
-4.989306
2.949605
-0.770057
-11.927623
-1.925420
-6.045894
9.368019
16.869850
-4.527133
7.273442
-7.101789
12.368221
-3.102356
-2.001362
-2.961992
11.430275
-10.514262
3.678622
-4.237807
8.515610
20.203775
-0.307513
8.640255
-4.349369
-2.028169
10.844928
2.510209
-13.722636
1.261772
-23.227806
21.689255
-7.141403
-5.189866
2.987232
17.242516
17.901205
-10.996698
0.000721
-3.578001
17.149792
-5.003647
-5.503085
3.723895
-0.714717
13.578944
20.148804
7.476126
12.168534
-6.367398
5.071852
1.031611
-17.292770
0.050410
4.573756
29.190306
3.353975
18.129448
14.172605
3.209215
6.461482
17.927347
-4.179738
-0.494725
4.009680
1.433880
1.525073
7.107122
-14.876136
-6.921229
-16.382246
-7.241683
9.605948
7.036787
-4.070928
-28.259195
20.268658
-14.990217
10.909369
-5.801587
-1.506585
-0.295694
-7.214374
-8.571209
4.828216
26.062830
-2.801851
8.253068
-2.912364
-16.777452
15.855131
11.661536
-20.363312
4.969581
14.840302
8.912761
21.414700
16.787657
4.212296
-1.395140
-3.372235
0.897769
-1.110491
-2.092723
-28.678726
-4.975519
8.589181
25.578442
-12.074225
-1.319642
-11.048695
-7.935040
12.337352
0.020842
21.614624
-13.526576
-1.964043
7.925076
-21.964331
-12.049630
4.098273
18.329918
5.885858
16.520710
-19.979019
29.826143
6.327540
-2.865622
4.043623
-21.175793
-5.511724
25.124128
-36.145519
-13.919959
0.917269
18.095951
4.407281
-24.362381
-23.521688
6.971057
-0.229528
21.153511
-19.058863
-5.133372
7.067437
18.688372
-12.712517
15.867958
4.936157
-3.888869
10.170654
-6.355258
10.525391
12.389477
-6.506999
-16.242311
-2.375777
26.771490
-10.436675
4.259921
0.739769
6.211636
-8.043035
-3.233079
35.420010
-2.776470
16.426193
7.478527
11.288432
1.967830
-0.971479
-2.978575
-6.830872
7.530691
13.784590
-13.808956
11.621886
-20.612219
-5.696768
11.940946
2.595111
4.356653
2.409568
-8.544973
4.069606
-7.156203
2.219415
-3.498211
-6.597491
17.701385
17.431087
-9.416208
-5.223406
4.134131
4.080478
6.731440
10.375690
-3.198639
0.513224
23.039013
8.814174
5.206976
26.466217
-2.349463
16.838345
-0.958413
25.534176
19.062580
27.379921
-2.012161
-17.187033
-5.994741
22.389805
-16.635012
9.943606
14.514216
19.930635
10.677691
-12.836108
19.599007
-16.852501
24.395611
5.541079
-10.567384
-8.085054
2.499119
-0.970978
-12.173133
27.694887
8.676394
-5.371555
-17.980721
1.261108
-2.349388
5.215472
11.756120
-14.352532
-17.075514
1.840230
2.809986
0.273346
8.451091
-6.173449
-19.909004
8.363296
-14.237485
-4.383695
-3.394763
8.686393
9.922765
-6.233848
-3.709830
22.503902
15.013993
18.912991
9.838202
6.836650
0.969489
-2.248456
35.549011
21.241224
2.674962
-2.413730
-9.654138
2.135224
4.417224
8.567638
-11.513527
-17.013956
18.819393
29.356886
-9.357498
-13.139055
7.142386
6.217210
18.569916
9.080684
17.111528
-3.668489
11.084199
20.097635
-16.126711
0.556605
-7.118494
5.039639
23.809736
-8.298075
-8.469087
-1.419719
13.427854
5.114883
-4.739172
16.135063
8.369085
5.783576
-1.012876
4.162822
12.707636
-9.377657
-16.962889
-6.027674
4.510368
-0.551258
8.942962
21.081604
-15.731228
15.101296
-14.108753
-16.639505
8.014933
-17.817951
11.189976
-2.530032
-6.060324
-7.462646
12.327620
16.024139
1.461549
8.355424
-10.010801
19.829905
29.895784
1.994784
-3.507463
-23.606844
3.688019
26.951832
-12.175268
-1.188749
0.852615
1.328570
5.268557
-1.151836
-4.236930
-1.641921
23.582699
-17.917786
21.880978
11.163642
1.536715
-14.238616
-7.254504
29.284075
-5.677451
12.142564
-2.666916
22.700462
-4.863868
-9.720009
-3.314031
12.558741
-3.298972
-18.533939
1.222156
16.622253
13.121248
14.326123
23.458765
8.240440
4.502877
-0.688674
-7.341472
-7.482323
-1.946988
1.883804
-13.509541
-1.109437
-9.215487
-1.369154
20.785215
19.480032
12.057108
6.428613
-1.440887
-3.158863
-0.138210
8.088839
-2.567845
10.216936
3.832906
4.355088
9.415639
11.030232
-14.340831
8.451216
2.615940
-5.024461
-5.354268
14.227570
-4.535301
-2.574707
-22.445652
0.781509
-27.376181
25.255836
-17.774282
-11.171912
-8.349483
14.232739
-3.910887
-0.363152
-0.095710
-7.398743
11.898705
15.712466
9.660830
12.128948
5.436778
-2.279344
-0.103982
-4.418002
-2.646589
-11.059852
-17.482761
26.642609
15.734030
-29.850121
17.415522
-4.899176
5.163639
-28.773525
-11.420888
10.946212
5.579905
8.250758
14.783542
0.046898
6.203994
15.443221
-17.550241
-3.277398
8.727435
-8.106835
-23.981422
9.816254
11.599718
-0.832038
-4.683073
19.925989
-6.314971
-2.451283
20.000256
-11.729338
16.000360
11.070700
16.933470
-5.451943
-8.018968
-16.025099
-12.774470
-10.530407
3.621215
9.873705
-1.474883
8.216180
-14.001253
-4.295791
4.505477
-8.230227
-22.921995
-5.405453
-2.996151
8.319952
-2.161689
-12.563429
3.474191
-8.978248
1.087012
16.678581
20.909103
-16.607941
31.715267
-12.104897
-5.573269
-19.181396
4.244094
-3.577911
-2.862605
6.123938
-1.381374
-6.044661
-11.567413
-1.440475
-1.272229
21.612700
-16.675766
3.557245
24.264610
-16.297146
-11.032326
4.260805
16.963408
-14.291190
-1.319359
0.992783
-12.882008
1.599969
9.298624
16.289776
-11.456364
0.319044
-8.303483
8.849445
14.325753
-8.079645
-14.351781
-7.643548
9.898597
1.879886
-10.055245
6.039298
-7.436919
31.453732
-6.525877
-0.647183
4.782188
25.495348
8.289764
-11.764162
4.639675
-14.006146
-0.887199
-9.065386
5.543950
-12.793745
-13.270410
11.594625
13.980786
-9.465100
11.619792
7.832676
-17.432993
3.148869
9.174048
8.767097
11.842319
-0.967716
-10.666003
-6.263456
-1.452913
8.669494
4.438634
0.064241
24.923927
5.089968
-7.732388
26.824621
8.108781
1.689185
17.511299
-4.796067
1.967774
13.132160
8.370816
30.435575
14.157066
5.562965
-4.189822
7.216778
-1.188965
-11.648211
-7.718330
4.248029
13.573454
-9.310583
21.270597
5.916313
-7.056871
14.282100
-1.273916
16.249386
13.496613
1.730480
-20.378756
-6.506435
7.106426
19.354231
-7.646693
-1.747837
7.112092
7.445670
-1.435697
6.861027
-8.109268
8.928654
21.373030
-22.274012
29.706749
13.878181
9.583785
-2.528864
-6.188173
5.509578
-22.564440
-2.195587
8.121643
14.925777
-7.602718
1.854662
1.612793
-7.935418
20.565897
-12.234777
18.109587
22.981964
4.087371
8.060406
-22.372160
20.700338
-11.423611
-33.135746
-20.336506
26.370129
1.891917
-0.739470
6.182529
-5.467926
16.049929
-19.441053
0.896406
11.124396
7.650536
14.840350
-1.275973
27.463173
15.814014
-17.829643
-3.456336
25.675896
6.921353
-15.673812
8.798473
-7.543317
-34.943851
6.005124
30.150606
6.673962
21.290392
33.345741
-3.465075
9.110621
-4.170530
-0.096135
-5.934384
-5.795077
-11.243447
4.765362
28.767147
-1.929507
-18.898123
34.329193
7.719326
-4.257532
14.657749
-1.709627
5.252434
-8.487075
6.935194
19.308838
-4.258162
-12.023024
8.710688
2.982611
-8.026281
-15.880636
10.999790
11.092161
-2.440449
12.003263
9.327230
22.168999
-0.465453
-0.069844
-11.101764
14.645164
19.046185
10.272363
13.070045
11.324278
6.017358
2.143354
-17.416897
14.169875
1.190168
7.199417
-11.979521
4.949014
-3.623819
-18.028881
18.518953
-0.906591
-18.155436
4.534281
-0.311352
21.080889
-14.002067
16.913998
-9.634433
-4.293702
21.022533
-2.704354
-5.439883
-1.760644
18.512039
-3.699008
18.202360
10.138580
-1.588325
7.930893
-1.259891
10.249145
-12.274001
9.141047
-9.483292
6.910201
13.872403
11.675984
-17.844624
12.989395
18.879448
-12.718402
-7.947299
12.371181
-7.569087
-1.866557
1.352379
26.561949
6.042480
-5.620616
-13.857753
14.402948
4.511620
-14.043889
8.683945
8.018545
17.856829
8.275606
10.614697
-7.468472
-3.671027
-11.126421
7.477916
-29.723602
2.135569
5.892879
-3.451742
-4.888099
-14.182015
12.295666
33.439526
20.332275
8.220705
-20.575436
3.783129
-12.598498
10.502775
11.014210
-32.699379
-16.674208
7.537769
-3.891919
8.969606
-7.127298
36.378983
-0.784608
18.017681
-3.516444
9.480387
17.104439
-5.088054
17.860153
-10.831511
2.462066
15.356094
11.281947
9.804036
-15.116915
14.717713
21.454502
1.756183
0.706912
4.211126
15.767484
-2.288141
1.805482
18.540375
11.745811
-6.940592
14.379863
-25.884392
2.279851
5.878991
-15.538539
-10.550473
-17.325148
3.161055
-20.500029
26.726641
24.383745
7.780845
-0.699558
-16.451580
-14.727609
-3.369511
3.722889
-2.779555
9.086823
-5.839139
-0.540644
9.095884
-3.331007
11.716962
-10.978172
-12.016426
-6.339395
10.357140
-7.363412
16.607002
10.829539
1.127481
10.274119
-13.951907
-0.730581
-13.914364
15.375490
18.807055
-8.500734
11.870883
12.483533
10.907466
-2.315528
12.960116
4.688537
-2.886150
-8.263308
5.360571
-15.115705
-0.437357
-5.718736
-8.078302
10.273551
-8.873793
26.222273
3.331721
-4.008715
10.831430
7.649368
3.700480
0.301104
3.515468
0.598480
-9.704776
4.868437
18.215437
-10.628713
3.570724
16.930576
-9.754402
-19.632906
11.723934
19.571405
19.202620
19.860874
9.924147
-8.174622
12.004424
6.414405
-25.842911
-14.426801
4.519361
6.400600
14.950966
7.188197
0.695703
-18.002634
-0.045870
-6.547180
21.044956
11.624723
-17.974834
1.719842
-28.219009
-7.543321
26.154325
17.991001
5.112825
-4.377162
6.767967
5.822674
41.396904
4.817916
12.164428
2.525757
-12.932333
15.199158
9.397898
14.051363
-1.233532
-5.087339
-11.012650
4.767462
-8.427041
-2.070440
19.054428
14.581937
-11.859544
-22.506531
0.850112
15.499403
16.687763
-11.527341
-6.270676
-4.115030
-4.704730
31.029663
6.609017
3.846306
-15.197142
9.515581
7.357530
19.837641
-0.043915
-1.310896
5.971114
1.554806
-13.379287
13.604930
8.924325
2.631948
19.536636
-11.005230
10.138494
9.306830
-5.752706
-14.464680
14.762886
-7.838707
5.684905
-14.203622
-9.518162
17.950499
13.644074
-2.051630
9.241642
-11.609327
7.418529
-7.963649
-6.011614
-16.133051
12.866026
-9.555845
9.836207
1.757457
-4.522503
12.314759
-18.440014
2.395626
-17.478910
11.366626
6.833425
24.507469
1.064819
5.449783
-17.512230
28.763393
-6.329267
4.125270
-7.838950
8.649929
14.984672
6.278554
-12.501781
-4.214433
-6.525967
-5.674544
-26.880465
13.241927
4.060630
-0.834483
-16.303699
7.699426
-7.342883
5.583400
7.104697
13.451123
-15.172140
9.207367
8.189789
-3.096281
7.853877
17.781033
-0.215161
-11.985952
4.425385
-0.371884
7.037940
16.955454
6.090728
14.364424
-3.137490
-9.337518
3.161578
20.026705
9.580666
0.881518
12.903106
15.746024
12.269324
2.610454
0.300279
10.237038
-3.353255
17.892473
8.493890
14.261338
19.506180
-3.340828
10.893606
21.882097
-7.033731
-11.761293
-3.410545
-11.242218
17.298948
17.177765
-6.428554
-3.759948
1.042237
6.325880
1.978359
-1.350605
-6.469972
9.000881
16.941351
-0.684905
-7.925940
-15.472114
-12.496199
6.030049
-0.168173
9.882916
-3.148696
4.490902
3.691866
-2.804771
21.570238
-10.194195
14.257119
3.102397
3.498278
4.851437
-1.188608
12.423814
-2.134151
4.398899
3.481902
15.589041
7.155451
-29.879915
8.038289
7.367197
-6.387736
-14.664098
-17.408510
-29.611830
6.415715
2.470515
-2.434253
-3.266767
-10.472218
-22.214861
-2.414597
-16.051167
-1.653222
12.795305
25.336245
-4.145974
0.751360
-9.123250
11.632412
11.516222
2.685460
8.855486
20.938087
0.596193
9.088906
22.939894
3.811968
14.984380
-22.782309
22.314203
-28.841125
11.296201
15.480615
-8.502360
4.280498
13.701097
-4.647387
2.894574
14.298067
21.563904
-11.064900
9.231259
-0.053279
1.120861
9.559634
-15.943818
20.376245
-3.238041
-12.162179
0.089360
4.077648
4.438146
-10.209419
-7.431539
-7.443427
-8.892865
3.511439
3.579792
-3.668334
3.408510
24.543268
5.269339
23.681204
0.541024
6.606448
3.139906
-13.380805
4.121223
6.472097
-6.458399
13.688265
34.990894
9.571541
-6.539718
-2.412865
-16.677372
16.197481
-6.450396
25.906935
-3.483360
-22.451365
11.101892
-5.666194
7.487939
26.861370
13.566525
6.008835
-1.884553
8.382686
6.585101
-0.751270
-7.719134
7.595471
-1.292347
-11.845208
-0.053254
3.670582
8.260045
32.480061
17.161982
14.286904
-12.145682
-22.913353
-16.935675
29.322334
-7.401769
7.146661
6.382821
14.669238
22.733147
-4.979115
30.532761
-13.784074
11.883494
-8.012746
-1.890323
-9.955971
1.247956
12.854200
-5.974128
-6.456460
-1.967174
-5.180011
-28.214701
15.118001
-0.272070
10.198226
10.184879
2.455843
4.785685
5.541562
-8.743614
14.633640
20.502951
-5.692608
-14.604528
4.765949
18.086348
12.220786
0.344988
3.959066
12.204443
-0.093074
-1.276028
15.723583
20.124949
14.453043
2.332315
15.816153
-27.789976
-3.813592
-12.033238
-1.544974
-4.590448
2.064458
19.940905
1.248563
-4.707774
8.081397
6.611375
-9.472242
14.141947
-0.926305
-18.271603
10.882847
-7.045856
16.465691
-15.925091
4.697029
4.632310
0.048680
6.405954
4.238518
12.690202
-3.877810
-4.431084
1.410606
9.738311
14.434590
6.569468
1.347494
21.702757
-1.203324
10.798190
-3.285647
13.305053
16.222328
3.490324
11.798104
7.864906
2.028853
14.328775
-1.568422
13.333175
-3.048920
-20.257238
-10.527390
-4.596460
-4.765894
-3.552997
32.634823
-6.566031
-6.495660
12.195509
1.400342
14.469962
8.956884
16.730185
0.677097
10.163275
11.132337
4.267527
1.723331
-14.282295
26.784946
-15.065703
-6.826908
5.550465
14.584859
12.511851
-3.765410
-16.121990
14.873275
-1.882787
-7.024693
19.664473
-7.222431
-27.263275
12.057899
15.902863
5.406101
3.807271
13.251680
15.548999
1.635658
16.488970
6.216949
7.396655
4.637372
-0.352620
0.252700
0.480808
5.146929
-7.236111
5.477322
11.724104
21.813589
16.697744
10.683642
1.484564
-17.048649
14.578945
16.074142
-0.751518
2.658049
-4.236876
25.514002
-0.348013
9.177100
17.018280
-6.470910
32.661530
5.883562
2.889285
13.324805
-7.374864
22.415577
11.818325
8.933872
16.850630
6.667597
5.857322
11.701865
3.213315
-10.890914
8.696590
7.048745
23.324652
-27.546999
-20.028652
-4.460588
-21.507502
11.495861
6.267319
-0.053061
9.779073
-13.002475
-19.372030
15.660651
-3.192784
0.678344
22.784666
0.907874
25.059834
18.559406
18.921318
-1.753240
-20.879560
11.206836
8.609695
-5.454318
20.593643
17.132067
-14.343963
23.204321
21.968542
14.029523
-9.325544
-8.083247
18.781517
13.366388
-2.317670
-21.401430
-6.957339
4.343124
15.060711
19.042780
25.953520
10.859694
19.439753
16.979652
-21.569414
-4.652543
1.296050
0.912277
-27.008820
29.286802
6.687416
8.200258
-7.462857
-1.682135
4.311932
5.342919
-12.758552
-1.376410
9.386787
8.837124
-19.951023
18.973459
0.265059
11.615720
-13.576750
9.866117
-8.413606
4.685528
-7.899844
14.615284
-5.180341
9.912506
2.323476
-12.997594
27.320402
26.972218
29.335670
6.578290
-19.891022
-6.173272
-10.101645
1.868656
0.686278
-12.306902
12.492614
20.155890
-10.957074
17.763502
-16.740759
1.090809
9.224885
-22.914181
-14.705875
-1.969490
10.958235
11.516327
15.264343
0.640319
22.451881
15.395515
3.707764
-1.268598
-31.227869
-1.327801
1.693135
30.124037
4.588111
13.353436
-2.708829
17.779222
-1.779115
12.467444
6.907879
11.681777
1.670489
25.131802
10.533064
-1.338502
9.207906
17.696972
3.816388
2.382210
1.517151
-5.125880
-1.563431
3.420342
25.677105
-7.857845
-23.722698
14.354921
27.732773
11.346515
0.663712
1.475015
-0.699537
5.180542
15.482066
4.225690
22.329058
20.818754
20.392143
8.096451
-0.686298
28.377146
14.946028
-8.557356
23.504120
-4.316765
3.917352
5.165053
20.550213
11.909713
8.009727
19.487919
9.492485
-11.972524
14.334040
-3.425426
9.565287
34.003716
19.550426
4.425550
10.565416
22.182302
-10.958621
14.995722
16.769979
-10.346383
5.167500
0.617416
14.644890
28.004984
-6.282305
16.188375
1.705766
-12.233479
-23.966305
0.049572
36.883762
-4.763279
5.534376
-5.704220
9.307122
-4.278539
20.231340
-12.119546
-1.425817
9.785751
5.219831
-18.434954
17.788782
11.198260
20.462299
-9.638196
11.561165
-14.816626
-6.031773
17.398838
9.001044
12.085272
-6.128267
3.816971
-6.137524
4.769969
10.724646
0.913890
-29.276773
-12.054338
-5.778183
15.002589
-8.994605
8.727379
15.820868
7.123820
18.442068
-4.486954
-2.029620
3.716558
0.532780
11.281251
7.593969
15.817328
-15.041488
-0.826413
-2.630566
7.525318
19.688496
1.980097
-11.821910
-17.501625
-8.583968
18.562647
-7.021490
-0.152911
-6.106083
7.494164
-0.917722
-3.241407
-6.388608
16.717234
-2.357344
8.920156
2.858887
5.064742
-2.364784
-15.093331
3.954632
0.565993
-15.111201
7.253950
-7.571993
9.784346
20.608822
14.830251
30.764694
-8.971198
0.271128
8.833564
-6.727642
-5.924357
11.805484
6.380760
6.034651
35.037556
-3.307835
-4.260814
-9.689378
19.089359
-14.749159
1.930257
1.712220
2.467764
-22.470850
10.754800
-16.600164
22.177721
9.299479
13.708505
4.959001
4.380640
11.002616
-20.600473
32.678761
16.321692
4.494367
2.721702
-13.889809
-0.341583
29.239437
-11.546468
-6.753790
17.494251
20.732248
4.491449
12.933417
3.539441
4.309506
-7.770584
4.074790
24.186972
0.773992
26.014690
8.896529
-1.414928
30.398855
-7.805902
15.349813
-7.928251
-10.539392
24.017012
-4.243996
20.016050
5.901640
-8.231897
11.228919
-2.949936
4.140806
8.269807
3.142413
6.990526
20.202206
12.232285
-4.526762
-9.794693
-3.307531
-8.344578
-13.589675
-25.590397
-12.508588
22.858013
15.548777
8.620074
-7.234496
-0.401945
-10.108266
-1.626338
-2.353979
17.794985
25.493868
19.087891
17.034492
14.612586
-25.749020
-0.036056
33.634792
14.735713
13.770722
10.700378
26.722094
0.097638
26.067400
-1.822149
5.695982
28.948750
8.022700
-11.793653
16.712698
0.697310
2.879012
-1.538497
49.014362
-22.541044
-17.679245
19.094652
12.954932
-15.970982
-8.364422
-2.513606
1.278083
13.997939
2.125464
31.787752
14.472271
5.937748
-11.236876
-2.541892
12.838461
-3.298038
-9.600877
-0.354229
8.386762
-9.548135
15.731349
6.262542
-7.495181
1.265372
5.025405
11.709121
-15.326696
9.512393
3.076601
-29.821705
-9.832452
22.867184
-3.227320
-0.701625
3.987921
-14.586761
10.425408
24.084913
-23.498421
11.787598
7.165790
-0.749590
1.170035
-2.584121
6.428191
7.268036
-12.886151
15.563097
3.391433
18.717604
-22.409269
9.737122
-4.323249
13.732924
3.818229
17.757246
20.090157
8.004307
6.379106
17.394506
-14.135750
-15.938802
16.343864
-10.537428
0.951613
-3.725791
-2.386477
-11.791110
-17.249434
-21.326405
-18.582970
1.478873
-11.918776
-1.714826
15.189475
-0.075116
-4.767897
-4.751095
-3.551287
11.869414
6.028110
-0.655009
5.684464
1.078785
2.830667
7.034673
9.334836
5.990581
-3.576719
-9.298847
20.720970
-6.783572
0.727778
12.332825
18.264204
-2.464239
6.438447
28.621744
5.274004
6.102394
-7.422442
-23.523935
-6.107920
4.327106
-18.006914
-4.096632
-4.452983
2.778296
7.372791
-7.958296
-1.876796
-17.281193
19.415751
0.652439
29.494057
25.294724
-15.001117
-3.805821
-8.433058
-2.182867
1.007897
8.723203
7.918589
6.168186
10.791712
5.130403
9.603570
1.087236
-1.959508
6.711929
1.108440
9.180169
11.036925
3.266945
23.614552
-2.264702
-26.011261
11.231086
16.285267
-8.058004
24.155565
8.953681
26.743168
-5.060524
22.999670
15.768866
-5.105007
13.904033
-8.617208
2.715527
5.393606
-11.509813
1.401467
35.866768
-18.124933
14.521009
21.907684
3.151946
2.434301
13.144232
25.122036
-4.194261
-6.582972
16.333586
-5.799015
-17.186619
3.963594
-12.032263
1.035775
19.840338
23.894638
6.403727
-6.062522
13.123909
-0.685546
-4.353651
-17.781504
-0.038720
-0.463087
17.892488
15.565429
-10.942332
7.810765
10.289720
15.977969
5.290652
15.575900
-21.356440
1.150248
-19.095114
2.439943
3.817018
10.390400
22.961905
26.683130
9.218250
7.801407
-2.386718
-6.590894
3.436983
3.622336
3.860393
12.310862
11.406967
9.045660
-17.033627
-5.485105
-10.096992
10.674760
18.003450
-8.829248
23.137854
40.370792
21.469927
7.738715
3.040823
20.586311
4.602551
-24.627411
2.780442
-22.687292
3.987867
-7.497481
12.077316
-12.543489
-0.028625
1.191769
-0.538541
19.873005
-6.378151
6.782885
-7.982018
13.748883
-10.602608
11.214181
18.429573
10.448274
0.638846
-3.260600
-5.275992
-2.449470
-14.159413
4.987931
-6.014978
-20.048317
0.430251
26.597292
12.326388
8.013341
-9.521155
-11.767587
-16.508938
27.348076
-9.201192
-1.360318
-14.002035
5.325227
-0.726163
-1.671823
5.175257
-4.030836
7.690494
0.888672
2.299590
-4.529323
19.771378
-2.545238
20.317753
-6.803480
8.139218
-5.340631
-0.018171
-21.464199
50.621712
-1.520207
-1.703442
29.387611
17.283545
-2.855220
-1.375327
-17.594170
-14.155712
26.473059
-9.724282
-17.227673
7.768024
-6.530013
7.363190
11.670043
-5.786999
-3.265186
19.954588
5.999490
-9.201797
1.104874
8.655931
9.273188
18.005106
-18.629223
-8.468102
15.034823
-2.446495
9.785809
15.916674
4.446529
1.451184
10.201323
5.840243
11.115369
2.786694
-2.197845
-11.007566
29.677631
9.644060
-2.765953
12.021048
-37.406269
8.034273
12.157113
-16.095247
12.450040
10.659925
-1.955394
21.806894
4.066115
13.793321
10.746183
27.425585
37.593670
9.839510
2.491006
19.768354
10.046872
-4.786870
7.497714
5.108439
24.626709
-2.440647
-13.319552
15.686708
12.557142
0.326732
6.197356
14.210750
-2.682058
2.802833
25.860424
10.841977
29.455776
0.163586
-8.103501
9.341461
-11.475781
-1.430936
8.686627
4.278819
16.291430
1.073804
6.824186
-11.790094
12.071958
7.329203
12.003435
10.808973
9.975608
29.037579
8.826876
30.739655
16.768072
10.351224
2.290944
-1.152825
13.126981
14.024678
5.957325
27.818031
-4.827350
-15.842649
-15.435931
9.904041
14.550977
18.028446
12.691850
9.014521
-18.179218
-16.542702
-2.066315
9.188008
7.703745
15.208279
-5.953280
-15.670952
1.096737
12.017509
-12.087024
10.053676
-2.573083
11.665427
15.370986
-1.834391
0.960060
16.497604
-10.763390
10.348747
5.139403
13.436255
-10.542092
12.748034
12.359079
-7.344499
-4.646338
-6.281494
-19.982122
10.583076
-4.079558
9.472570
-5.104401
19.757206
3.747171
-3.567907
7.282376
-11.911015
0.760739
36.996403
13.340009
10.339445
4.655720
-2.747011
-0.619856
15.010713
-4.539986
-7.310458
-2.709668
21.880226
33.716820
-8.822470
-7.738670
-24.526821
2.600434
11.148982
13.825031
5.003365
17.227837
-7.632375
6.062875
22.078356
6.862745
10.229727
2.512987
-7.128552
-8.642791
-10.597660
1.585146
3.947926
-15.246194
8.406038
-10.578698
18.140770
6.620509
-8.137436
-26.065058
14.212445
-6.128413
4.681548
19.163654
9.023797
-8.255801
-6.475608
17.454197
-23.508909
12.576880
4.875614
-14.105006
-8.803975
13.115299
-14.745994
-0.749022
13.303657
-3.943779
23.788643
-10.774340
-12.261933
18.152977
1.088186
15.385695
-18.526953
-17.984108
11.566230
-18.725945
12.413102
7.112357
-4.793665
-0.482212
-0.886465
8.976764
-9.139775
20.510113
11.702511
16.833864
-6.656080
-9.964223
-13.090887
6.555421
-4.151932
6.406357
16.800093
15.594176
13.905140
-4.644528
-9.639421
12.199337
10.039772
21.688824
-1.919763
11.107656
-10.858961
13.027675
26.659643
2.411096
8.669720
12.009037
18.118460
-23.803366
12.049444
14.663603
17.694603
10.551444
2.402930
35.036186
12.249682
11.248283
2.723733
-6.460203
-11.482697
11.672303
-7.477788
-11.596622
18.045177
-21.588463
13.879667
-9.302006
-8.739013
9.968499
17.010679
0.351274
-4.146727
23.498718
-15.139644
-3.129181
3.318253
19.847704
20.561239
11.573547
-0.510888
14.140699
0.236132
-10.311219
-5.430482
8.461710
-7.303546
26.355644
1.888167
12.357746
5.532857
2.915548
12.041881
-0.559787
2.654652
6.856685
-12.996528
-5.029570
-6.822348
-6.810041
-3.187071
-22.676773
-0.369341
19.478230
-3.468704
-2.467260
-2.089228
29.065432
4.242537
-16.230179
-0.335109
27.848989
-12.404467
3.539318
-16.724329
3.899130
5.329038
2.537254
3.578194
-13.188153
20.252348
6.466112
-19.370686
12.579766
-10.936761
-3.317679
24.388649
-1.306476
23.624163
-17.490980
-11.121447
-10.788524
-1.715302
11.667126
-3.674608
-20.833105
-2.239213
6.341551
-3.568870
-1.791427
9.922388
6.415918
-4.585677
-11.796003
-11.144015
-8.097918
5.787245
9.456391
4.267476
4.510653
10.967860
18.786768
-10.859184
30.333311
1.610196
-5.036415
24.321724
-2.813802
-24.950315
23.751537
-13.533478
4.902643
14.854946
12.808737
-4.486016
-7.575605
7.278378
-3.690145
-4.556748
42.084808
2.522993
-2.108901
8.796015
-12.966924
0.316833
-12.949965
11.530154
7.352230
1.855188
2.090190
-12.274315
-8.270121
4.933177
-7.516517
-5.330497
-8.181080
-14.910059
-1.408634
4.086098
15.050504
9.800901
10.837516
20.975616
-0.099941
-2.485739
12.913732
-5.131801
-23.674665
10.676350
11.111749
-20.289434
4.008920
31.763493
-3.937869
14.340494
8.406126
7.717651
12.420182
4.910298
4.361206
2.428071
13.889124
14.537427
10.213498
-13.932301
-12.665757
-1.476749
7.704070
-14.000924
-6.183322
7.391079
15.501695
18.125128
22.180588
31.792288
25.694380
10.607005
5.430765
-0.693925
2.640706
15.377637
2.181695
-13.373845
5.511076
-5.139671
-7.456217
-3.264807
-18.038708
-6.775946
-7.099237
26.961946
-1.263914
10.432747
-14.978250
-13.911811
5.522628
4.258629
-10.318803
-11.078369
0.104806
13.853011
9.906467
3.011367
14.939067
7.522335
3.328941
-20.614502
-6.618298
4.776971
-1.408601
-4.119016
12.977454
-2.034216
21.423136
5.877737
3.652465
-16.616537
9.175252
-0.249126
0.916272
15.670954
12.802599
-13.713473
4.537652
-14.021552
16.457745
-3.513517
-3.401589
20.988451
1.167134
8.493643
4.792358
20.860449
19.173098
-1.768872
-12.373726
-4.968275
17.456444
23.040503
12.323531
0.432850
1.400228
2.965297
-4.304790
20.829674
13.408425
-19.747776
8.188046
-6.796548
-7.333825
2.621924
27.897654
-7.091827
14.099110
-0.939766
0.009769
30.789810
23.105932
8.387012
13.221584
-2.597453
-0.900139
2.845913
6.112216
-5.733490
13.382776
-8.164472
13.950434
2.966915
24.588415
3.236528
10.541099
14.233078
3.295616
-2.386264
6.013699
7.125046
6.199241
15.373937
-6.660770
2.033102
-2.515816
-4.103268
19.420071
-6.151021
-4.393742
3.348238
11.395459
0.948615
-2.863978
10.595347
-7.591945
-6.393606
6.530029
7.213744
1.238628
11.472283
-11.966989
-5.943532
21.268639
8.390800
7.763997
-24.364599
18.255354
24.759586
7.558638
18.931229
11.714950
-11.443809
-4.270097
-2.057334
19.820930
-6.331236
4.804380
35.888031
-10.814184
-6.897289
-7.057846
18.243818
-5.433930
-4.937815
-13.984087
5.258347
12.406116
4.835672
24.959173
-0.856921
4.134115
-9.709743
19.706146
-16.360289
-4.345020
2.236888
0.570799
-12.930842
-5.744919
-12.817207
1.701476
-10.856626
-1.392509
6.515836
-7.195678
21.427874
-3.303505
4.699907
-5.893843
3.822083
-1.139405
-1.983245
11.553486
8.558160
7.545541
-13.068716
8.900836
-2.292792
9.992718
-9.648155
-17.058626
15.390273
0.632896
-12.632619
1.134294
4.847195
-9.404349
8.490280
-12.748736
3.308354
13.088658
10.166261
-6.615888
5.921764
-0.150745
29.276825
0.458375
-7.915998
-2.227229
-6.478848
9.810613
23.440670
-6.447000
10.621617
7.431293
-9.646376
8.487700
-7.912453
5.001481
17.164665
10.303193
8.838450
3.597185
15.174253
7.580166
9.224414
13.951908
1.431143
4.805790
-8.875005
1.446360
0.503667
-10.874125
3.180774
3.671224
-4.642359
-2.546640
-4.768220
-14.436749
15.544554
-18.415894
-0.546724
-0.500325
0.765222
23.582047
8.555272
15.766499
11.178527
2.427397
40.118759
-4.388813
-1.544099
-14.985711
-5.814696
-15.063274
5.060243
0.823464
1.456041
-15.308280
5.563151
4.157207
5.670579
21.172636
10.718530
11.252964
-15.802242
36.004543
9.979058
7.236618
3.455524
19.594349
-9.369923
18.456976
4.393455
4.246148
2.007552
1.928864
17.095335
13.417336
-3.209780
17.808144
7.231248
4.854255
23.640146
-1.042578
4.279029
-9.330864
3.224156
7.068103
0.408742
20.278233
9.409395
31.905224
14.780847
-2.413013
25.570290
0.585571
18.118320
4.767233
-0.017934
19.255337
-4.760862
-5.039584
4.108074
-7.049786
8.447968
-13.154220
0.860592
-13.766636
12.972468
7.147394
-1.550967
-7.159728
3.209520
17.424664
16.726273
8.384264
-16.337908
5.822262
1.805238
-11.194480
-20.350018
6.780745
4.178037
-7.649850
6.765700
8.726085
