9.969440
-5.780396
-22.049877
6.067406
-7.096663
-4.251526
-9.109241
7.317929
18.305569
2.075346
-2.491695
14.652032
-13.282952
24.912254
-1.768427
-9.093433
30.398821
3.753841
6.800304
-6.784770
9.626792
8.643945
15.996932
-3.034800
15.082505
22.661207
4.842642
9.603219
-8.294721
2.624072
3.393630
-7.065543
11.911742
13.380185
-9.693842
-5.184383
5.334907
-31.295494
6.231506
-5.310515
5.988068
10.186354
4.486083
15.885999
-11.219331
7.275891
4.494165
16.574673
22.576048
6.823923
22.622938
-2.491892
-29.604389
-0.455572
33.080196
25.034931
16.316162
-3.847496
10.002113
8.702125
-9.075046
7.332668
0.589116
30.421612
-4.044217
-4.201149
20.188862
8.729947
15.805395
-6.818695
-0.201311
0.834492
-9.251168
14.125522
13.358117
12.431092
2.912673
-10.189242
10.081633
4.713348
-8.468539
-7.887906
13.177621
-9.075815
3.803585
-11.277847
-6.433349
-5.528386
-21.033449
-5.038095
-8.855271
-6.064932
-8.655389
8.327609
0.274641
-4.655524
-6.204571
2.619311
11.579812
2.563540
-4.504831
1.027160
12.206009
8.707397
1.535694
5.105628
2.866429
3.008922
-12.093801
-3.397084
26.511608
-11.455803
-11.892595
2.561953
-5.954534
19.498213
-9.523405
16.634293
15.081542
13.470135
-23.390938
-25.094181
-0.265436
-17.379744
6.325539
13.585409
13.273479
-23.435858
-18.718691
-4.513095
-27.900576
17.396755
13.177165
10.284576
-19.281464
0.092132
9.132006
-15.560495
-1.681232
4.240688
15.483290
8.655519
7.627968
3.622346
9.662369
-5.126793
-0.842688
-1.307739
-0.524098
-8.622731
11.462956
-12.791698
12.680536
-8.374777
-10.896424
15.686555
-14.092828
8.526158
1.791061
-4.019305
3.616948
-13.589567
8.326945
22.139694
-7.658026
5.409011
11.155978
-8.892125
7.463626
5.233290
-11.255969
17.483917
-2.593573
15.234137
9.674758
31.636185
-10.902671
-7.677621
14.184932
5.105415
0.241502
-3.219999
10.850529
13.579522
-11.792377
3.846853
12.695549
-5.409818
12.364244
17.499996
3.973185
-9.642944
13.987066
2.449128
1.155980
15.615307
4.315402
1.019635
0.161144
-1.194293
-15.081438
-0.597423
-17.325756
-16.194317
2.711699
9.366900
-18.396936
-5.372770
-2.667655
16.420734
-17.819124
13.122248
-6.800653
0.714255
21.933210
-8.097123
18.128746
16.325544
-0.898765
-5.996245
16.370441
10.291095
3.587345
13.505810
6.887714
-7.202371
-14.859487
-5.002323
-18.597723
5.632744
15.261201
-9.269160
20.953024
5.607939
5.357112
-5.112682
10.077290
19.597876
-17.968397
9.036138
-9.511883
20.654058
-4.366294
-2.222317
5.888971
5.818004
-4.446743
-3.282638
24.606203
16.100311
-0.384172
16.183392
14.345213
0.785880
-7.908388
0.669909
7.820900
-0.414974
-12.772278
-5.027109
0.363364
13.029725
6.548556
16.238962
-37.515274
-10.921159
-7.805760
17.399050
14.432161
-5.307718
1.641117
-3.146658
1.259763
-11.325964
-5.037253
23.496304
0.244007
11.796995
17.916431
-24.031805
9.141007
-2.704434
7.928273
-20.660023
-9.039888
18.688936
22.369749
33.311745
-4.713067
-6.412950
6.639691
17.862158
-9.365088
-6.688385
0.709326
2.095718
-5.108517
20.126837
12.503922
18.774212
6.936338
26.767942
33.566807
25.542093
-5.491774
-11.942726
-19.645815
4.562379
-7.180752
26.537706
-4.881436
22.356335
1.092697
-15.535950
-17.020002
8.667477
-24.090435
-2.747016
-13.916940
5.167456
2.379901
2.805752
-7.814870
25.957054
17.262363
2.909167
3.504971
-2.320735
9.559284
13.154426
10.540130
3.351282
-15.806526
-15.897042
-5.497702
-16.341043
-2.314739
23.206816
-2.801561
5.083228
-14.491476
1.176659
-3.811908
-7.409102
11.395720
12.411430
9.101974
1.012848
-4.719627
20.603937
-0.299878
9.942204
1.640243
18.539297
-6.528096
5.596243
5.688922
-0.661822
1.907352
-15.636804
5.297429
-7.257660
12.262403
-26.097044
0.226238
9.050927
23.125122
15.665428
-6.355644
3.538632
21.585192
19.268696
4.019542
8.890827
-1.001841
6.210122
13.163203
-13.945195
15.740840
-12.116146
7.097469
-8.366282
-2.082951
23.410231
-11.386827
6.373005
-32.089012
-13.673756
13.315257
16.778982
-6.852368
-7.933979
21.677288
-27.066437
-0.952296
-1.424363
21.873110
5.384709
10.138155
1.151969
5.667265
22.146776
10.722168
9.211184
5.909438
2.607983
-1.367705
1.905419
-0.802249
26.896391
-8.535424
-23.898916
19.509020
9.486594
-14.304202
12.030632
-10.036306
0.833912
-4.223937
7.679184
9.536357
-9.788902
13.063059
-1.182603
3.987582
16.246023
12.000774
11.836005
29.384935
-10.333256
-2.298815
-12.024984
3.372816
14.451987
12.896409
13.713876
7.351460
0.691508
18.509134
-12.643160
-18.653866
-13.824474
4.022384
-1.171463
-3.416284
11.978923
3.513635
7.483820
18.152147
12.391407
-9.756711
-3.995061
-4.359931
-7.569763
12.999701
2.833863
-31.585625
-0.832134
-7.246765
-11.684313
-20.501852
2.257227
0.906259
3.394753
10.968531
28.132349
4.575578
-3.019319
5.018082
6.394984
1.798339
20.176975
8.353584
15.718734
-2.655396
19.841299
7.620852
-5.048364
20.716019
18.402342
-10.276237
1.204022
-29.523106
11.181450
-5.514040
0.813783
4.629627
27.167263
-4.930267
6.015008
18.940447
-3.490738
-7.411211
-2.495642
0.988498
-5.250449
-8.915698
7.131291
20.179443
12.972717
-20.660118
9.576373
6.943269
3.056822
19.107866
-9.861267
18.536074
-1.965956
30.021746
4.129770
-26.086309
12.889517
-2.667948
18.559164
31.455219
-6.525110
-3.462797
-5.514000
28.373241
12.102903
9.350228
-12.243069
-2.184351
25.288309
0.775865
12.341647
6.495669
-14.854818
6.533854
8.540177
7.692480
3.453872
12.594735
-1.025483
19.573759
-33.238007
3.727801
22.465073
13.245551
-3.487310
4.956556
-1.603258
-8.568414
0.024028
10.019567
12.214003
6.926611
-3.010390
-3.849400
4.416178
5.044102
33.929905
-6.447014
8.313584
1.231029
-9.201699
8.367312
5.008466
4.224988
7.127071
6.493688
4.412225
-4.824675
-17.379309
-9.658636
6.933379
31.511044
7.748895
-6.558648
2.361972
5.404522
10.534440
-2.913463
21.954885
11.064946
-1.036395
9.076027
16.391109
-11.417400
11.583241
7.089879
-7.128670
8.298693
10.643131
4.338603
7.136449
-12.060710
15.711952
16.419409
-1.283953
-9.068034
-6.329673
5.646118
7.089169
11.915339
-6.207268
12.910461
-1.727077
-8.737440
5.407303
-8.516031
-1.283672
-16.758156
-19.809326
-16.084148
-8.163288
24.200390
37.937096
19.118729
-7.951131
8.727260
-2.202188
-1.715412
-5.092362
-15.977092
-9.796240
11.862264
-15.839258
-2.938493
31.360462
1.573692
45.820427
11.943913
-3.553794
-0.039780
3.020957
6.555722
10.440151
-32.733360
-11.550662
-4.552217
3.372057
7.352316
-9.412669
-6.748739
15.880519
-18.428288
9.269652
2.801355
4.086229
-0.325453
22.983948
-14.275723
0.375531
6.077362
-21.167797
3.794641
-0.322997
0.033204
5.128912
10.271660
-8.407874
-13.322084
3.674696
-9.838456
15.761660
-11.546898
-2.837326
7.265843
9.002148
-21.740990
1.343678
19.625536
-8.826056
-5.405782
14.804056
8.604304
20.979170
-7.065783
-8.612643
-10.334507
9.594209
-12.591200
-5.313707
-2.281139
3.849728
11.064342
-9.994860
-10.462568
-8.512748
19.398966
-11.751887
0.647479
22.883303
7.021887
-13.658526
3.746925
12.838873
5.601254
6.831474
18.291090
6.370237
-1.384027
-4.713325
-10.827951
9.294419
1.521986
-14.492436
8.705132
0.187374
11.273104
10.207292
-7.898869
20.540005
7.334033
-20.612865
7.237830
1.966956
-1.081352
-11.693189
-7.582842
-5.038033
-8.762399
15.737658
-7.914843
8.157511
-2.009833
12.455602
-13.461811
2.399563
16.727255
-17.410326
6.578918
12.856090
1.889094
0.786086
19.963747
-8.490071
-16.235090
22.037125
2.764518
4.230900
5.504446
1.456296
8.036316
3.518131
-11.273987
20.830605
-19.037989
26.620081
1.711856
-21.231640
16.224768
6.883670
-12.286057
16.296484
10.940443
12.364800
-9.311468
0.035275
-4.737549
13.549077
0.181671
-15.137172
-2.264907
-3.500944
7.023080
9.693325
8.044775
37.628586
-4.465115
28.805309
-7.566133
-5.919105
7.196527
-3.443624
6.200864
12.431934
17.111473
-10.222520
4.725461
-11.701165
14.451487
10.107811
-9.655993
5.158674
-9.367358
8.175544
-1.897559
10.418544
14.287321
-18.338600
-0.671783
44.275658
7.385408
10.205118
-7.388585
2.187856
26.583403
2.613084
-9.013907
0.157344
24.857346
-2.360111
27.229877
4.567569
-2.319669
10.779437
-2.349755
11.125156
11.081392
1.912244
16.826677
-12.741849
3.067078
-3.884683
-4.456208
1.782119
-17.074703
-26.969351
20.027100
2.210341
1.990378
22.379614
5.616324
0.770346
4.373027
10.061371
20.698463
14.751078
8.282401
-15.043033
9.201068
13.515017
10.232992
7.305641
20.345520
33.496235
8.604158
11.245794
9.977124
11.916545
-9.469281
-2.419889
4.954573
13.714525
22.074930
-7.542859
8.445170
-3.609729
0.220774
6.041933
5.087219
-7.957894
-8.955167
8.634789
4.241340
14.800086
-5.267612
12.285749
11.163730
-11.294282
-20.403166
12.591709
7.429529
-4.805869
12.800074
10.996257
-1.393662
-11.241597
5.940841
0.253043
1.492265
5.755173
-1.708318
-2.730921
-1.407767
-9.563216
12.958708
-9.062573
-0.534712
-7.050675
-9.145757
-13.765699
16.287750
-0.659409
14.345127
1.253479
-2.312100
15.755708
-1.221401
12.800941
7.252770
11.995485
4.292693
0.299295
-1.642172
3.180798
-10.417642
7.127584
5.207230
32.170174
-10.502780
13.274447
17.629675
-1.594290
12.061213
-6.229247
-7.658186
-6.969304
3.316561
5.473255
3.372789
-5.496491
-18.759254
10.643143
29.367105
-12.674036
11.514906
1.354529
-13.535635
29.868858
-2.823652
20.811996
-3.353313
-29.940424
16.601460
-21.331676
-11.980294
5.635030
0.479779
-16.586414
1.653093
-7.591812
24.930813
22.258677
-0.955085
12.370085
5.031087
14.149610
-14.114176
3.271875
-30.794329
-0.128207
-10.409362
21.826849
-4.102037
-0.418234
15.116536
-3.797877
8.089780
22.896662
7.436676
4.659729
5.321108
-12.429174
0.782286
23.432957
-3.463222
-3.082167
1.473030
26.716587
-12.561674
7.437955
-12.582529
6.596304
15.575406
-8.825283
-27.078138
-1.637677
-14.497787
-9.976642
-19.853386
8.304562
9.023074
0.474684
-9.525117
-18.577045
-0.649647
32.320393
7.433352
0.138334
-6.609457
-3.521504
24.131823
5.462141
16.848957
-7.456691
16.630856
18.551384
24.139442
-2.486876
-8.446535
-2.127864
-4.635085
-16.980429
-7.486659
-11.234691
-0.086254
-8.793442
0.564909
7.842471
4.656911
1.649949
15.896646
-13.223524
9.499592
13.799814
-11.672941
2.063244
-2.309647
1.092533
7.892792
13.446622
6.589233
6.395687
2.726101
5.657372
15.273343
-0.691106
7.532475
-18.344763
4.326505
16.018847
-10.619632
-4.773352
12.429841
9.138362
15.764710
17.560720
4.397563
-0.674970
0.151037
6.877398
-5.975233
8.149590
-5.100204
-11.858520
6.198242
-15.948949
12.760458
16.233368
18.485514
9.453542
-14.452888
13.979933
-7.097549
-1.185663
14.386864
4.219017
5.737029
13.924379
24.189934
5.764872
1.872667
0.616257
-6.264672
11.418351
-4.942921
8.992013
11.700107
8.263219
7.766303
-13.748547
11.108788
-10.573613
-13.075248
3.934339
-9.270856
3.440519
-11.668042
20.361490
10.042770
21.533087
20.494619
-10.300326
-13.128783
25.133215
17.181355
13.344527
4.033229
6.161673
8.005318
6.389172
7.096411
-14.996260
-4.076103
20.136414
-12.694089
2.703465
14.559388
20.224880
9.578576
12.280208
-1.396799
8.358303
2.281974
-16.494074
10.381036
18.212328
-22.454300
7.827903
16.949265
-10.414433
-2.876970
-3.666624
1.655824
-8.650535
10.193904
-7.441510
14.124392
-6.809803
15.583735
7.015647
0.262995
-9.302946
14.022073
8.050437
23.553808
14.234487
9.716758
14.115981
-1.054540
16.765533
9.013214
2.160855
-1.676614
-10.244634
-1.404511
19.285179
10.552588
-12.887960
-6.947508
0.140468
-11.944842
0.573325
10.687022
-2.762266
22.342457
-0.180755
7.730937
-13.955840
-9.677834
5.096342
-3.909086
10.942675
-12.326130
-2.943138
8.587936
-0.411224
19.774563
13.063327
9.477836
-3.859090
-6.856353
11.904349
-1.132732
-5.847419
17.976074
2.353342
-10.897420
-10.336590
16.959543
9.593710
-3.436302
-13.565068
-4.387977
7.933533
-1.378831
12.205581
1.594188
23.532486
2.286612
4.346873
13.323512
21.391729
2.382884
13.133503
-6.622718
-1.846320
16.960114
9.731070
-4.653551
18.516962
23.426001
7.917182
24.983250
14.505973
-0.974280
-7.539016
-14.230637
9.484242
14.392537
14.089222
9.645621
-6.754717
8.770758
-0.359725
-5.372323
8.440367
-5.066242
-0.471140
-2.926225
16.660347
2.826189
-3.347850
7.882185
9.004623
28.424879
-0.203088
3.567724
-9.704431
18.138784
4.531063
-5.470035
-3.984906
15.126866
-5.579563
12.307460
30.498728
18.546553
0.455159
-8.159669
4.782409
12.581747
1.456310
-17.604242
-10.149143
-20.341459
15.035590
32.312157
12.431721
1.056813
-0.993790
-13.000831
21.774340
7.536597
6.734941
-3.509086
6.071124
5.572089
-4.587901
16.951920
-6.035050
-5.155797
-6.631825
-21.274410
-7.721889
1.242759
2.481705
-4.465994
11.992205
-0.305160
-10.125471
11.863721
8.158626
-10.400774
11.587914
-17.429369
15.584828
16.620354
-2.909145
-17.563082
4.360624
1.266460
-24.269032
-9.729343
12.217567
16.447517
-0.417232
14.748857
0.254891
8.316203
15.506494
1.693301
-15.881081
-2.373486
7.890387
9.529224
10.038445
16.402735
6.387697
-2.289659
3.503801
-27.626503
-1.185672
-5.163992
0.631575
-13.677400
14.860759
28.391630
-10.634775
17.314013
-24.147654
-13.201659
-17.471395
-6.391992
-0.571621
-13.292159
2.046499
-7.457993
6.352921
5.082405
19.566225
-5.388408
12.093319
24.411213
-7.102997
-6.215716
18.317875
3.791543
9.922206
3.098733
-5.560632
13.378985
-25.984987
6.728385
-4.916715
-11.823438
-16.399715
3.995404
10.059253
-2.079344
-0.101546
14.882190
10.641610
21.082798
9.870198
20.488770
21.990036
-4.251952
1.960594
17.435276
2.796409
6.440714
2.634513
3.543461
-0.762235
13.624037
21.706976
-10.215503
3.498935
-12.123674
-23.261585
-21.746159
-16.983168
15.703348
21.319235
9.549685
3.346660
21.777548
-15.302425
23.503420
-13.603518
-8.847804
-0.672644
-13.475970
9.001078
-4.783151
-5.615825
22.408615
-16.718494
13.705755
10.645017
14.572842
25.414726
8.489570
6.390789
4.083315
10.477079
-5.456562
-0.127388
12.157216
-8.427088
-11.154464
10.400699
-14.034402
18.319786
-14.085636
5.668324
9.918618
1.795483
1.643306
-8.349910
16.066263
16.735281
1.921968
-6.873759
9.035122
-13.258944
8.637399
-23.598246
-4.646530
0.401170
-1.821468
-5.603636
-0.621740
18.295464
-11.284557
-2.095001
-24.177242
9.158430
0.802359
-4.651306
-18.444284
19.063753
-6.315825
-1.330232
-15.948202
-0.103142
18.956411
-0.717035
11.176249
3.454836
0.773779
-8.815678
-2.869566
-0.404389
0.013049
-18.661118
12.357254
2.170126
3.516485
-0.918342
25.933516
11.655280
-8.247069
1.986353
-1.833182
0.900520
-6.365093
-7.067580
1.403859
29.790541
11.989341
17.184353
2.768207
9.645331
1.201214
6.859136
12.016456
-6.851495
-5.916831
-5.383208
27.041092
6.671069
1.512975
9.437286
7.376872
6.052739
21.377745
3.456566
3.325484
11.612844
-3.959353
-4.976802
-3.326117
-12.367318
1.310744
-7.680158
-8.614223
-2.376144
-4.930011
-20.374712
-14.945263
20.523048
0.820819
15.520661
0.615102
-10.735017
-2.945262
-2.345586
-24.327076
7.456140
8.703959
1.148996
15.804125
15.132186
4.503919
26.565994
-3.916265
-23.889601
2.672002
2.957679
12.804056
-0.773346
10.766475
-3.893506
21.410093
-11.076887
8.332036
-2.741938
-2.206505
-17.072878
-0.924019
3.031276
23.236864
-2.378825
-3.571511
-4.361366
-17.199074
5.569710
-7.428909
12.047304
8.817636
0.383237
15.645347
-22.230482
19.153318
5.588517
12.890004
5.780187
3.310951
-50.081963
26.315924
1.011135
0.908313
1.742960
-2.515313
-1.322923
18.575380
-23.336569
-12.247454
-2.551040
8.978423
2.362774
-17.128874
-17.666016
-2.699109
0.496358
20.211052
-11.495467
-2.288946
13.198116
27.304045
-8.496328
23.527855
4.562397
-0.798060
13.142922
-2.006234
14.124836
27.753954
-9.314762
-24.327286
4.122117
13.494695
12.615053
18.660784
9.911414
11.358476
-7.476447
-3.227237
26.284388
-3.100634
33.763054
3.478251
-6.466847
-10.138230
-0.788775
9.101029
-14.781582
16.834719
22.821911
-17.036877
1.230708
-27.925808
8.728069
17.598469
-3.579592
7.335884
-7.373861
-0.958880
7.543019
-9.996311
4.583244
-12.540797
4.648298
11.119967
8.537336
-6.504194
-3.014112
5.611582
-1.581089
17.529566
-10.970862
-11.368932
-8.738955
12.267798
7.747082
7.540689
18.731308
-9.896852
15.652923
5.079632
32.685131
5.948034
21.290504
5.898938
-13.751497
1.598655
25.326151
-3.503566
8.897470
-0.593776
33.985706
-11.641541
-13.155073
8.540739
-15.732224
17.793371
11.123452
-4.560313
-16.385185
-1.109532
13.493892
-3.036729
28.474012
4.503890
9.469311
-29.911369
-11.804444
11.920789
-4.615818
-8.081065
-6.904716
-18.860071
-0.646154
6.024039
3.166787
13.241071
-17.175831
-20.318588
7.376689
-17.156223
1.349899
-2.862422
-15.820534
13.676387
-8.121793
-2.172396
23.598976
13.663389
18.559132
-2.369558
5.933274
-4.859471
-5.282235
25.556879
25.197653
-8.096684
-20.036123
-15.689985
-3.241369
22.295658
7.734428
-22.257793
-6.598098
4.206750
18.106556
-7.593275
-5.150878
12.297952
0.493797
22.556814
11.793038
11.814921
0.912662
2.782079
29.730333
-20.860214
-7.729212
4.548607
5.065241
18.307514
-19.944103
-2.806273
0.565263
13.973209
-4.203628
-1.866746
11.893562
8.937009
0.211391
4.500528
-1.984037
19.873394
-13.122332
-13.017734
-1.397210
2.321985
-9.994041
4.576421
15.997765
-15.832170
4.533475
-3.201809
-14.890306
0.395949
0.851425
4.884124
-3.954639
-3.068072
0.727039
10.646466
7.048271
4.406630
8.536292
-0.364742
17.412073
29.530340
1.028214
10.246545
-21.406841
12.339352
36.196716
-14.292786
0.612455
0.610831
-9.123303
10.923109
1.642696
6.273609
-6.487784
28.407188
-0.009348
25.856350
15.232848
4.832236
-8.716683
6.706894
17.541431
5.251451
4.744292
-7.452988
18.015530
-8.933786
-5.458133
8.785649
19.018126
4.998196
-5.263032
4.695182
17.437603
11.039267
14.312306
18.646250
3.507357
-1.554187
-7.091999
-5.609494
-12.849264
1.536356
9.516324
-2.373325
-11.548265
-2.917013
14.366220
22.595654
17.585009
14.385579
1.755118
4.890224
-7.925718
6.089884
11.612857
3.336329
23.572706
-14.122435
11.318934
7.449390
11.644229
-12.208936
-6.922243
4.605319
-0.195861
-9.448728
6.666801
6.437596
-1.045540
-13.966929
-4.010510
-14.666371
16.025816
-19.543377
3.764651
5.499127
20.463964
-9.344005
8.929539
-1.660509
6.620390
5.223097
15.203429
-2.679694
25.223412
5.133484
-6.148831
-12.710967
-4.501147
-3.261223
-13.665716
-12.825240
16.894169
7.131370
-17.410276
21.046791
0.558403
15.723509
-22.050850
-11.913299
8.147092
9.412545
3.733570
11.764330
3.621274
10.636506
11.322193
-15.873220
-4.901148
9.125908
-6.310642
-8.916812
18.832952
9.506553
-15.800052
-0.004972
-4.566332
-0.615155
-4.221456
8.406129
-9.829442
17.296928
11.912880
13.638642
-2.472136
-15.447618
-11.996038
-11.487856
-4.699036
23.050039
2.309126
-12.885606
9.872117
-10.794930
-8.957987
-11.072252
3.355224
-30.449369
-10.914217
-9.590674
4.779301
-16.476639
-0.556523
13.910439
-4.121204
-16.446030
10.199121
21.465513
-35.039719
22.267828
-21.977007
-12.002881
-13.980678
6.546993
0.846141
-2.139797
0.802599
5.596006
-2.635517
-12.073303
5.404791
-6.888263
12.554649
-11.675029
0.183454
25.087002
-18.514433
-9.606999
13.149475
13.983966
-15.250732
1.150982
-10.751532
-9.120871
1.442408
21.184418
15.566076
-5.880801
-6.473996
2.843071
8.908515
26.200138
-9.086189
-18.275640
1.760269
6.595609
0.079175
-10.351522
9.673155
-2.683291
14.626716
-20.705194
-0.607612
6.935510
19.877815
0.794374
-14.703731
0.399363
-10.111000
3.460582
-11.203078
10.987044
-6.500794
-30.665781
20.320398
14.945404
-11.184088
16.947559
4.438779
-14.933446
6.776535
12.190156
2.977127
8.695898
-2.704268
-5.279444
-9.954721
-5.543411
2.432567
9.846907
3.153946
16.900377
15.289715
-4.167047
16.548399
19.078381
-0.267617
12.628845
-8.618271
-2.874277
5.045008
18.857689
27.093178
12.852485
9.322042
-1.859381
24.574110
7.584594
-9.495802
8.593155
-10.155766
-0.907161
-8.824637
20.734900
-6.774664
-3.045796
6.348325
2.630835
7.949966
9.758873
5.583822
-25.430071
-11.520913
12.213823
19.509441
1.023019
-5.610629
2.428852
0.630131
3.294441
6.951718
-13.405719
1.488430
15.176867
-26.855751
21.881359
15.490390
8.344276
-14.307913
-19.573132
6.992355
-15.374915
-4.121382
8.649266
19.193974
10.268023
-9.261799
-2.925729
1.934694
8.746321
13.195725
9.498171
20.514957
1.548746
12.077287
-17.765751
15.239029
-14.619302
-29.041889
-20.662476
36.863869
6.842109
-7.960358
-4.268600
-0.129172
2.520011
-17.447519
-1.642177
13.871576
18.818222
35.234142
-7.516337
13.950085
8.852073
-18.661499
3.670338
10.074886
7.123814
-5.389719
10.951977
-16.698427
-11.331346
15.067054
32.288750
20.490965
8.446069
24.421640
-9.207925
14.885480
2.254759
-7.633860
4.750764
13.577151
-0.610341
0.047983
17.341219
-8.017381
-2.978087
42.366447
14.635338
-5.557461
23.427784
-1.426975
-8.470225
-6.452933
-6.887856
16.640898
-1.442165
-21.935953
5.616011
7.904898
-9.837452
-18.378784
-0.066130
8.202893
3.225551
7.961159
14.668285
5.926504
-8.701235
-10.398402
-13.765751
25.006941
2.982020
10.009480
-3.807011
15.924589
10.734550
-8.048703
-17.872011
26.438231
1.949958
29.900560
-5.765198
11.340919
-18.645348
-28.818132
16.623970
0.660060
-8.500536
15.664463
1.705020
12.070692
-11.833539
22.303835
-2.698896
-12.047363
16.847481
1.249569
-19.172712
-3.057033
5.593773
-17.488428
10.967891
8.917199
-16.760643
1.036229
-10.177782
0.964676
-0.478984
12.403008
-21.764446
14.504245
11.888573
8.314322
-5.935969
21.035337
19.058918
-4.962406
-5.200701
-5.244399
-9.975235
20.738110
-8.872606
17.958694
14.287016
0.668944
-21.668087
15.863669
-3.883580
-22.509268
12.289091
-8.755699
18.269770
12.472011
19.945135
13.680486
-2.732334
-9.884743
9.103543
-17.311302
8.827899
7.240677
-3.721952
-2.559946
3.612764
10.811022
28.834169
7.807115
3.674154
-16.251022
11.609894
-16.461864
13.356539
8.883257
-19.598333
-6.897766
2.623579
8.660678
19.874516
3.255103
30.699862
-0.888989
16.264124
-11.374973
11.174914
1.460851
5.070873
14.125279
-11.520828
-2.986863
10.274609
11.949760
7.840534
-20.030289
12.728353
26.161373
21.853756
4.963366
17.082108
19.341473
4.387437
0.609735
1.183030
-3.873698
5.204618
21.864973
-33.900974
17.430140
0.607758
4.848654
-10.446282
-17.174692
-18.009184
-0.365327
12.132884
27.477846
-3.588399
1.282518
-1.128892
1.035467
-9.983406
1.997847
0.111018
7.750228
-2.913020
4.308973
4.624059
-3.074135
16.015369
-13.170039
-5.716166
-22.038734
9.975059
-14.277704
23.198961
12.241834
-2.238645
10.485589
-5.309787
0.665498
-13.757521
36.834747
18.144159
-10.886006
12.607536
3.653002
11.152944
3.502561
11.943529
0.561149
18.345184
-1.554929
4.864224
-4.410248
9.102015
-3.579100
-12.194418
5.632127
-3.442433
29.067646
8.838010
1.581026
21.100460
3.510380
14.530419
2.472854
3.201963
7.651612
-5.699425
-6.121804
10.602332
-7.906117
5.133603
35.811844
-12.089104
-16.853954
8.226988
14.390416
17.652504
9.083831
-6.353841
-5.037600
8.746633
10.623718
-33.883514
-6.182488
14.402732
5.834540
17.615845
-1.586731
-1.902772
-18.248802
8.227667
-9.408501
9.570678
9.144715
-20.005585
6.359647
-9.040764
-11.069920
14.853439
17.541975
-1.705014
-4.062392
24.303782
15.078907
37.375336
-9.688637
27.934313
9.176227
-13.039561
12.833527
-4.157950
6.177379
-0.467380
-2.218609
-16.245176
2.694121
-13.959787
-11.548610
24.497650
6.188651
-12.448633
-20.516848
-2.349226
-8.805942
9.310182
-12.820588
6.459655
-3.130280
3.227474
12.429496
5.031530
-16.803457
-10.403308
4.546008
23.782997
9.397431
-2.140090
-3.417912
-1.942200
-2.206040
-7.600006
20.117096
25.054989
-0.929160
3.031135
11.043923
12.551813
21.702965
-10.914481
-16.042530
10.496845
-14.811554
17.900887
-6.932650
-4.424260
-2.281298
4.138298
0.447976
22.052681
-7.642717
14.778403
-7.758790
-11.784727
-16.811563
13.972988
-14.436629
11.364221
20.030308
-0.382818
4.328325
-24.222851
5.353255
-15.398129
6.594651
6.026262
12.950134
8.620072
-16.105564
-2.705418
11.102032
3.150344
-4.284991
-13.595927
3.238011
4.278376
8.003082
-9.199788
2.299527
0.042270
5.810301
-27.823284
12.273946
3.011959
1.942573
-28.081408
0.838876
-2.748469
3.362882
3.543056
0.600055
-19.641901
6.823966
14.344629
3.274944
-0.921014
4.245678
2.800432
-8.538153
7.255744
8.367671
13.654634
2.791567
4.951294
-3.396059
-3.770403
-7.641781
-8.071203
12.928230
16.176075
-4.238428
22.229055
1.577424
20.078175
-0.727371
3.093036
2.277615
-5.578495
15.975282
16.471668
-4.789622
17.951027
10.224901
21.662472
32.114925
1.017299
1.841442
4.782658
-13.714360
-5.610589
6.473500
-12.493412
-3.231402
0.729706
-0.607587
16.385672
8.513890
1.121225
7.594856
22.564445
3.633662
-5.335109
-5.991913
-4.046227
7.946245
3.812176
0.181110
-8.347602
0.118171
3.334016
0.033828
14.108766
3.368138
15.144871
2.977566
-10.124368
-12.841693
12.971874
16.459497
8.031452
19.801157
0.106175
7.172447
24.457069
-27.235342
18.060345
9.247018
-1.002015
-7.855351
-18.034275
-25.362991
2.615547
-5.423075
-11.027301
-0.984094
-4.387562
-23.668854
9.551376
-27.490759
3.966565
-1.655869
22.081312
-3.820498
-4.464283
-17.890671
-0.683596
8.241352
18.729378
3.173841
21.039560
-0.454541
24.446970
15.738107
1.744433
-0.733991
-17.433439
15.710370
-19.216703
3.942209
16.236807
-13.043284
9.064098
6.420496
1.749927
1.643822
8.020363
24.871405
17.320812
11.486556
13.097569
9.756131
2.151396
-10.648297
14.669668
-5.931433
-13.996744
-4.237606
10.695266
8.308072
6.474160
-12.860609
8.478977
-2.967946
-2.642513
4.487205
-5.248562
0.433477
23.303967
7.568351
27.674788
-9.297407
9.831716
17.388046
-24.029716
-7.948543
-3.603097
4.501159
15.504955
35.809761
5.809955
-1.907426
-11.758957
-20.483320
9.401231
2.766808
20.360992
3.655454
-5.500310
9.605707
-14.837804
36.632584
23.204264
17.245504
0.378428
2.061405
-9.423078
7.469854
6.280191
-10.492513
16.197392
-10.309688
-15.614111
12.475977
-11.108113
10.796714
19.018993
20.152346
17.139044
-7.266678
-20.568033
-4.956746
23.937029
1.411203
4.439528
-8.942012
-1.931277
33.071365
-5.311888
17.877768
-13.941298
10.523410
5.493747
-1.966653
6.342647
6.217523
22.331911
-10.659382
-6.941296
6.737989
-4.056345
-9.966770
7.780571
-1.069932
14.964196
-2.045201
13.385159
-5.955124
14.758794
-5.826826
13.496669
15.831997
7.117188
-4.997594
-4.310083
30.179592
2.266429
1.064507
-11.393586
-0.267215
-3.132162
5.738629
1.133949
17.675823
11.134740
7.337943
12.764119
-21.716619
-8.506486
-14.293871
6.475868
-2.096380
9.361609
22.504145
2.018788
-3.146816
-0.088556
15.454720
-7.764943
17.437107
0.068861
-27.696291
18.632925
-7.044799
14.890666
-17.579039
2.419826
4.866707
-3.278951
-6.857326
2.616687
1.211430
-9.336050
-7.533118
4.354271
1.915688
14.566330
-6.468459
3.001301
14.425296
-5.444058
17.753687
-9.053435
14.212252
15.641564
-0.239118
20.968254
7.836773
-4.451079
0.051604
4.278813
18.634336
12.185318
8.450032
-6.769456
-2.732371
3.779622
0.128105
18.370657
0.610044
2.461827
19.057339
11.724548
0.904741
1.586144
1.031613
1.732357
20.406065
21.377441
-10.614392
1.233709
-16.177731
21.423733
-14.337874
-11.802621
13.182880
4.048435
20.906006
-3.270197
-11.940424
-0.746416
-7.642624
7.968586
18.849300
-4.009553
-6.302455
12.156460
15.434738
-9.540897
-5.405807
-0.120694
12.992653
16.785295
11.039004
15.122303
-2.215621
1.277107
-0.817106
15.013082
5.020064
21.439371
-10.303352
0.647099
9.172444
14.306102
6.047139
4.030221
-7.812919
-24.370003
6.631538
6.770401
-9.942180
4.576780
3.999438
29.790367
-2.386433
0.387650
5.365434
-13.509622
21.408361
3.326976
8.088222
4.495700
-3.730188
17.688793
12.724958
0.384233
12.627113
16.564981
13.946843
14.082732
-2.194754
-17.190594
3.718104
7.354744
15.909075
-21.130436
-8.692864
2.473515
-11.820877
11.856507
-1.258306
0.567934
15.158619
-6.249013
-15.690609
16.550287
-0.857413
1.045862
25.051491
2.018584
10.662519
20.608553
15.253591
13.585541
-9.401204
10.340563
13.819490
-14.013566
21.691113
28.441603
-4.222873
11.051313
5.898878
7.382082
-5.554203
-3.929409
15.438495
16.715343
-3.888170
-0.342266
-3.294071
-22.565563
10.791417
22.960943
23.917742
5.914105
15.110615
16.333994
-6.552743
13.950982
-0.256504
11.054223
-20.734348
23.074720
12.761536
17.280342
0.392491
-9.608350
10.258966
12.409861
0.692662
-9.752623
0.361573
1.581631
-4.502312
11.899789
5.457097
17.427225
-16.876534
-0.096668
-0.936026
3.866261
7.277428
21.337339
-20.445398
16.004396
12.083890
-11.939845
31.078112
2.899146
25.224371
0.857650
-25.974783
-13.256239
-12.742484
-1.522960
-2.209403
-19.145840
9.554129
13.773565
-18.789860
7.848961
-18.618271
17.369711
9.397684
-17.829905
-9.166641
1.832467
-3.900725
17.422218
18.950647
2.138560
14.901320
25.366924
6.328856
-4.575153
-33.138435
1.875633
13.257675
31.188740
-3.835348
17.837376
3.303716
16.448874
4.777340
-1.511390
1.051691
5.961293
1.259390
17.033371
3.216799
11.824402
3.150222
8.840059
10.996738
8.900309
-5.566890
-2.518664
6.781468
-16.534529
11.481835
-3.229565
-13.869730
2.498714
22.476034
17.127062
-2.427064
5.726079
18.575750
0.111514
11.416449
-4.900155
10.625652
9.170739
18.001913
7.886130
-5.576694
32.114700
6.482947
-3.865561
17.535160
-9.964056
-8.147472
5.661175
9.809484
18.993362
-7.097232
11.962780
9.352469
-18.141920
11.168017
-12.670398
-0.617914
30.269468
18.552542
2.611168
7.529521
19.539757
-7.137385
13.190276
4.821218
4.564456
9.116539
7.893333
19.004658
21.476309
-13.110028
8.292610
14.644922
-14.405951
-25.525530
9.696165
29.817898
-6.911050
-0.240751
3.126221
17.797207
-5.144684
18.863976
-19.336060
-1.263613
12.066708
-7.333723
-14.431033
22.698074
12.965909
20.376114
-3.220582
11.504193
-7.187317
-32.453472
2.947657
4.158552
-0.004076
-18.774557
-3.739802
-11.756693
-2.275870
6.253993
-12.745927
-25.304541
-11.555364
8.391515
13.285169
-9.688785
13.013877
10.775532
-1.005064
18.844759
-2.563214
-0.495643
18.597073
2.018241
7.217981
-2.310204
14.936084
-21.426607
-9.291904
-14.127144
-1.057961
8.368393
0.074595
-26.299332
-12.381797
-6.879698
3.266202
-5.408180
3.309414
8.989053
-1.995664
-12.050008
-5.406454
2.416927
13.425400
7.328570
-1.851084
3.861386
11.355990
-4.752688
-14.810339
10.687705
8.121614
-10.945915
-4.428092
-8.904421
19.736637
19.725725
5.038102
33.663754
-12.308853
4.380543
0.058954
-1.743840
-7.169904
1.939859
1.956248
2.433990
31.732609
13.053298
-13.244907
1.631284
11.654664
-9.350484
0.979708
-0.523083
-0.936897
-12.275249
16.845844
-6.495872
31.461143
11.621613
23.557894
9.103856
1.458463
-5.056048
-19.535480
29.395426
6.157036
-7.784978
8.392784
-10.791340
6.672555
22.597359
-16.608740
-15.757992
6.143351
11.070483
3.024029
15.424840
20.199249
-5.554618
-14.897431
-0.426932
25.673328
8.314363
8.785774
9.616363
-2.327345
21.327936
-10.711485
28.239141
-6.211408
2.622128
18.303675
-2.938559
14.273269
-7.339617
-11.271655
16.952536
-5.190227
5.877419
13.438477
4.806859
7.108128
9.726112
2.218081
1.015453
-14.672882
0.539134
-4.188135
-2.098575
-24.547153
-8.828465
16.385273
15.587992
8.024952
-2.855185
-9.674947
0.304304
0.864742
-5.651440
18.640299
20.681078
3.665464
1.300234
15.516200
-11.281244
7.440263
39.518238
-1.468874
24.001986
14.836313
26.911617
6.363598
16.026365
-2.072598
18.000107
20.128128
4.286716
4.178529
0.656842
-4.531800
-2.978474
17.974709
32.273006
-17.548197
-24.526672
26.257322
-4.766376
-16.575195
1.893317
-9.640141
4.805455
21.799286
-3.502939
28.927691
17.017298
10.395174
-15.025908
9.548561
11.032066
-4.143867
-9.291937
-4.311631
12.989932
3.392926
1.104548
2.625636
-12.516180
0.222353
-8.592698
-9.085131
-6.610967
4.450517
-2.827495
-20.431585
-9.743534
22.231243
-4.797530
6.410893
9.990584
-15.199294
4.186310
6.321384
-2.698560
7.967915
18.161448
5.429739
9.751548
4.114850
4.062286
0.691275
-11.339550
24.838511
-2.103835
7.713315
-25.485155
3.403667
4.306560
-4.115112
1.428141
22.807953
25.955479
14.463121
6.504849
20.032251
-6.299024
-6.846380
10.958679
-5.175390
-1.959185
2.654696
0.681485
-8.428868
-10.113909
-15.476875
4.357063
-0.633090
-16.977978
-3.259917
15.790313
4.826290
-4.566947
2.237325
-8.861829
13.582697
14.497407
0.782345
-1.960923
16.165171
-3.355248
2.326271
20.153976
9.565955
-5.130250
-9.375594
0.178032
9.175244
-8.801726
6.741596
7.283695
-2.524830
13.618079
19.873541
0.022843
-2.565225
1.199833
-25.125002
-8.237165
9.485306
-9.323913
-8.959188
-10.474749
9.610406
3.831133
16.861227
-1.564481
3.152717
8.673075
-2.109262
28.585777
31.750027
-7.487688
6.416729
-4.836663
2.976169
-9.994596
-2.681092
-5.611249
4.727992
23.074528
1.453628
-6.186338
-3.495406
-4.673324
15.147108
8.167850
5.131888
-0.439650
16.324055
21.064014
4.109701
-30.569046
5.490553
2.842013
-8.465022
23.698858
5.357356
23.676689
-5.645574
11.738866
16.892569
-2.789979
10.165253
0.307018
6.730076
3.273643
-14.241516
-9.864011
24.226685
-11.459286
6.242882
11.031142
11.364055
1.678181
9.658350
14.161028
-4.137864
-10.463943
23.105272
-9.566107
-2.778983
0.587684
-4.492374
-3.764805
14.195849
24.554939
12.145354
-4.573751
9.117739
-2.188165
3.938835
-5.404682
-0.264642
14.556559
4.008636
11.868011
-13.441041
-3.008746
11.008064
8.649137
3.045646
17.069443
-20.563755
13.143943
-14.062640
0.877289
8.200671
2.880836
19.873528
25.313229
4.429614
13.129355
-10.281279
0.710376
5.083530
-1.882040
-6.557143
8.516774
3.480383
10.961163
1.848853
-2.016196
-14.527431
13.694526
12.889435
-10.029448
6.849373
40.342804
36.737156
15.420270
6.483741
27.463346
-3.918173
-21.842970
2.803015
-15.542728
-2.194338
-0.220085
7.114596
-9.438967
4.182115
10.636131
-0.269057
22.864811
-1.833456
5.011478
-2.751916
12.866426
-18.384861
11.246729
8.115788
1.287499
-14.697406
-4.826619
-0.371616
2.075774
-15.411221
5.491895
-8.095925
-20.094076
-3.524526
23.808992
6.762244
-0.962353
-9.086410
-22.787298
-18.304007
20.892599
-21.411304
5.403864
-3.959677
1.981601
-1.198013
2.276034
1.793973
-2.818238
5.889249
-3.510001
1.895158
-10.450785
15.852886
-1.472586
7.845924
-9.715560
4.967055
-4.110810
-5.380598
-10.254161
30.976723
-0.725742
7.385543
12.594584
9.334053
-1.976970
-0.355325
-4.844451
-16.249456
23.047756
-0.442075
-22.967951
0.385262
-3.707902
-7.334432
9.194046
-3.627254
9.340896
22.313118
-10.947079
-14.617388
11.112016
2.921671
16.781717
23.158157
-23.716173
5.167165
8.109461
-6.191122
11.357321
5.418225
3.113757
-5.613486
10.259060
13.018715
12.935267
-0.259311
6.658891
-8.205871
26.965239
-0.529087
-25.573484
22.982286
-14.429967
0.977095
2.145122
-14.698117
7.478788
15.034308
10.435754
19.321442
8.799333
4.405277
6.152450
23.968542
26.210983
-1.907043
3.451837
16.775686
17.103039
-1.162970
7.559222
11.408462
3.455754
-6.863369
3.615685
13.305587
13.680610
2.975659
9.733373
14.316758
-2.955886
-11.581163
38.915543
10.986697
14.089808
-5.544477
-3.561941
12.822277
-15.637730
-0.756295
13.837190
8.687491
-2.444942
1.954114
2.468918
-2.785088
0.695881
22.424660
9.690614
-0.711513
11.555005
20.417807
25.488228
24.491852
10.189366
26.200903
-6.561779
-8.683993
7.656797
2.851816
1.946679
30.245264
-14.076606
-18.885166
-12.978425
-0.840027
-6.015175
26.608664
13.156584
8.431032
-22.114878
-25.710537
-2.877784
-8.337498
0.967980
27.144245
-13.673355
-4.290896
0.299842
5.501099
-14.606769
-0.434819
-0.863264
26.527420
3.048877
-5.171460
8.193886
2.588384
-13.069918
-8.726501
-8.785588
8.113055
-15.814790
22.287556
6.769075
-11.871222
2.879277
20.849342
-1.948677
-1.390614
-10.244980
-4.662376
-17.056255
4.832652
20.393669
1.636110
14.215455
-14.156363
1.567259
35.850800
8.695473
18.523016
5.201408
-8.744151
10.765467
8.004876
1.113312
-5.525723
-7.840796
3.440824
24.598307
-7.011441
-13.202353
-27.024773
-4.586589
15.542496
-2.656509
17.558498
18.278561
-4.427022
-3.454928
9.419178
11.494452
3.235671
17.250824
-10.872302
-3.053474
-13.146354
-4.792181
0.780599
-11.115547
2.953472
-11.186242
2.516301
13.786938
-6.481913
-23.323774
9.554717
-16.089897
-3.209121
30.894646
10.656526
-4.576437
-15.791618
14.029430
-23.087572
5.677558
4.997765
-6.519017
-3.582564
11.071024
-11.346504
-18.901194
8.010806
-4.548158
18.609295
-2.413723
-14.594535
6.606244
16.357077
21.742912
-10.305767
-12.012076
17.792601
-29.771561
15.614228
2.831403
-4.823078
6.456973
1.339765
0.787106
-18.317373
14.645473
-9.350762
18.291937
1.944412
-9.075391
-20.256023
13.885399
3.784630
8.215064
14.407873
9.018870
13.295381
-7.550311
-5.870028
5.444428
7.393055
22.045368
1.691139
13.064641
-0.632673
26.176552
25.805025
16.939207
7.418830
41.837833
8.898467
-15.505103
18.520550
14.825486
23.474545
22.436684
-3.012283
24.933361
14.913129
7.382947
-2.625251
7.043361
-3.460096
12.275618
-1.302631
-4.520831
21.803694
-0.725667
2.098416
-13.408093
-10.148083
-1.162086
27.458065
-9.220115
1.027557
23.815039
20.467487
-12.041365
4.365323
10.935062
26.446150
11.102174
-0.756183
15.206346
-4.970380
-6.650053
-0.286684
-0.963976
-7.295871
18.652353
9.150587
9.910530
8.221029
5.312474
0.655049
10.335555
1.030110
21.451595
-15.624115
-6.794684
0.453458
-17.579138
-0.022539
-6.927789
4.133319
20.968002
-4.564368
8.845304
-7.023856
27.108839
8.423797
-16.043535
12.720051
28.811878
-10.145632
13.514803
-5.492800
16.106110
8.311154
1.285501
0.348780
-9.341038
15.852292
13.539549
-13.328362
15.513244
-2.669792
-6.494773
29.586260
-2.452684
16.183342
-15.514409
-7.689926
-16.269758
-5.457881
15.498413
-5.871230
-22.950499
9.871577
3.296667
19.395576
-0.880703
7.590847
7.896747
-1.227980
-6.333099
-18.290009
3.817137
-9.006733
6.035279
1.425672
1.814312
9.136314
11.246965
-19.054464
21.186934
5.656565
-1.488144
25.773214
-0.746269
-13.667744
29.921703
-24.757593
8.461951
12.860612
13.892715
6.882311
-5.298952
12.966757
-13.732259
-1.823924
42.452446
10.746012
-3.482495
3.229890
-7.693202
16.599768
-2.122370
16.798418
10.237203
-5.875386
1.341794
-1.509716
-10.680718
3.743245
-15.831435
-16.032080
-5.151753
-18.354679
-1.167269
0.466930
7.106863
19.559324
8.335853
13.706100
-4.360738
1.120234
2.784087
-11.754561
-13.140021
8.001265
5.162491
-24.271870
4.965709
22.169037
4.853497
25.765602
1.458300
15.256912
13.081043
2.159430
-2.876153
-1.162209
10.486815
9.937366
21.807451
-23.408516
-4.515986
0.816254
-6.154067
-6.098379
-16.779760
4.851476
22.528416
14.011048
13.504008
42.467121
20.185995
4.846533
-1.162786
9.767228
0.889404
6.311142
2.426801
-13.874506
4.370688
-11.864423
-5.704679
-11.618929
-20.312784
-5.069259
-4.565715
25.650763
9.111092
8.806963
-25.104931
-16.376202
22.128111
14.206138
3.153282
-6.041047
4.011888
5.144197
-4.411012
5.842700
33.259232
11.475146
5.199286
-11.827846
-21.971066
4.979016
8.385451
-8.891829
16.396292
-12.279368
7.108072
6.783415
-20.537691
-2.891631
1.443215
1.171059
-7.240036
22.307411
9.988173
9.646579
5.599199
-4.178412
-3.063407
-12.814612
-4.522950
11.541219
-8.130557
-1.889424
-6.468171
26.115698
26.420120
-10.918386
-13.418100
-9.657013
20.478228
7.666639
3.854350
-1.535001
4.456897
-14.733536
-16.004362
6.334958
6.218225
-17.586254
9.907277
-2.161197
4.442368
5.675147
24.458504
-7.158384
3.326905
0.058360
-4.244839
28.097630
4.191486
5.690822
2.414215
-7.608602
-6.846661
5.623461
-3.899867
-2.234495
-4.261383
-10.936416
24.926102
-4.322530
2.879241
-6.073248
11.829071
9.581872
0.980183
7.767990
10.155720
8.698968
7.115885
11.850050
-15.614759
-15.088434
-14.601206
-2.751786
38.350422
14.197827
-11.124771
-4.456046
5.061749
12.719058
9.752003
11.711533
-2.121667
-4.476805
12.637160
25.256241
-19.046024
11.129132
-10.848727
-27.766760
22.752008
15.365782
16.080404
-7.462537
21.244108
27.101770
6.612674
17.622351
4.672265
1.739239
8.502449
-4.100156
12.987756
-5.695697
-2.662971
38.205696
-7.395427
13.502510
-17.712706
2.943600
-7.843545
1.800505
-10.673768
3.979345
0.169381
-5.390893
20.111937
-2.216460
-0.907452
-22.918957
3.300077
-14.935365
2.894915
-3.796735
9.153025
-13.417566
-6.822457
-3.727952
2.179243
-2.966586
-7.369826
4.195623
-6.638294
26.201759
10.377619
7.611538
-2.501311
-10.865327
-15.695178
-2.988491
-1.742614
12.920814
19.326563
6.200104
1.930096
-3.053050
12.492630
1.663111
-6.220443
5.285541
13.267699
10.425297
1.596242
11.758492
-12.203283
2.692065
-5.428533
0.181852
13.379881
20.652363
-9.757037
-11.952867
0.080106
12.595974
3.662700
0.063329
10.213262
6.658395
6.884398
22.338837
1.367671
12.058271
19.632332
-11.799335
21.936152
0.425201
4.455273
18.943329
18.980957
-9.582037
3.745886
7.880482
19.212206
0.508289
12.287603
-8.330101
26.307198
7.761823
-4.159366
-2.569909
-13.099486
8.847423
12.626288
-5.816307
5.838431
4.085720
0.297845
25.178165
-11.653258
2.835596
12.500916
-8.079965
14.629771
15.485675
9.738072
5.877532
4.060095
21.601994
4.954454
-0.658569
-30.341944
-10.663525
-4.327538
-2.829045
-0.441898
2.221443
-22.365543
-10.852600
-5.619774
-1.869262
28.211134
10.510010
5.932534
-17.380737
26.456871
-0.652655
0.736029
1.026410
14.521749
-11.316024
12.724374
-1.746255
-4.013360
-6.629654
4.876385
27.956999
6.875052
8.025193
0.357238
5.325614
13.806137
25.405401
14.516797
-4.486742
-10.655866
-12.326605
10.413253
4.038002
8.372666
15.051860
26.660103
-2.233640
-0.605498
20.318443
7.104865
2.567741
4.720095
-16.511515
15.261872
-3.286042
-13.149944
-3.954054
-16.559830
13.207257
-16.919292
-6.733954
2.952777
13.322033
9.603790
-5.456698
1.769524
8.835793
-7.041877
3.388839
17.425695
-34.258404
-1.031328
-1.912788
-5.253302
-12.053268
13.663884
9.882805
-18.303495
14.147935
6.465500
