13.573572
3.846873
-15.088499
5.909817
-7.909116
-11.405997
-0.965147
2.621601
16.522530
10.254766
-3.905781
14.385010
-16.843771
28.839758
-0.031889
-8.607384
28.735331
-2.197118
6.243944
-1.788118
2.973207
4.565483
16.973312
-3.158695
6.019325
24.581127
6.580203
6.143298
-3.491714
1.067533
5.720110
-0.931366
12.851458
9.997794
-10.363884
-8.001990
-0.108603
-33.162628
3.972781
-7.213041
5.495467
6.208586
2.744973
10.221001
-9.895597
8.021854
5.493064
17.338358
15.214842
3.610818
18.693821
2.942847
-29.782433
0.873587
33.918789
20.639742
12.226359
-8.519855
11.560017
10.261431
-12.159652
6.001606
-0.730850
31.015612
-1.230423
4.602534
18.880566
5.484152
21.708181
-6.790976
0.150286
-2.537984
-5.068963
14.718066
7.040434
13.128771
2.584887
-7.486720
13.342301
1.810361
-5.581585
-6.715018
11.404182
-6.891378
2.931783
-9.055948
-9.371475
-3.968589
-26.947903
-7.282083
-12.324061
0.685834
-9.800878
6.748810
-1.581488
1.911352
-6.071152
-1.625206
8.411256
4.611427
-4.463068
3.873588
13.204809
7.236636
-0.650028
6.902058
3.508225
0.070027
-16.099792
-3.867930
23.904806
-9.102605
-5.754736
9.092275
-3.446753
15.864402
-8.786095
12.598772
10.394669
12.251237
-21.500475
-26.671034
1.529136
-4.547042
9.296426
8.084495
13.932371
-20.017113
-18.416273
-7.032296
-22.957813
12.817208
14.820846
10.853941
-15.581903
2.313030
10.630306
-12.223266
-3.831857
6.583971
12.986246
17.530912
10.293727
-1.613602
8.369557
-6.385300
2.561330
0.730209
-4.118822
-2.587065
14.838625
-8.523894
10.622402
0.252410
-3.794570
17.114109
-8.395253
8.551656
2.302920
-5.637074
9.254667
-13.020400
4.299743
16.155050
-11.776267
8.464427
16.015169
-6.423457
10.808399
-2.453566
-8.187807
12.075804
-2.382789
15.505855
4.224775
25.045645
-11.985764
-9.398243
6.171933
8.486322
-0.310420
-1.746741
8.946754
9.591689
-11.730649
-0.630003
13.963058
-6.003932
10.868325
16.542757
5.637086
-3.907337
20.760128
-1.030611
7.096327
14.157149
3.023621
-0.876880
-2.143910
0.263265
-22.054480
-7.940691
-26.020069
-14.002131
-3.622214
4.470734
-22.369026
-8.700442
2.447437
12.162273
-12.733425
7.432627
-10.512015
7.177871
17.762362
-9.829967
21.946125
17.540047
-6.629602
-1.860953
13.558635
8.056125
2.251864
12.513210
4.652753
-10.674006
-10.913069
-9.526071
-20.694384
7.921152
17.943811
-3.107712
18.784309
10.140212
-0.832130
-0.305435
5.497201
19.775354
-16.246664
5.614932
-8.612602
21.550907
5.125947
1.472479
5.469802
7.082890
-10.151039
-6.405831
19.174246
16.397596
0.117594
20.865686
6.979137
4.107442
-11.050104
2.645380
18.899439
-4.036294
-5.112227
-3.055121
3.512460
17.622633
9.935977
17.730410
-25.566977
-14.927825
-11.439445
16.020512
22.583229
-9.700437
3.057766
-9.732985
2.657959
-8.576500
-1.489952
20.244431
-0.790581
12.630862
19.446537
-28.067585
11.246581
-5.854398
4.355465
-24.990292
-10.574848
7.817924
19.476011
27.555891
-4.860406
-0.757096
10.163965
15.725804
-4.145652
-13.866976
3.759365
2.411078
2.172091
15.591738
16.054813
21.226822
12.238695
18.929161
30.165649
32.674854
-10.473324
-8.213325
-17.028442
9.698987
-3.581105
23.454922
-0.247374
26.099800
-7.283084
-15.538179
-15.935575
11.851797
-17.286636
-3.299865
-14.977940
3.190387
0.076931
2.493605
-9.521990
28.349825
18.116146
0.713066
10.879930
-5.255514
4.580807
14.467012
13.171761
-3.548605
-12.435118
-14.458595
1.086551
-20.470169
-0.738303
21.049847
1.612761
1.475135
-12.170122
7.316557
-0.494101
-0.669987
13.248553
11.937735
11.051239
0.429524
-9.181021
21.089336
0.229700
11.757375
3.080264
14.210164
-3.175468
3.284144
7.507288
8.823256
4.215218
-11.885356
-0.453015
-8.713747
16.060993
-14.996912
1.594759
11.671851
22.455101
8.384677
0.074445
4.094046
21.008629
18.010529
12.678864
5.974300
6.969355
12.146164
17.074966
-19.927973
21.315445
-15.298866
-0.411647
-7.374429
-4.261675
18.286348
-13.688161
13.626083
-26.651096
-12.327795
16.574524
19.890017
-10.002836
-6.116971
21.583189
-27.595003
-4.324045
2.647312
23.358376
-1.020647
5.045043
-1.508694
2.474399
19.439909
8.788677
4.654026
7.386978
2.484036
2.047142
1.350757
-4.113031
27.081934
-7.892196
-24.394854
19.517887
7.480694
-10.901122
7.172798
-5.135068
-5.172302
1.840464
11.297238
10.032974
-8.553681
10.337826
2.957024
4.040858
19.869337
2.700658
12.220246
24.145283
-9.835540
-2.260157
-15.679732
1.673139
16.460585
20.641233
14.290077
12.116302
-2.433915
20.991461
-10.916488
-16.106895
-12.790953
3.980277
-0.585249
3.542644
9.548896
6.514292
7.547117
16.258312
5.952453
-12.313158
2.844871
-2.449742
-8.451748
13.246119
0.775570
-27.359512
-6.548081
-6.656777
-5.549698
-12.688316
0.658046
6.499664
1.477029
11.029445
23.810528
-0.149465
-5.477540
-0.980728
13.328269
-0.542092
20.947361
6.813338
24.428661
-3.866964
16.098646
3.678799
-3.861334
24.058825
15.453844
-8.368406
1.463608
-18.262960
12.883821
-4.994365
0.725288
-0.414171
22.836199
-9.924215
2.436841
13.854180
-1.537972
-11.631473
-6.564590
-5.605683
-7.527289
-2.625909
3.132744
16.534781
7.260136
-16.944929
11.033092
-0.040248
-0.368584
20.094717
-9.589115
21.481693
0.032897
27.982649
9.095525
-19.035759
13.881682
2.970801
20.019300
25.531796
-3.559831
-2.984960
-8.647628
28.279253
14.153447
4.417824
-12.237062
-5.896375
32.130726
-3.125113
14.836276
6.873107
-16.963203
5.180834
9.379214
9.376175
3.130851
13.509238
-4.850113
12.016283
-29.045107
11.140120
20.295202
12.233644
-9.113858
5.613964
1.715403
-1.442110
0.503253
14.547472
18.156172
16.198975
8.119901
-1.932950
9.698398
7.087628
37.518944
-10.939234
5.942975
-0.064595
-12.386690
10.805616
1.689144
3.927888
11.047868
12.167631
6.928548
1.820912
-13.674340
-4.829344
7.925169
34.707623
4.830800
-3.296002
-0.097348
4.602920
15.581679
-3.527722
23.637909
10.549752
-3.925967
6.723207
13.974912
-10.120236
7.127756
17.705996
-7.342253
6.114197
14.119181
4.003818
7.548509
-8.499061
12.301326
14.876368
-2.427548
-7.768928
-7.224130
7.247500
3.804206
9.135239
-1.526352
5.096954
3.356889
-14.643968
4.634973
-3.929834
4.099367
-14.819367
-15.330330
-5.210316
-10.178428
24.488665
35.560436
13.262043
-14.115488
4.339244
-10.088749
0.963447
-1.566099
-13.307312
-9.378718
12.200128
-9.079970
-3.229148
25.225927
5.006463
47.405125
10.825458
-2.726250
-1.353877
9.999677
3.013300
8.169947
-36.697052
-10.965675
-1.368086
-3.137173
7.757502
-5.470442
-4.085939
17.649073
-17.096128
6.844333
7.419864
10.660335
-5.305944
21.841238
-16.936701
-0.212878
0.557133
-15.263095
-5.055087
-1.403990
-2.543487
6.632466
19.242386
-9.538792
-15.143723
7.093440
-10.862941
10.332591
-7.597372
-5.486530
3.048972
10.993864
-21.560146
-3.041066
22.222759
-9.885205
-6.621045
12.524968
8.552782
11.146362
-5.825856
-3.090795
-5.911307
11.669600
-7.781437
-2.157706
4.447818
3.024404
8.855180
-6.526993
-12.538507
-10.049766
17.411732
-15.548393
5.478301
19.669138
-1.683115
-11.566795
4.923750
5.923874
5.020011
-2.418194
14.791585
5.556790
-5.870090
-5.166453
-15.380490
9.246821
2.250459
-20.312811
10.329043
-0.763751
8.335347
9.718124
-1.213623
21.982542
10.592571
-18.417788
7.681438
1.612959
-4.545868
-11.766129
-13.581594
-3.281449
-16.633228
18.117353
-9.410327
9.601602
-3.975612
5.398726
-12.926474
5.951066
15.029399
-13.044959
-1.433613
14.202513
0.911842
2.589136
19.189844
-8.416325
-10.869947
23.132801
6.435571
13.242178
3.695056
-3.487614
14.863540
0.773541
-10.421691
17.871170
-21.112230
32.248768
3.953810
-15.542474
20.436209
1.406738
-14.491279
18.669928
13.353129
13.117474
-5.747414
8.356299
-7.036045
12.506230
-3.617373
-14.017015
-7.529858
0.111668
0.982170
7.973710
9.162554
44.059315
-0.487526
23.156965
-11.534318
2.866928
8.227177
-3.283916
-0.165170
10.600935
7.364209
-11.795872
3.932396
-9.251603
11.603508
9.872650
-7.763988
5.184111
-13.925645
9.615228
-3.255658
6.145000
9.596051
-20.676332
1.847990
53.301552
10.508430
6.025456
-5.303440
0.092104
27.326126
-2.253014
-9.210446
-4.697116
22.279703
-2.548158
23.081417
7.635242
-6.070974
14.975713
5.322062
18.223778
5.818007
-7.136604
19.695835
-11.354155
2.589774
-4.140768
-2.071442
2.247737
-13.062921
-29.231028
15.627360
-5.326201
-1.395486
13.809834
10.229382
7.383866
12.411792
21.504831
24.612608
11.868758
13.158722
-16.376884
14.261797
10.710105
3.843820
2.814458
26.881992
29.858063
6.018930
12.657501
14.533493
16.226032
-7.184405
-12.323405
4.980567
10.737019
21.039537
-4.898637
10.432409
-4.212311
-4.754745
10.999516
0.732172
-3.117496
-14.299838
7.232160
3.436650
13.119580
-10.032404
12.966056
12.876343
-6.923903
-10.720295
7.377398
3.133855
-15.059965
10.015052
13.134713
-4.086807
-16.264053
6.171924
-5.291188
4.873168
0.557951
-2.706389
-1.932423
7.139939
-13.972587
7.595489
-8.301419
-4.214271
-11.043794
-8.713620
-9.979030
15.443433
8.719011
15.894279
-0.636526
-4.685753
16.321772
1.209205
15.191462
-3.410186
6.123131
1.020705
0.236336
-0.204223
1.655436
-10.882625
10.558057
5.153470
25.756090
-12.974404
16.840471
15.531628
1.223348
11.383897
-3.753958
-9.015647
-7.215683
1.533386
11.942791
4.218263
-5.693375
-20.616970
4.452627
22.092890
-17.573095
18.902880
3.865434
-13.437325
35.876007
-2.669482
21.009581
-6.111320
-29.889013
16.132086
-27.463659
-10.883968
12.184525
-0.084093
-16.780758
2.423800
-10.137620
21.455647
17.432516
-9.073901
14.717907
2.132877
19.787659
-17.843542
2.801418
-28.763868
-5.655162
-17.839264
24.420277
-10.059133
2.920470
19.321754
-5.825688
8.723781
18.391747
6.423609
4.269589
13.840598
-19.030788
-2.784793
27.229324
-0.748241
4.359314
0.381899
25.930513
-16.895340
15.408718
-13.495058
10.768905
7.991994
-9.113374
-27.874922
-8.790703
-11.562487
-4.593114
-13.285687
1.881267
6.781079
-3.221318
-14.618974
-22.357204
-4.466947
29.558210
4.838846
8.551378
-6.421407
-5.002739
15.688787
1.862115
13.322072
-3.643525
13.383727
10.996490
17.252897
-10.378716
-1.622134
3.716320
-11.149922
-9.905709
-1.396310
-11.253890
-0.976661
-5.290103
4.418766
9.985831
2.058435
-4.907099
14.583189
-9.096186
4.368390
11.914206
-13.731177
7.369430
-0.979793
1.295413
0.879273
11.798661
6.038420
4.659258
1.527645
11.055456
18.380911
8.536811
11.594969
-12.977428
5.812301
14.982714
-6.482297
-3.028854
10.779830
10.001877
6.568140
17.475433
2.695810
-0.904938
-0.909766
10.687365
-5.362131
14.565635
-5.537716
-10.307349
7.870821
-18.597433
10.716336
11.631707
23.826872
20.736811
-18.779451
8.467952
-14.099214
-0.944282
16.157017
0.682820
0.175320
15.079892
26.485386
4.262846
-3.208892
-0.770966
-6.064775
9.756239
-10.604047
6.556447
10.186053
11.920522
11.017805
-17.325382
13.463108
-17.779526
-7.507060
5.730844
-9.721200
4.041286
-12.896078
15.340142
11.948270
20.464121
21.751894
-12.725070
-6.040505
27.735754
12.197677
7.440114
-0.721766
4.237736
8.554810
7.525505
5.866322
-18.520885
6.151683
15.633403
-2.832026
1.363679
11.093575
15.733095
10.269604
15.888464
0.233293
5.969550
-4.628629
-9.234859
5.445273
21.604744
-17.613396
9.011729
13.462058
-13.170480
-2.703841
-10.310272
2.491755
-2.443124
4.088390
-12.091775
14.649839
0.901848
19.830267
3.648229
5.164793
-10.103374
14.414427
6.139427
30.480131
9.486824
11.924073
12.100111
-1.295697
8.853350
11.988113
-3.134977
4.322206
-7.562684
-3.393043
20.976099
6.573044
-2.703218
-16.206602
-3.737715
-14.820609
1.921107
9.895517
-2.386196
19.420673
2.166759
7.609197
-10.221631
-12.323816
9.640889
-2.193419
10.537531
-13.588093
1.627380
9.116296
-0.826380
16.450352
13.439201
1.472513
4.210687
-2.357517
10.178955
0.379538
-3.072885
14.823565
-1.890292
-4.893356
-8.655726
16.678684
10.537720
-1.870919
-5.123791
0.050726
12.182102
4.326128
13.373268
5.410201
20.924425
2.077794
-2.290880
15.150723
8.708971
-0.593469
11.800335
1.068569
-4.808461
16.184013
10.613244
1.067850
17.860926
16.079954
4.864559
20.781616
14.771503
1.032844
-3.753382
-7.990478
3.573120
14.602529
14.843481
8.229999
-0.349711
10.446544
2.347610
-10.874593
11.179132
-3.879301
3.551085
1.507882
18.810270
3.368102
2.345416
8.257100
11.725822
31.046202
3.439632
4.162584
-11.646731
21.134912
9.227884
-1.984946
-6.048154
12.436119
0.955817
14.392743
29.336388
20.270002
-1.814536
-5.389298
6.419764
15.985937
-3.086216
-12.523171
-12.696084
-21.844151
12.990835
34.970734
14.746477
1.696936
-3.802095
-9.019594
16.265570
9.727578
1.319573
3.343519
7.207366
7.948061
0.916309
16.965054
-1.619116
-7.724164
-4.455541
-23.949512
-4.119289
5.095315
-3.795048
-2.033915
6.707674
0.653655
-9.538195
9.512294
2.694948
-3.510317
16.730900
-19.666100
14.188726
14.289657
-2.441211
-16.409668
1.775940
-0.334958
-25.977486
-12.397067
18.169468
10.599673
-1.447021
6.406104
3.453041
0.288678
12.080282
4.090870
-13.094100
-3.074627
7.809506
6.749961
10.234380
15.068258
11.207558
7.759110
-0.155447
-23.730474
-5.564045
-10.778147
-2.812961
-16.133142
14.229172
31.230877
0.152552
9.936556
-26.280180
-16.906933
-19.579927
-11.761405
3.128830
-11.220546
8.030325
-8.410620
0.885781
8.799301
27.118383
-12.789005
13.561362
17.108250
-5.055438
-3.314854
21.182100
5.773925
8.556586
-2.395303
-10.655684
13.693370
-20.301657
8.309422
-11.379020
-9.859214
-16.723391
3.763405
6.790006
4.349312
-5.463143
12.073481
16.739746
21.538467
7.308689
15.859868
22.185268
-5.004432
1.699656
17.762037
7.946997
1.184830
2.392474
7.340220
-1.544050
11.225823
20.558567
-9.600310
1.061932
-9.284188
-18.821108
-20.972351
-15.305982
7.479501
22.593040
5.842111
0.838698
18.754068
-13.935244
23.464024
-18.124331
-7.708917
-6.794647
-7.389543
7.874506
-6.259560
-3.700401
20.237194
-7.746849
7.386697
15.049216
17.877598
15.273458
11.359746
0.988114
0.436755
12.055296
-4.087135
-0.315251
10.525387
-6.009751
-7.436795
5.444969
-11.587274
20.408981
-13.797299
4.101453
10.328902
-5.053488
-2.685232
-5.888937
13.988547
18.778770
7.079767
-8.264143
9.218669
-14.275792
0.740311
-19.433443
-3.523695
8.571391
10.663465
-7.091892
3.161132
17.133347
-11.510922
2.967849
-21.520584
10.976210
6.252626
-0.784925
-16.446310
20.257189
-5.652279
4.660469
-16.487202
-1.860759
25.029701
1.040517
15.397991
8.134409
-1.352028
-4.771554
0.402432
0.812745
-4.978926
-16.942654
23.054092
1.765364
6.433199
-4.454222
24.817251
12.655339
-7.205397
5.112947
-5.387474
3.682560
-3.988102
-10.447591
-5.254027
27.148645
6.729029
14.876519
1.006261
7.929251
5.557020
1.062398
5.960660
-5.110802
-7.389297
-0.961319
28.139805
3.443408
0.755880
7.712418
8.489827
8.900844
16.679420
8.751619
0.598093
15.533004
-7.969821
-9.649632
-0.239872
-14.049134
-2.382884
-0.047816
-7.165226
0.792197
-3.016019
-25.889147
-15.614451
21.499300
-1.157144
16.450529
2.354686
-9.188724
6.412429
-7.776323
-21.681829
5.930771
17.746803
-3.469788
16.795238
14.232554
1.144830
25.325331
2.886722
-21.773149
4.012554
0.941543
5.806185
-2.598599
20.001009
-0.186414
16.942633
-6.481522
12.652435
-2.430688
0.197540
-14.875539
6.858654
5.080319
22.385534
-10.841197
-2.975250
-6.369611
-13.654913
5.217424
-3.144607
19.713123
2.636523
-3.782355
20.939922
-24.129679
16.671984
6.374641
7.112222
3.826409
0.348798
-40.247833
34.076839
-2.217957
4.982037
0.586543
-4.121059
0.070825
12.769505
-23.446293
-10.085261
-0.163714
3.879836
4.067530
-20.641050
-21.147501
6.998768
3.916780
16.089289
-14.333244
-8.579542
9.298195
25.233416
-13.825159
25.258514
-0.669181
-1.733382
12.569551
-4.493681
13.817684
28.155048
-14.507043
-24.734596
0.393352
21.905409
12.046695
21.978006
4.072160
13.407533
-5.981070
-10.108221
32.658226
-4.367300
23.910427
8.240102
-8.194919
-9.777647
1.009356
13.199336
-9.848472
17.025635
25.461828
-19.645138
4.823920
-29.745483
8.482643
13.062395
-2.431422
3.539697
-6.405007
4.875819
7.325051
-10.543138
2.368528
-7.007145
3.169558
9.945058
10.299781
-8.329926
-6.611680
3.362111
-4.379899
14.074976
-10.319206
-13.165259
-4.878552
9.893161
12.680415
0.901314
10.827585
-14.003173
12.322533
8.233732
38.645721
11.734144
23.288513
6.340763
-6.593882
5.083061
23.792376
-4.251753
6.313920
-1.096727
31.768948
-8.217495
-16.340591
5.567799
-12.206224
17.132404
12.488050
-11.059966
-9.628447
-4.952170
11.159999
-3.449321
20.053749
-1.724419
14.069981
-25.129217
-11.644421
5.010232
2.397789
-7.633913
-9.127857
-19.667534
-2.902946
14.059793
8.816959
10.615335
-14.421713
-17.389151
6.370965
-17.926003
0.239019
-2.439803
-19.742231
15.735946
-4.771720
-1.831757
21.653543
8.384040
13.938510
-0.617495
8.533448
5.148593
-7.035033
23.061333
22.066700
-5.623454
-20.380983
-13.393736
-5.555334
22.182098
8.284277
-24.128309
-13.606133
4.801093
15.018784
-7.136012
-6.271671
15.245819
-1.781678
16.250465
8.795319
10.920259
-0.114436
4.742010
27.771948
-13.982162
-6.561482
6.737753
0.958520
23.946476
-20.112425
-2.498968
5.785714
9.789829
1.613713
3.007542
20.467716
9.237821
-3.694330
5.164310
3.298782
20.305267
-17.974171
-5.363062
1.470268
3.163968
-8.102138
3.365952
14.916766
-15.707104
-0.349867
-3.803234
-13.828842
6.382865
-0.093986
-1.652987
-4.590018
-1.134484
1.091842
10.242924
3.463606
5.256867
12.269583
-5.298978
17.348454
24.787968
-4.339258
14.042361
-19.371773
10.268403
32.057140
-16.577124
-5.920116
1.390524
-4.346091
6.035699
1.905839
0.475594
-8.489849
31.248201
-9.632183
29.604258
7.277912
7.206494
-8.318441
11.163803
25.091570
3.273319
-3.974732
-8.247541
13.999557
-8.044253
-6.300306
6.437819
23.748903
6.039730
-9.877440
15.560068
15.828469
13.280902
11.599929
17.097366
4.967272
1.302296
-7.705137
-6.715323
-7.303636
4.086085
4.618352
-1.476292
-4.166862
-3.324858
15.631820
24.182043
21.183870
11.823040
-3.201298
-3.924846
-5.264924
9.204517
12.787480
-0.102424
28.768282
-4.166639
4.685473
3.958900
14.860099
-8.377865
-10.156774
8.897691
1.127725
-8.207495
12.919782
8.207096
2.058810
-14.112631
0.456682
-18.836557
19.792110
-18.883009
-2.114900
-0.999273
19.249308
-10.302608
3.681401
-2.238671
7.011075
6.651674
11.625074
2.567169
20.917231
13.033377
-2.699332
-7.863813
2.265156
-8.129086
-22.069221
-15.285447
15.435095
11.534076
-17.714867
14.315764
-2.158183
9.189034
-20.726679
-5.518915
10.265233
6.972146
5.817143
12.608688
11.287454
5.919785
3.289359
-11.947734
-0.348544
13.248744
-9.886068
-10.139863
22.494879
8.337214
-10.804158
-5.059099
-7.842323
-0.886512
-4.176099
11.431275
-7.168972
24.135918
12.820463
12.105490
0.302498
-12.123665
-9.469280
-3.770278
-2.486987
17.765646
10.845904
-9.374155
8.932589
-5.523591
-3.500318
-7.506741
7.306042
-31.681376
-19.728205
-10.306641
8.392259
-5.455840
-0.394480
14.410075
-4.865220
-19.808790
7.863511
17.756157
-31.967077
24.827948
-16.790491
-14.660442
-14.631927
5.188513
2.195363
-2.258654
-3.129734
-0.754642
-14.204001
-9.412294
1.072385
-4.117545
4.769177
-4.791781
2.968523
23.603500
-14.486259
-10.816594
4.582573
15.713570
-19.939346
2.301501
-7.021212
-6.408393
0.189534
21.476791
14.568528
0.348841
-3.675800
1.990252
9.173261
31.256224
-3.433515
-18.120705
8.229896
8.103820
1.016907
-4.369528
13.308639
-2.872779
26.244261
-21.996439
-8.995031
2.949971
20.930239
5.741889
-11.020750
3.258041
-18.226086
1.550065
-8.448706
16.534273
-8.308704
-25.791136
24.111862
16.480663
-11.839921
20.547211
3.376145
-14.469503
10.794315
7.246027
5.413877
14.728750
-4.808500
-13.822601
-10.577771
1.780854
7.539321
11.172926
7.716591
17.775156
18.461880
-6.985095
15.982615
13.903519
6.845245
8.276145
-4.772023
-3.330613
0.915453
15.968276
25.684902
10.372141
11.200316
-4.826218
23.327635
8.232389
-11.439329
11.946926
-7.879295
-0.510011
-8.073531
17.348665
-3.366741
-5.512828
2.798686
4.852018
-1.053654
10.546087
5.754927
-36.248722
-14.756451
9.347079
17.552973
1.155652
-1.103051
2.290989
9.020479
6.603909
11.060314
-11.548546
13.769871
9.344955
-20.065134
14.737464
14.118817
11.099420
-14.761724
-12.637831
2.341928
-21.709866
-3.973385
11.930260
22.978874
4.472713
-5.691452
-2.427544
-4.032352
4.155702
12.595806
8.444319
25.555279
3.934031
5.692321
-15.788107
10.271885
-17.180517
-32.866203
-16.223557
35.050949
8.471601
-6.033721
-7.999743
1.536397
-2.290204
-13.770726
-3.491006
9.501718
20.118856
32.760464
7.050873
16.018728
9.083006
-21.240761
8.003924
18.612700
2.447539
-2.004247
13.463408
-20.159349
-13.614735
13.195134
34.197609
18.655970
9.846412
28.730465
-6.078322
13.797982
-1.170678
-3.785833
8.550422
19.927366
-2.990034
1.962249
16.711412
-5.172156
-10.725619
40.783745
7.196983
0.524388
23.226856
2.392445
-8.110673
-2.519556
-6.232881
18.697132
1.644384
-17.493555
5.281954
7.551006
-3.790548
-21.716379
-1.651366
14.091255
-2.934105
9.663222
7.998447
15.283539
-9.146218
-11.718202
-11.851187
16.883419
6.709665
9.432906
-4.306020
14.425010
2.492530
-8.067638
-18.025129
31.018383
-1.942930
34.019623
0.894570
14.946419
-14.140138
-33.774628
17.036335
-1.510759
-2.706435
12.246287
8.788510
12.921813
-14.530470
23.401787
-8.073461
-10.031235
15.335312
0.346241
-18.875566
5.059054
9.224154
-15.678174
13.894489
7.987531
-15.018698
2.960260
-8.859754
9.993305
2.004609
12.236387
-22.739386
16.618704
10.834402
6.506509
-2.691400
25.513845
8.043980
0.084584
-4.838161
-9.973849
-8.020032
15.908820
-5.801809
19.693933
18.302273
7.412801
-16.776243
13.598017
0.243693
-21.912739
9.110533
-11.008221
16.698748
11.566350
16.338432
15.030770
-5.410779
-9.367241
9.570098
-13.637145
6.296479
5.192873
3.810274
-4.652885
-0.943100
5.295280
23.826403
8.161579
2.721205
-16.703327
17.022421
-14.813738
8.224624
13.860312
-21.009752
-8.383087
4.948693
-0.588350
16.198748
3.350697
37.739922
0.367428
8.550979
-8.452676
11.645243
6.088574
3.353946
15.836752
-13.435418
1.330161
8.338087
16.204817
9.820477
-14.737841
16.305513
21.643648
19.922123
6.786323
20.431721
18.773127
9.212782
0.448999
7.790653
-3.086200
1.050415
12.075369
-26.872602
13.993541
-4.751467
1.729572
-10.723540
-16.945091
-18.739492
-0.801471
15.473637
31.153065
-5.473047
2.438642
-7.223022
-3.086837
-11.787490
-0.935414
1.738775
12.881312
-5.796155
10.849106
-0.757351
0.416543
18.974089
-13.258138
-4.042867
-19.703253
14.318771
-13.862954
24.452414
10.112805
5.649343
11.486051
-6.639132
-4.047376
-11.654498
24.661772
14.889767
-4.678739
11.710005
2.330194
18.482807
5.971524
9.455492
1.531024
12.745822
1.251808
9.970133
-3.737617
13.898358
-11.955205
-13.729180
7.002738
-5.235301
28.909138
6.923051
4.641448
18.670452
2.910607
10.677523
-2.177588
10.407086
8.382968
-2.751133
-6.945219
4.189246
-2.712706
6.318949
32.955593
-12.053732
-17.161575
10.822067
12.716830
14.004204
1.548878
-5.254683
-8.738197
9.085911
6.506176
-30.012236
-9.431214
17.171211
5.809357
19.266325
3.763848
-3.069078
-23.434992
11.622094
-8.969528
10.680076
7.828277
-21.345360
0.161856
-5.280511
-15.812211
13.782254
12.782720
0.433354
-4.656471
23.209526
21.422720
35.156124
-6.294460
23.098408
9.339039
-16.095404
14.700961
-6.480055
6.801339
-3.590867
-2.846199
-21.117056
5.282350
-14.912047
-6.312086
30.343725
13.776607
-7.366528
-15.959752
3.239576
-5.019013
12.317388
-11.864200
10.572916
-6.348768
-1.181699
13.751494
6.380283
-18.117718
-16.127720
9.846374
23.287569
9.776721
0.233833
-5.788077
2.063702
4.750832
-0.253235
14.528707
25.801983
-8.759036
-0.565204
11.211250
11.674988
21.945368
-15.099542
-15.483175
2.742626
-13.558625
18.630617
-7.590658
-5.503512
-1.238103
4.662633
0.794374
22.881218
-5.481420
9.632273
-2.172495
-13.385650
-20.937624
21.570356
-12.590990
13.568940
19.266169
-1.054504
6.992498
-19.972622
6.733957
-15.267553
13.195339
5.618988
17.148418
9.063691
-16.857664
1.799284
13.034787
0.020156
7.160635
-9.998767
-4.943675
5.988302
6.822191
-13.192186
1.091025
5.706790
7.199287
-32.195526
10.702095
3.812888
-1.165317
-25.362076
-2.190420
1.079353
3.137925
6.531332
7.177375
-22.541430
9.097403
12.377687
5.123983
-0.852311
4.594942
0.663168
-8.860706
1.301243
13.354191
14.692405
-0.376910
5.790288
2.500127
-0.018094
-1.399999
-11.940975
10.952067
7.474297
-5.598102
28.207714
2.502426
12.462679
-1.092794
5.188492
-0.134384
-0.187834
13.756265
18.464933
-5.795748
19.231968
8.567814
23.510502
30.223576
-3.909904
5.821978
2.909354
-6.762973
-1.719448
3.465803
-12.337056
-5.369952
-4.926147
1.040465
19.281572
4.988447
4.343061
7.782399
17.341103
-2.095333
-6.116249
-0.878644
-9.612193
1.894653
0.476360
7.206234
-6.415079
-2.707872
1.832842
-1.597477
7.574133
7.094460
8.855850
1.672072
-5.841310
-8.593665
12.070137
18.430120
2.236093
13.587913
6.690816
11.125057
17.168028
-31.693344
16.158655
4.116966
-4.036126
-7.874022
-17.736237
-26.872993
8.262318
-3.191671
-6.911798
1.632299
-4.280995
-23.623207
9.263834
-32.543247
9.061157
-0.768825
24.284367
0.566534
-2.172717
-17.713348
-2.195475
11.184008
12.518491
-1.932398
20.698013
-3.257325
14.996553
15.792097
6.057441
-2.306915
-21.108932
14.277737
-20.644320
8.305192
16.649973
-8.839231
5.284624
5.529500
3.131155
-1.409500
10.575469
22.534973
13.799951
9.818245
15.578094
9.958197
10.719505
-10.109367
15.643364
-10.945277
-7.402117
2.946826
13.988743
8.746321
3.894500
-11.173308
9.824632
-8.399116
-2.537846
4.298771
-6.956429
0.896049
25.927467
2.348044
35.013935
-7.784731
11.351580
15.751148
-21.671551
-10.906039
-0.002577
0.532004
11.398621
39.114532
6.295659
3.351458
-9.446829
-15.606879
8.335172
1.753052
21.400980
12.912163
-4.984035
7.475469
-11.927752
29.342373
22.027786
19.471378
-1.520827
-1.387435
-10.684742
8.548942
0.813659
-10.318566
14.332162
-7.074104
-18.425434
4.835769
-9.688896
7.874211
17.651424
19.353024
13.479068
-7.054540
-17.250095
-9.288943
26.605373
-0.890631
7.396685
-0.409135
-6.381709
35.009098
-5.090437
14.273055
-16.637751
14.609597
2.039212
8.133208
4.840567
2.680462
16.734818
-10.006775
-3.843230
6.193194
1.898647
-18.631901
4.141506
3.163239
13.492100
-3.274704
20.013580
-1.984254
12.969144
-11.547345
13.321218
20.083017
6.716385
-6.824104
-4.102388
24.943293
5.937920
6.586389
-1.433992
1.186383
-3.881050
2.045271
0.857659
15.767065
9.136940
1.565390
11.567559
-20.449888
-9.421782
-8.372867
11.084099
-5.579265
9.827017
22.502432
9.119603
-0.120984
3.497149
19.227852
-6.696371
14.441001
-1.975515
-20.691563
27.563560
-5.008123
17.210289
-21.512907
0.701026
8.852331
-0.648209
-0.376523
3.306814
4.537704
-13.804977
-2.780436
-2.093434
-0.753163
17.082241
-10.519979
5.153603
26.653820
-4.260340
18.937206
-13.206573
14.541119
14.680377
-2.433214
13.738736
3.291564
2.790790
-3.582545
5.376509
17.305565
5.283477
-0.922813
-4.783386
-4.252442
7.632290
-2.610722
17.804417
3.385691
2.273748
18.154589
15.468792
7.116821
2.827778
3.743281
3.127420
12.002916
20.928240
-9.351172
-5.369662
-13.865501
17.286182
-22.169918
-14.428493
13.481531
3.097561
31.169298
-7.160938
-4.502983
2.064845
-7.910476
9.013182
19.761553
-4.334645
-3.337677
19.750999
10.489327
-4.001513
-5.755866
3.276431
13.908812
12.407343
11.452878
12.446872
1.843085
1.575831
0.090982
10.871467
7.701893
22.121437
-10.582115
2.072947
4.222340
15.500325
6.482590
-3.794538
-4.888006
-17.805164
8.648775
5.604180
-8.117397
-1.710544
-0.229101
25.159300
-4.194248
-5.390020
13.765229
-9.998007
18.536770
4.070864
6.409149
5.865765
2.154246
17.907795
10.472038
-1.040307
9.552630
7.954027
13.802948
15.132957
-7.265725
-20.822598
3.877418
0.130665
13.683142
-26.659128
-8.800762
-1.341734
-5.699865
11.411596
6.088719
0.673113
12.476005
-9.406431
-14.104267
14.711546
1.529254
1.739076
25.753311
7.255672
11.531779
21.790588
20.362625
7.712096
-11.845934
7.263108
15.430149
-9.129869
23.266367
26.359018
3.466968
17.887339
6.400222
8.173140
-9.503586
-2.912568
18.386658
18.969553
-10.652248
-1.263617
-2.240360
-17.223539
10.878684
23.898176
21.320452
11.842313
19.172758
12.531833
-7.865673
17.892965
-5.994317
18.016119
-22.479847
18.825518
5.324304
17.427027
1.168232
-7.121055
6.956766
12.069499
-1.866852
-8.328282
0.241323
-0.993363
-8.077243
8.700782
3.122566
15.278610
-15.906366
1.497074
-3.203133
-3.006357
-0.594102
21.499044
-19.678352
25.907476
12.790439
-13.557004
30.776196
0.336409
25.987852
5.135933
-12.968321
-17.261003
-17.433426
-4.094651
-6.002158
-13.012117
7.267250
14.081450
-12.990670
8.360618
-20.404118
11.720408
9.405916
-16.713354
-0.503029
-4.855829
-8.009477
13.269833
19.825764
4.812585
13.555271
27.585583
10.057879
-3.212942
-29.852243
5.227582
12.208353
26.746983
-0.399605
18.093655
-2.600128
7.232882
0.774619
-0.636659
1.691475
5.370977
-1.401584
16.723804
-1.205123
7.439924
4.200779
10.348277
9.188169
5.280252
-8.468096
-2.650439
11.280045
-17.132921
13.840226
-3.850727
-17.288212
3.486006
26.094425
12.169211
-2.636656
0.857580
18.017176
-5.738354
12.823854
-6.950423
6.138006
22.559654
20.406071
7.764028
-11.935102
36.936478
9.756297
3.505040
22.322927
-8.428255
-13.307444
7.086825
17.571390
20.339893
-1.557879
8.169180
7.332067
-7.509255
14.830500
-13.640162
0.499119
29.513348
12.513783
4.971670
-0.229677
12.681755
-3.909306
18.948940
8.885403
11.094181
-0.821385
3.186612
11.682476
25.613810
-12.820140
1.853901
13.311702
-12.785179
-30.997484
17.541197
31.476383
-4.203710
-0.786520
0.363156
20.084227
-3.683975
13.075068
-17.007156
-0.860168
9.035751
-14.154065
-13.287448
17.304617
11.761804
15.831252
-0.834829
10.280502
-17.307232
-28.013565
-0.409149
3.995058
9.922751
-19.772388
-4.221697
-10.044677
0.015953
12.960637
-21.042179
-20.270979
-10.289553
1.257062
13.747387
-10.327624
6.758286
15.814203
-2.216111
24.772604
0.474587
8.676924
13.824220
0.633072
8.707751
-2.430802
17.965891
-18.319798
-9.738253
-7.928107
0.746377
4.041813
0.627187
-29.811666
-14.257051
-3.301021
6.550573
-10.580428
4.353029
4.504428
-3.462319
-10.456867
-6.040142
5.622704
19.178062
10.045187
-3.875057
-6.626180
13.530375
-6.635700
-17.294920
8.377743
9.749589
-8.237595
-4.021579
-5.015787
19.994236
15.117073
10.971694
32.189831
-17.188120
2.656329
13.057935
3.086136
-9.094223
-2.979696
5.272248
11.360791
33.900372
9.538906
-11.459818
2.145108
17.264166
-11.571931
1.083844
1.697011
6.327557
-8.418585
22.752386
-11.147424
24.819130
12.689007
14.308492
9.177570
-1.867425
-0.705038
-20.887693
33.611885
8.272960
-13.054713
5.407869
-11.878976
5.189966
27.470951
-17.155186
-14.814759
4.480415
15.757863
6.951960
10.199012
19.187456
-2.078406
-16.403313
4.223693
24.274321
9.375653
8.619398
7.588626
-0.291018
23.529028
-11.166223
25.346716
-6.113999
3.195233
20.652304
-2.602872
12.083238
-4.329342
-5.608595
19.267403
2.420638
-1.972559
8.922026
5.530435
1.073743
10.496400
8.003657
2.311734
-13.635941
-0.228804
-4.999536
-7.367013
-21.747066
-8.577047
12.799183
19.682407
12.839036
-1.089382
-15.199923
3.686324
-1.360562
-1.545396
22.713017
20.840033
3.066916
1.195244
17.538864
-11.750267
11.603004
36.993057
-2.335317
30.209332
9.015020
29.720589
1.783352
21.463648
-0.520254
19.898941
22.874325
5.536119
1.471653
7.475428
-2.981738
-3.780042
16.349106
33.359253
-22.245001
-20.659483
28.289774
7.008159
-19.829256
2.543921
-1.446376
1.597195
16.494757
-4.776639
31.858953
17.554453
11.674665
-18.713169
11.704974
12.144843
-5.693138
-11.510960
-0.988530
15.007338
8.051036
4.318807
7.212062
-7.869994
-2.185645
-4.586053
-10.974511
-3.249365
8.566516
1.215092
-14.183244
-13.406780
28.479694
-5.906139
1.735309
11.979170
-14.100643
-0.247026
5.326418
-2.078089
6.720848
17.909145
0.885746
19.319109
-4.891545
2.998089
2.337817
-11.820441
22.115139
1.290344
11.491903
-25.844757
9.558330
0.844328
2.546594
4.631143
22.604349
21.766439
10.898591
9.091584
24.476034
-2.895893
-12.100114
18.430136
-7.374941
-3.627067
-1.218501
-0.019086
-10.784365
-8.086596
-16.542027
-0.478384
-5.277253
-12.203774
-7.016884
15.047976
1.475011
-2.940928
7.199023
-10.999133
14.850105
9.845742
-6.947394
3.409752
20.613928
-10.142787
8.655603
17.612942
12.632633
-3.439107
-14.934153
3.760099
12.396272
-5.597550
6.648340
6.785914
-14.021110
16.882113
23.100952
2.582530
-3.380846
4.835578
-27.767546
-10.258622
7.134722
-10.326060
-13.041821
-6.507689
13.577558
-2.450510
16.176037
-2.677496
0.466762
20.103205
-1.545645
29.105318
30.102388
-4.111581
-3.413858
-6.101643
2.836581
-6.053493
-3.472816
-10.591982
8.309597
24.666418
3.294401
-4.014222
-5.078535
-6.669868
9.993863
13.047801
2.577605
-0.438363
14.139235
28.020000
9.576472
-32.600567
8.078248
7.739966
-5.180440
21.599136
0.432525
34.730705
-6.116349
14.127490
11.347115
-0.991979
4.544849
0.794029
7.760437
4.222707
-11.949116
-11.444937
22.816862
-8.064384
10.853048
14.134025
11.635113
2.667394
3.626888
20.013819
-16.267347
-11.338773
26.377064
-4.161143
-3.841557
5.215368
-7.571076
-4.841738
15.643644
18.364456
10.642368
-5.472083
9.549778
-3.936583
1.922745
-4.060761
-2.598830
16.285351
8.209195
7.931624
-14.380757
-2.131604
6.792625
3.093009
0.071238
15.686316
-19.476717
13.942406
-8.215925
7.327840
1.792055
11.090754
23.544039
18.877123
3.501740
6.651632
-8.573068
6.667538
5.628758
-0.476495
-3.935168
3.347739
7.994865
12.371853
1.550918
-4.885898
-22.685482
23.220840
16.046804
-1.265501
16.921852
37.148556
24.455664
10.577417
-1.624885
27.302523
-1.515946
-12.641011
-1.116661
-13.207101
-0.788321
-2.164469
7.129851
-11.789007
3.306980
11.084494
1.219899
27.576784
-1.688726
5.108564
-0.380697
14.454481
-21.833284
13.505307
7.718702
-3.719538
-11.492598
-7.838264
-0.293711
0.403324
-13.225085
6.067600
1.048264
-21.695078
-1.211093
27.238356
9.368440
-0.128333
-18.296930
-19.539026
-17.119884
22.800343
-12.303103
8.013746
4.588308
4.215901
-0.655966
2.570550
2.445728
-7.208899
5.972896
-4.086527
6.963341
-7.086752
20.620499
-0.968167
0.399481
-7.890669
-6.074270
-4.991730
-12.485538
-7.110475
34.324551
-0.758552
-2.027995
20.622213
1.287731
-0.756181
-0.614502
-9.795171
-16.910757
38.182663
2.469369
-21.344007
8.224051
-10.917377
2.564919
6.035897
0.792271
8.206656
23.400639
-6.635885
-15.700521
12.165815
5.952684
16.761515
18.363739
-25.807243
7.654283
6.041549
-6.130821
8.850207
8.797702
2.546152
-7.101850
14.880257
17.476448
5.976320
3.326554
-4.705392
-5.947842
30.904251
-0.302084
-28.499439
19.396612
-12.699139
3.745034
4.243696
-19.340567
8.055086
9.907181
10.153784
18.202868
6.345298
-0.496622
6.804643
24.489607
25.027376
2.118406
8.882793
12.621725
4.188714
-0.309517
4.980237
6.535667
10.553940
-10.103959
2.797841
9.168811
12.089600
1.654844
9.270108
10.564063
-5.780176
-8.601879
31.261040
8.894631
15.902343
1.137777
-5.234375
8.796096
-13.479294
2.117922
17.500824
2.151439
-2.425577
3.005777
6.710726
-3.916725
1.679308
9.894135
10.676076
2.915619
13.425965
18.398699
19.149807
23.898367
9.539680
23.163397
3.078894
-16.485920
9.688115
6.716455
0.716657
37.996681
-19.733887
-21.546192
-13.203959
-2.271704
-9.550365
19.537224
12.183777
12.132032
-22.699781
-23.243282
-3.368641
-4.140771
0.897262
25.761412
-11.191685
-1.529313
0.906567
7.088351
-5.684517
-0.091112
-3.031301
22.135763
1.520670
-9.692914
14.251973
4.986215
-18.299952
-10.331660
-7.824843
12.334509
-14.804488
18.356499
0.960914
-13.632165
8.679963
15.387483
-0.936919
0.855972
-7.423699
-3.965883
-14.933704
2.112392
17.495949
-2.635833
18.884575
-12.803392
-0.246448
33.972858
8.569442
14.017196
7.472211
-5.814139
-1.333964
11.405021
-5.947543
-5.846935
-4.560488
5.895692
19.012070
-4.573599
-15.139264
-24.173767
-1.211719
16.920416
-2.512431
14.657504
11.268061
-4.725933
-1.758422
9.370384
10.095531
3.275157
18.403597
-7.419890
-9.175732
-10.922102
1.158979
6.398242
-14.439177
8.937454
-6.890871
0.893788
15.937469
-3.354126
-20.857876
13.064327
-5.131499
3.279242
32.880489
11.649696
-6.994221
-21.594452
4.940192
-16.221134
7.617619
7.123358
-10.343445
-5.640932
14.053828
-12.499787
-13.945492
11.085058
0.310638
18.740885
-0.814168
-10.063994
11.319229
13.752168
17.243238
-13.043384
-10.517160
14.157724
-36.199059
19.537401
-2.353536
-4.640876
5.798322
1.169472
0.518918
-17.749151
18.390163
-4.708781
18.277981
-1.576293
-6.079014
-15.481600
12.622937
6.590364
11.708464
9.735264
13.424644
17.197968
-9.491546
-4.645924
3.968765
12.286833
21.314379
5.479047
13.221517
-9.812273
26.971666
25.964674
20.978161
10.714197
39.162609
9.748344
-18.591242
10.570896
11.156538
23.772943
14.065826
-1.427592
27.137953
16.248211
7.823549
-3.732517
5.383584
-3.519403
15.828820
-3.743122
-8.116057
20.516804
-10.599519
4.466458
-9.451880
-8.591584
2.907801
24.054174
-6.442497
-0.323548
22.334654
14.417916
-11.544082
6.602015
13.186036
30.967628
7.557892
-1.958521
14.299889
-7.510175
-8.355143
-2.596772
-3.668145
-11.878195
15.676405
7.985379
6.441415
5.776423
11.181182
3.033211
1.175473
-0.435166
20.859709
-15.110605
-12.094406
0.244976
-12.896789
-2.826452
-3.150213
1.628888
14.775139
-4.957128
3.461326
-13.101811
25.021389
10.886751
-15.584795
15.048592
25.601625
-4.638357
15.917990
-8.617082
12.608493
5.253261
-2.692093
7.402354
-7.527994
18.712420
16.264223
-14.840698
18.044352
-5.124481
-3.798748
39.759171
-1.433372
17.965561
-14.420807
-10.386098
-13.440681
-7.189766
17.280697
-3.312131
-20.266136
4.376335
3.736556
17.869362
-5.456211
4.108872
8.810202
-3.787621
-13.212512
-15.821362
1.646436
-4.864220
4.101696
-2.150063
-0.308779
8.104987
17.212370
-20.407217
24.007086
9.329965
-2.255142
23.118896
1.761598
-15.532376
24.710224
-20.284718
6.969905
5.993527
15.743987
4.167130
-5.499975
16.942675
-8.710685
-3.168246
41.223869
7.887984
-1.123095
4.191876
-15.358607
17.926105
-0.629449
8.784050
6.927492
0.587051
-3.179711
-9.300694
-19.020861
5.296563
-20.293970
-14.204144
-7.782723
-15.380591
-4.842308
-3.367683
9.816988
19.003618
3.627607
10.035766
-8.525518
6.835788
2.665035
-1.345821
-13.902942
10.477093
-2.803078
-25.800224
7.758807
23.183784
0.979296
15.739053
3.134488
10.917604
11.361569
1.316227
-1.036053
-2.160319
10.585393
11.320690
25.929792
-21.134073
-2.818130
6.214683
-6.769124
-5.145473
-8.255105
6.244945
18.529289
6.965504
15.607594
39.049610
23.394585
5.721931
4.591388
9.764295
0.430112
8.866005
-1.257137
-11.925308
5.309400
-9.017750
-10.620320
-14.953380
-27.122108
-1.708019
-4.563267
24.640099
3.291062
4.147097
-24.104189
-19.501390
14.334210
12.855862
-4.598639
-1.653558
0.726794
9.393513
5.900329
-0.940607
29.471518
12.998636
12.065688
-14.672944
-14.963375
5.298135
7.024778
-9.893981
16.719236
-12.896699
7.681996
6.562528
-23.702652
-5.067998
4.682169
5.230489
-7.373448
19.108248
9.787107
9.244805
6.082819
-1.379561
1.368527
-5.148771
-0.515642
15.224818
-6.492721
5.377871
-11.444726
22.280882
25.715864
-9.458856
-16.246975
-8.676954
24.763079
8.160839
3.821579
-3.127252
9.398451
-12.985213
-14.666085
-0.527107
4.530192
-15.701568
7.988731
-2.720967
1.870109
9.999762
23.399651
-12.553388
-0.548215
2.811051
-1.226456
30.958120
4.146721
-0.806845
-1.883689
-0.788293
-10.014461
4.421102
-4.171466
-1.330015
-5.566641
-11.986434
19.748589
0.830623
7.013151
-4.711216
9.816875
16.405190
5.503582
9.132631
8.155860
15.175106
12.981384
11.902360
-15.685668
-9.917068
-6.988531
-4.938201
38.456451
5.446954
-7.288914
-2.532178
12.122744
4.398213
10.070770
14.433061
-5.689351
0.178571
14.000728
24.555307
-11.752400
8.209050
-11.336315
-29.148878
21.683355
14.442303
11.846326
-5.816486
23.098776
29.082108
0.389605
14.669600
7.691142
8.306119
5.587884
-0.016020
16.505180
-1.553528
4.193049
40.222546
-3.554726
5.005095
-16.051275
4.080179
-5.010134
3.128164
-1.611492
9.545666
-6.966635
-9.249447
30.840855
0.023381
0.653719
-18.971930
6.252984
-12.016785
-0.213786
-3.326934
10.755752
-15.209184
-3.494909
-8.256568
1.362946
-1.581132
-8.337582
2.915630
-7.309678
27.042706
6.259850
4.981235
-10.051274
-11.909381
-12.557645
-5.158664
-5.393090
5.272642
26.197563
7.129322
6.550120
-5.205712
8.792055
-3.714430
-12.673885
11.734296
7.996711
0.823948
-5.205373
3.006001
-12.210137
4.966872
-6.818707
0.170100
20.931871
22.897881
-12.148048
-14.436421
1.996562
18.108152
0.013441
-8.646523
5.765497
12.372122
4.291759
23.489941
5.156501
9.235710
10.649342
-15.189482
20.688271
-5.657340
2.174654
15.000813
27.622284
-7.639510
0.286262
12.757987
17.518351
5.384284
12.023261
-5.157968
29.651785
3.999542
-2.581553
-1.768028
-7.144505
7.158687
8.734786
-5.989622
9.995327
6.958300
-1.884699
20.984726
-13.346786
6.628377
8.837828
-8.112129
9.175109
9.980184
14.553289
5.713480
4.998612
23.246113
4.061480
9.179924
-35.316711
-6.721911
-4.104873
-0.360525
2.551204
2.439080
-15.009243
-5.768242
-8.070924
-4.149776
21.615057
4.058263
5.934514
-15.913288
28.151516
-5.911841
-0.129757
6.232202
19.181997
-10.643409
13.561797
1.480680
-0.185184
-12.075433
4.155756
34.211964
1.990528
6.045921
-0.277951
0.542967
6.087111
28.456345
16.713263
-5.045432
-10.366335
-6.827560
13.204990
2.199759
17.225878
13.173831
21.538956
3.465487
-1.836273
13.070714
2.773752
6.810527
5.146593
-20.079582
16.701447
-5.818663
-6.972159
0.630787
-15.038749
9.941125
-17.328426
-3.868174
1.731692
12.066474
9.906985
-5.799759
4.810398
11.744365
-5.391250
6.884397
9.573648
-31.748280
-7.130390
1.272537
-0.043686
-13.332090
15.389437
4.571861
-20.180948
17.055042
10.787989
