9.746873
-4.989998
-21.547783
7.221642
-6.652072
-2.797836
-10.120761
5.876899
15.679507
0.772659
-1.626214
16.721712
-13.790146
24.558273
-2.239446
-9.548909
30.782068
3.357759
5.247656
-3.349997
10.177583
9.156562
17.926504
-4.307549
14.287893
22.948496
4.404179
11.662249
-8.892801
3.259741
3.573348
-6.087132
7.777556
13.982603
-10.558311
-4.428084
4.393813
-31.458870
5.939903
-3.881503
5.805131
7.814674
4.487753
15.113104
-9.941216
6.232227
3.917430
15.123660
21.472174
8.399119
20.033510
-2.672868
-28.162502
1.306204
33.463932
25.748411
18.036211
-5.380960
10.351951
7.845610
-9.475114
8.928483
0.227993
30.079233
-4.525908
-2.672585
18.356794
8.976673
13.435382
-7.628271
2.262284
0.655759
-6.754183
13.816312
12.826304
11.348065
3.414285
-10.066566
7.869250
2.799009
-9.239942
-8.009835
13.979195
-7.842996
3.302896
-10.251050
-6.137315
-3.381537
-21.376587
-5.620739
-10.545077
-3.989207
-8.674129
9.884195
-1.301561
-3.352739
-6.924632
2.414582
9.061707
1.209756
-3.376716
-0.298179
11.216160
8.392224
0.765009
4.494138
3.932162
3.668011
-13.458529
-2.061755
25.874699
-11.132985
-10.315022
3.066290
-6.422727
20.307991
-6.797352
17.832153
15.201040
15.420468
-23.051897
-23.296000
2.273995
-18.012230
9.324988
13.844164
12.918892
-23.470652
-18.998648
-5.969660
-29.742519
16.824707
14.551418
10.421389
-18.669651
1.167828
9.694481
-16.775215
-3.954494
4.759211
16.509962
8.246594
7.364265
4.021533
7.756947
-5.494540
-0.809044
0.052643
2.633942
-7.589778
13.687704
-12.890333
12.143840
-8.698909
-10.319885
15.134067
-13.141145
8.519457
0.899304
-3.098685
3.518592
-13.544804
6.973790
21.203892
-6.350894
6.391045
10.511320
-9.570605
6.557451
4.383142
-9.650975
17.385458
-2.400642
13.739364
9.191349
29.995253
-9.838921
-7.385175
14.569685
6.576535
-0.261843
-5.002536
10.077199
15.130166
-14.204631
2.489491
12.222449
-4.550508
12.400275
18.079931
3.315744
-7.632736
15.085722
-0.589727
2.836861
14.594374
3.473933
1.246955
-1.274756
-0.148937
-16.028606
-1.579475
-17.937662
-14.533338
0.940862
11.173120
-15.477289
-7.343981
-0.813335
14.259444
-18.278290
15.254450
-8.329943
0.397882
20.669378
-8.429880
17.174316
13.399462
-0.063377
-4.397569
16.748796
8.053481
3.164068
14.139555
7.842623
-6.687676
-14.452004
-7.684600
-18.721931
4.379441
17.428896
-8.847382
20.657410
8.084630
5.292160
-4.088396
12.267167
18.714001
-15.679397
6.142190
-8.738811
21.112202
-2.827828
-1.837335
3.149280
6.850580
-5.055243
-3.468440
25.937662
16.643303
-0.525437
13.241394
14.182097
2.186328
-7.889994
2.120502
7.178156
-1.213194
-11.557942
-3.356883
1.333247
11.987555
6.346771
16.277426
-37.738071
-9.759085
-5.179521
19.580893
13.117983
-6.229431
2.962674
-4.201066
2.161800
-11.360244
-5.111805
22.553455
0.194209
13.608448
17.177624
-22.901718
8.254787
-0.495523
7.328288
-19.438711
-9.253469
18.981533
22.950516
35.084026
-5.616781
-5.864569
6.116138
17.683567
-9.075031
-8.855979
1.445551
1.574446
-4.355217
19.568844
11.047463
19.350353
4.815274
24.989077
32.924107
26.064470
-5.602277
-12.394726
-18.816315
7.874668
-6.455411
25.117825
-5.097407
22.125399
0.274596
-15.121338
-14.150096
7.204731
-23.968626
-2.351293
-13.545115
3.551703
2.252805
3.558580
-9.499962
24.409916
18.759172
2.027248
4.039076
-4.062314
10.956422
11.351547
9.204979
2.025957
-16.379213
-17.101063
-3.635734
-16.550173
-2.787634
23.089516
-3.770148
3.969542
-14.160913
2.043585
-4.433448
-5.792061
10.894527
10.170904
12.804231
-0.456833
-2.744956
20.890619
0.896041
9.183273
3.077680
14.175784
-5.273591
5.855944
8.257018
0.502275
1.769655
-16.189838
6.078433
-7.379947
11.521362
-26.499336
3.309044
8.353392
27.492725
11.801582
-5.613776
6.625582
21.693024
20.371332
4.079638
7.853605
0.271880
5.990506
13.941502
-12.302413
12.923554
-13.324189
8.383864
-8.550923
-5.728909
23.779310
-10.779527
5.532668
-30.720634
-12.974565
11.755637
18.412964
-5.132417
-7.021758
23.273874
-26.119190
0.655761
-0.390239
21.410000
4.775898
10.433152
-0.558336
2.250484
21.338049
12.665132
9.900671
8.257184
0.401617
-2.399336
1.210131
-4.256083
27.474705
-8.900268
-22.165445
20.870922
9.133753
-14.799496
10.535749
-9.476919
1.576763
-3.331032
11.386453
12.109966
-9.223913
12.216429
-1.266594
4.921973
16.670988
12.185986
12.615149
29.538395
-9.148217
-1.327567
-9.673512
3.511974
14.781307
12.825560
13.294311
10.239201
0.667922
19.785395
-14.015291
-18.619812
-14.211981
2.294063
-2.834958
-5.396268
9.959240
3.704711
9.186878
18.440247
12.872430
-10.797506
-1.421364
-3.729839
-6.869503
11.859099
4.138940
-29.857056
-0.653004
-6.702020
-9.488897
-17.490248
4.152077
1.857771
1.407761
9.642047
25.465498
3.604312
-5.589456
4.586794
9.403112
3.775982
19.244577
7.894577
16.229818
-2.127267
18.750191
6.610117
-5.122612
20.385672
17.122684
-11.561964
0.691844
-28.652246
11.710606
-7.443106
0.140134
2.905153
27.609306
-5.748582
6.575971
19.701130
-3.116947
-7.639397
-3.668144
-0.519961
-6.018287
-7.861568
7.316205
19.557236
12.927491
-20.225388
9.477111
6.559316
3.765243
17.855440
-10.802938
18.405262
-0.740058
30.284737
4.018049
-25.609423
11.920454
1.174262
19.552998
30.267693
-4.181454
-1.861123
-5.621150
27.174204
13.142774
12.128514
-13.614337
-5.113572
26.139336
1.046382
16.068872
7.468112
-15.057607
5.030595
8.618756
8.652252
2.620068
13.759314
-2.235708
18.770956
-35.728142
2.944984
22.171585
9.955288
-2.614978
3.498818
-2.097966
-7.362277
2.577573
10.648441
11.207575
6.527035
-2.055990
-2.408556
4.108256
5.039850
36.263424
-4.834663
8.938560
-1.217397
-9.121002
7.935143
3.110854
2.697263
7.899321
8.284887
6.439123
-3.392619
-18.648403
-9.967122
6.987068
31.543097
7.265787
-8.376396
1.662797
4.799139
9.676988
-1.373746
21.164812
12.035951
-0.744585
7.806125
15.626734
-10.458050
12.332027
7.069428
-5.355255
9.464807
11.235217
3.350425
5.363692
-10.862940
13.709660
15.344267
-1.096720
-10.058050
-6.623740
3.366334
6.956061
11.199100
-7.152694
11.440757
0.498899
-9.247554
3.898063
-7.422383
-2.181261
-14.303268
-19.442198
-16.672186
-10.198323
22.425978
35.932922
19.524454
-8.910586
7.962307
-0.300670
-3.570314
-5.035648
-14.429877
-10.639508
11.046677
-14.060037
-0.791677
29.041414
2.306963
44.170345
8.660794
-2.973793
-1.503651
3.287758
6.249459
12.746967
-33.076992
-10.161237
-3.409836
2.799362
6.757720
-11.742999
-8.267880
15.486586
-19.354469
9.578252
3.275342
5.346893
-0.756960
21.412712
-16.499218
0.732965
7.325944
-20.200296
2.748815
-2.402493
-1.992413
4.738027
13.024459
-9.928185
-14.275371
1.969505
-10.134157
15.034205
-9.866295
-1.885315
5.370448
8.338012
-21.836889
2.285761
19.198856
-9.247993
-4.885105
15.578515
6.996545
20.633112
-6.505742
-10.279057
-10.895914
10.580609
-14.162566
-4.900282
-2.947097
3.547109
9.839578
-8.595981
-9.679678
-9.703633
20.161381
-10.724655
1.368667
22.899754
5.483349
-14.614829
5.971913
14.453872
5.364155
7.909434
17.243294
4.907494
-1.783514
-3.967197
-10.606396
7.990214
-0.117466
-12.194736
8.151385
-0.351392
11.079912
11.210277
-6.012297
18.219992
9.863138
-19.554941
7.110078
0.830141
-1.236714
-10.338609
-7.313807
-5.861483
-10.251847
16.039108
-6.376085
8.238686
-2.744618
10.396387
-13.663143
4.585794
16.157188
-17.811111
7.905894
13.904782
1.444224
0.741699
19.387964
-9.081670
-14.309081
22.716661
3.231682
5.208954
6.927235
1.539468
8.224850
1.947346
-11.305065
20.768627
-17.778084
25.465729
2.731408
-19.739220
15.961455
3.396660
-12.344180
17.374779
11.102417
12.676690
-9.934910
-0.972147
-4.725183
12.184172
-2.171767
-13.049927
-2.445313
-1.476084
8.132328
8.120108
9.274740
37.129059
-4.300416
27.472145
-4.651220
-6.851797
7.091138
-2.375635
5.486814
14.366901
16.362394
-10.812962
4.376480
-12.034466
13.107386
10.446552
-9.606556
6.253191
-7.948306
9.541005
-2.881223
9.142755
17.269783
-18.214216
-1.099258
46.917370
9.238019
9.907877
-8.115671
2.317160
26.963348
2.235497
-9.967927
0.826250
24.949596
-1.546148
26.771502
4.436024
-0.926148
10.376540
-2.638645
12.654897
9.703374
0.417576
15.950875
-14.185467
4.072821
-3.941417
-2.792470
-0.309146
-15.789528
-26.594313
19.257378
4.901294
-1.609779
22.543364
5.533513
2.105226
4.992343
8.537448
21.351425
12.208347
6.847484
-15.273081
8.358903
11.474335
9.334652
6.486745
22.629581
33.000942
6.213504
10.042504
11.136499
10.444400
-11.826057
-2.907694
2.655656
10.985557
21.424555
-7.641142
10.619479
-3.479412
-0.979192
3.627533
1.681224
-8.319392
-8.302869
9.022953
0.673609
15.526785
-4.294087
13.038177
13.158442
-8.920758
-22.505032
12.780702
5.955387
-5.700089
13.369846
11.996125
0.463649
-11.831292
6.750107
-1.144136
1.803570
5.263517
-0.250357
-1.628533
-2.642627
-8.281946
15.533160
-7.307302
-0.677778
-8.026297
-10.486320
-12.566827
15.029079
-1.433616
13.412782
1.792736
-4.558283
16.399172
-0.946010
12.456356
6.558195
10.870279
3.880252
2.189907
-1.882119
2.452522
-12.752999
6.666749
4.929996
30.308538
-11.756304
14.173504
18.167858
0.246790
13.453712
-7.791843
-8.989359
-4.731631
3.029196
4.888348
3.929071
-5.154309
-19.648226
9.613053
26.680964
-12.831220
12.280402
-1.270047
-14.134740
31.211340
-2.225925
18.230379
-1.205735
-28.827692
15.526581
-21.820881
-12.262341
5.508224
0.400532
-15.253167
-1.948229
-10.429134
25.538448
22.417316
-1.762007
10.633603
5.160501
15.159649
-14.866765
4.187270
-31.542759
-1.252545
-12.723597
19.864649
-4.292010
-1.737576
13.499420
-2.153557
8.258584
22.658100
5.538895
7.476758
6.993000
-12.682014
0.720932
23.407074
-3.322774
-1.617888
0.193578
26.190102
-12.379189
7.001182
-9.435379
7.498060
13.707021
-9.272532
-27.837318
-0.833155
-12.633921
-9.188071
-17.572502
8.404308
9.118279
-0.366517
-11.376078
-18.640820
-2.523521
31.508602
7.366868
-1.142157
-11.829155
-3.456394
24.753277
4.618961
13.419342
-6.672158
16.718138
18.012537
22.540655
-3.197916
-7.251320
-1.378160
-9.178864
-17.878483
-7.136898
-9.338309
1.197109
-9.024672
-1.020747
8.496818
4.445110
0.171152
15.056125
-11.830517
10.725817
13.591877
-12.361279
6.160115
-4.051935
0.239836
7.931470
14.964275
5.817804
8.709549
3.074578
7.746420
16.832714
-0.071824
6.873724
-18.250402
1.414194
16.119064
-9.812543
-2.446408
11.864647
7.317258
15.179978
18.459211
4.800797
-1.668555
0.836935
6.577913
-5.850417
8.793548
-4.882126
-12.629159
7.582057
-13.549542
11.489995
16.975672
19.000378
12.794230
-12.773212
12.092637
-4.844151
-0.503142
15.035570
2.990059
5.051509
15.183495
23.732931
4.925364
1.301946
-1.382961
-5.154519
9.806662
-6.065541
8.275791
14.263738
9.459901
8.737446
-13.111931
11.064900
-13.375054
-13.025760
2.576389
-10.027979
3.946463
-10.597934
20.202257
10.578555
20.465912
20.172924
-9.705881
-13.138699
23.409048
17.327417
13.363929
4.289671
3.986720
9.857632
6.414978
5.878959
-13.893936
-2.092215
21.112984
-10.452589
3.238875
16.334446
18.114813
8.057961
12.107489
0.969154
7.739368
2.970386
-13.351069
9.540984
17.404972
-19.143452
5.972316
16.371252
-10.455151
-1.053451
-1.781217
1.597274
-8.165865
7.594792
-9.897071
14.104902
-3.875796
15.056043
5.238557
0.710449
-9.468721
14.832984
8.689940
23.326567
13.525792
10.812859
14.357746
-0.745557
16.325850
6.534613
4.451990
-1.850411
-11.084752
-0.867132
18.661261
7.264037
-11.280482
-7.655879
-0.711291
-10.038937
0.587966
10.489711
-2.524868
20.683289
-1.397720
6.334280
-14.597286
-10.068392
1.482061
-4.930022
10.618936
-13.837165
-0.836503
7.548947
2.151651
19.507055
13.430692
6.748335
-3.262143
-7.163486
12.230357
-1.071288
-5.045926
15.308690
-0.119984
-12.517394
-11.399475
18.180908
8.878547
-2.501148
-14.376724
-6.841129
5.742324
-2.430230
11.868347
2.724425
24.328526
1.061670
3.040034
12.533208
19.249397
2.547081
11.599299
-3.515105
-5.840508
14.860710
10.366282
-3.939255
18.572578
23.590303
6.582449
22.920563
12.698162
-1.794877
-6.204918
-13.250312
8.527956
12.175270
14.334903
6.689184
-6.810981
6.077683
-2.223570
-6.853831
6.894380
-5.876403
0.648184
-1.556906
16.245224
3.870520
-4.354186
9.720787
7.793228
28.051069
2.102818
3.253928
-11.434729
16.484180
5.852352
-7.294414
-4.267548
14.761358
-3.190341
11.486465
30.303576
17.909641
1.781095
-7.428898
6.736408
15.102139
4.687585
-15.848592
-11.133817
-20.769220
16.030441
30.046810
12.033227
3.677652
-1.053767
-10.762166
23.415298
6.953821
5.354545
-2.488588
8.786230
2.840772
-5.036729
17.880630
-2.648875
-6.904702
-7.193616
-22.582367
-8.103091
1.759779
3.713902
-5.799863
11.943707
-0.954805
-9.537257
12.954528
9.377019
-10.425300
11.350044
-17.604788
17.450750
16.954010
-4.605697
-13.878522
1.994756
3.847471
-23.854065
-9.235787
14.027616
15.931979
-1.066783
12.555058
-0.174667
6.665909
16.047447
3.972060
-14.823566
-1.833654
7.282056
10.568154
10.908370
16.425806
6.777408
-3.355604
3.802161
-28.473040
1.273420
-3.095786
-0.588831
-12.391993
15.495958
28.445091
-8.910089
15.420226
-25.751972
-14.314240
-17.822559
-5.988014
0.893640
-13.709371
2.494167
-7.685232
5.133492
3.942502
20.158255
-4.630423
10.415167
25.407433
-6.889884
-3.736644
17.378815
2.557966
7.255661
2.536818
-6.446175
14.568515
-25.895088
7.670296
-6.535841
-11.786470
-17.827639
3.518183
9.056015
-2.037119
-0.348119
15.392303
11.007231
21.013145
10.853491
22.587259
23.988544
-4.347185
1.191320
14.839917
1.044967
8.282281
4.221348
2.648759
-1.722899
12.739291
20.936884
-11.621646
2.074421
-13.081862
-22.037275
-22.958698
-17.170731
16.166683
21.808386
10.849442
1.504956
21.823355
-12.012596
24.623850
-11.999707
-10.199150
-1.406363
-12.422515
9.137751
-4.994708
-4.776400
23.241325
-15.480902
13.545236
12.791851
12.857101
24.950115
8.028443
5.632195
4.011968
13.393590
-3.582851
1.532529
11.150946
-6.369384
-10.262251
12.155186
-12.444474
20.099415
-14.559555
3.897054
10.502723
0.430964
3.235153
-8.168601
15.861960
14.009482
2.508153
-6.791373
11.148043
-14.718850
8.107924
-22.979523
-2.256165
1.204838
1.419675
-4.731726
0.788362
17.401287
-9.841005
-2.060422
-23.464649
9.814941
2.910752
-4.930674
-19.185606
20.074005
-2.359788
-3.012748
-15.038363
-0.220655
17.402067
-0.034895
13.251949
2.535868
2.962680
-8.847921
-3.518056
-1.656028
1.058036
-15.696239
12.709876
1.947015
3.667428
-3.158430
26.408730
13.651596
-7.945104
1.618383
-0.716029
-0.324404
-6.331374
-8.189552
-0.049349
29.659945
13.665092
18.967525
2.419155
9.664577
1.449725
7.112905
10.799097
-5.605818
-5.753188
-5.182160
26.676342
7.075129
5.134266
9.311257
5.616534
7.384151
21.773170
4.132842
5.087315
10.927511
-3.216636
-5.748802
-3.726459
-11.721211
3.596446
-6.668766
-8.401844
0.901246
-6.335526
-22.229807
-15.508343
20.909630
-0.363296
13.472674
-0.210346
-10.735872
-3.235798
-4.086706
-24.414135
7.075853
9.022712
1.074213
19.080608
17.313253
5.583239
27.685928
-4.640537
-19.704252
1.535264
4.987428
12.571062
-2.057592
10.272584
-6.141124
19.840321
-9.984719
8.907715
-3.452523
-1.973147
-19.792830
1.060797
1.673909
23.048231
-4.220874
-2.912853
-3.042244
-19.007990
5.349444
-7.139680
13.140996
5.991983
0.568604
16.689177
-21.788864
17.753822
8.358022
12.675291
8.184141
4.371203
-49.024879
26.410774
0.776247
1.567250
-0.573408
-3.572698
0.763583
20.967220
-23.956425
-11.721185
-3.288416
7.673870
0.183304
-16.461645
-17.642738
-2.539708
-0.131001
20.572042
-10.064227
-3.456376
12.849240
26.284510
-8.759729
24.477999
5.068938
-0.988871
13.538381
-0.876820
14.930694
27.831108
-9.666238
-22.894747
3.008366
12.157943
11.432754
17.783941
11.830053
10.040055
-6.608531
-5.099617
26.660723
-3.184692
33.381065
1.798271
-6.069339
-10.029074
0.034115
8.359297
-11.515158
16.433592
22.686987
-18.626141
-0.371106
-24.956764
9.264460
16.314301
-5.215787
5.644282
-7.021334
0.135054
6.152820
-10.596395
4.016997
-11.367266
4.692179
13.342627
4.415772
-5.453497
-5.261024
3.713025
-3.152734
16.128410
-10.722621
-8.862761
-9.756612
11.145473
9.967428
7.751583
19.121378
-9.343090
16.357283
4.857665
32.188179
5.014609
22.085316
5.032585
-13.492828
1.292367
25.411053
-5.055020
9.373847
-3.980108
34.009590
-10.997042
-16.074778
10.214611
-13.113117
17.231140
11.388259
-4.288784
-17.131653
0.273283
9.473769
-1.142812
28.497963
5.672583
7.898516
-28.421406
-10.374491
10.557873
-2.968036
-7.188807
-7.470855
-18.623665
-2.081777
7.849505
2.993810
13.471916
-15.327189
-21.362986
8.037647
-17.051315
1.787084
-2.670799
-15.016814
13.061284
-6.772625
-0.503370
23.693382
12.495721
17.746363
-2.714466
6.553849
-1.779027
-5.403276
23.576702
21.532522
-10.521719
-19.678556
-15.254294
-4.122919
22.394953
9.313743
-22.492342
-6.992035
3.524473
17.380013
-8.095931
-8.727649
8.653054
0.053150
22.893171
10.740461
13.686756
0.704047
0.151394
26.076374
-19.339582
-6.347270
4.811007
4.514511
17.126093
-18.240597
-2.919514
-0.047074
15.667669
-3.161869
-0.852369
12.170010
7.854036
1.691459
4.282440
0.366297
21.248026
-15.620770
-10.988472
0.653618
2.412545
-11.020954
6.229597
21.676825
-17.212650
5.016716
-1.540321
-14.698123
1.908346
-0.253458
5.446040
-0.665248
-0.852709
0.658524
10.935589
7.679938
5.786356
7.191373
1.009079
17.184412
29.805662
0.639966
10.667167
-23.423126
10.506987
35.916092
-16.069304
1.146410
2.230963
-8.633044
10.946880
-1.290353
4.313694
-9.386165
27.636740
-1.451209
26.535030
17.144844
3.871135
-6.637048
5.432483
17.130699
4.293692
4.531515
-6.245049
18.313448
-10.314825
-5.163420
7.601014
19.702690
4.182305
-6.992892
6.146782
19.487240
12.677215
14.609567
18.422621
2.649745
-1.061156
-7.461654
-2.971000
-14.803946
2.118149
12.258041
-0.509567
-11.727631
-2.932738
15.675379
22.000298
17.536383
14.482635
0.014718
5.853751
-9.221038
7.463682
13.389130
4.845342
24.762764
-13.706385
12.741791
6.031610
11.080184
-11.463851
-5.674850
5.067572
0.778392
-8.862913
8.556107
6.814064
-0.113056
-13.559508
-4.212478
-14.312824
14.146137
-20.961271
3.911234
6.289744
17.904602
-9.677348
10.785725
-0.487984
4.879683
5.074426
14.939206
-4.153202
22.152359
5.079020
-5.167673
-13.003028
-5.641108
-3.353141
-13.915320
-12.450893
15.306832
4.401973
-15.934326
21.490408
-0.217797
14.092857
-21.266464
-13.290768
9.557880
9.228268
2.217304
14.701176
3.881416
10.464105
13.776692
-15.548253
-2.154140
10.947985
-8.270413
-11.189601
20.368189
10.801428
-17.319975
-1.090272
-4.586081
0.886503
-1.625338
9.632516
-8.252670
18.088827
10.369552
12.911405
-0.375699
-13.971024
-11.572637
-8.700937
-3.469421
21.338009
1.513302
-14.811588
9.369349
-9.671328
-6.268544
-7.165820
4.232296
-31.560419
-10.180713
-9.913758
5.350812
-16.715031
-0.302093
15.340106
-5.017308
-16.910049
11.921906
22.890827
-35.771099
22.659201
-20.703968
-10.854419
-15.991296
7.790513
3.376727
-0.856137
1.381395
7.716075
-3.291033
-15.431920
8.895125
-6.381769
13.719097
-10.706186
1.432774
25.334661
-17.100065
-11.886271
12.018544
15.788495
-15.919318
0.684262
-9.783663
-8.145418
1.363063
20.745968
16.172205
-6.292555
-7.379268
3.654191
7.118504
27.823648
-9.316022
-15.340124
3.710448
6.810034
-1.042675
-7.957829
9.881605
-1.736168
14.009698
-21.886614
-1.563875
8.133491
18.098537
0.801842
-14.384116
4.034759
-11.258272
5.006326
-11.163502
11.565220
-7.647313
-32.411922
18.673798
15.242545
-11.264074
16.175529
4.318637
-14.917212
7.270830
10.734387
3.520395
8.423954
-1.916293
-6.387680
-8.893278
-3.716558
0.771910
8.884370
3.520504
16.374516
13.754046
-2.625246
15.407094
17.279215
-1.536944
12.398554
-10.442734
-2.363595
5.216441
16.870077
26.181759
15.987240
6.344378
-3.412846
23.830074
8.276195
-8.328742
6.913311
-8.653985
-1.948956
-7.999446
21.787748
-7.811163
-1.286884
4.129934
2.527674
6.052235
8.671746
7.783628
-23.808559
-11.938891
12.919952
22.212885
0.035725
-4.248282
4.909508
-0.787931
3.080202
7.929160
-12.055416
0.295270
13.430631
-26.863415
22.447943
14.577719
8.297847
-15.705900
-19.630230
5.679353
-14.211696
-4.210047
10.050604
20.371767
8.352239
-7.876543
-3.004104
2.010169
6.671184
13.725738
9.822397
20.661135
3.108875
11.656874
-17.675182
13.381336
-14.525007
-27.203573
-18.158152
37.157909
4.580626
-8.056718
-5.447561
0.388520
-1.060237
-16.389074
-1.737657
14.313369
16.679438
35.250793
-6.616600
15.494123
8.596375
-17.893044
1.329577
11.144835
4.792936
-4.288313
12.892181
-17.005503
-12.814850
13.936603
32.672081
19.559015
8.362535
22.329510
-7.177677
15.584928
-0.048593
-6.582080
4.877367
15.278063
-1.954063
0.346545
17.253191
-7.249342
-3.851362
43.246147
15.440392
-5.491859
22.902140
-1.330595
-6.823943
-6.058340
-6.767201
18.843157
-2.033458
-21.636656
5.536458
8.580960
-9.551856
-19.222124
0.917659
9.000308
5.319019
10.639855
13.197261
6.868784
-9.561648
-11.450439
-10.178161
25.839012
3.975280
9.891559
-2.169108
17.635103
12.414601
-10.024588
-18.078255
27.445553
4.649710
29.374155
-3.993760
11.586635
-20.262917
-29.282061
17.064556
-0.663024
-10.568088
14.145370
1.860385
11.048799
-9.834079
23.150131
-2.147993
-12.492579
15.779502
2.415668
-18.339287
-1.845129
5.099480
-18.414450
10.520840
7.569654
-16.651529
2.898412
-9.997747
0.959755
-2.120902
10.432752
-20.363815
14.411271
11.484037
7.474836
-7.448485
20.103176
18.739412
-5.283915
-2.760709
-7.247110
-13.114045
19.708010
-8.156722
16.956699
13.464906
2.035446
-22.063004
16.173279
-4.056668
-23.641191
13.622671
-9.180448
17.450445
9.898273
18.623598
13.621372
-2.458680
-9.758660
9.124187
-16.301128
6.887996
7.304220
-2.547355
-1.445861
3.433761
11.446903
27.743666
7.467023
4.412485
-18.191463
9.207538
-17.860886
14.068685
8.665987
-18.673409
-4.449812
2.883209
8.246669
19.449049
1.985116
29.611963
-0.252727
16.504192
-10.506351
10.090333
0.457030
4.526046
15.331326
-8.856067
-1.930069
9.128199
10.346395
8.962474
-19.661011
13.003176
24.610741
24.564547
6.217230
19.066002
19.358917
3.328274
-1.083893
0.977237
-4.778345
5.224548
22.420301
-33.691559
19.077095
1.567549
4.001394
-11.934624
-16.063875
-24.172348
-0.999220
12.677307
29.557117
-3.323399
0.185430
-1.844415
-1.219949
-9.081923
-0.087299
-1.991118
8.887154
-2.867776
4.558512
4.302827
-2.309974
16.490765
-11.007306
-4.655837
-19.962492
11.210408
-13.212709
25.141802
10.512210
-2.837069
9.007379
-6.574468
1.500098
-14.118913
37.285389
16.101631
-12.649875
13.774567
6.209540
14.214535
1.294245
12.487516
1.959753
21.047569
-2.410146
4.626065
-4.348009
8.951230
-3.625421
-12.389966
3.607102
-3.576076
27.921007
7.467084
-0.527698
22.507086
4.889760
13.481844
3.397864
5.472363
4.501541
-3.127862
-5.753963
10.905985
-5.219482
6.604529
35.654945
-13.118300
-15.670609
10.254165
15.916386
17.987684
9.066791
-5.948813
-5.734329
8.028058
9.658600
-33.826408
-1.786899
14.350053
6.074005
17.728718
-1.873260
0.187840
-19.960148
9.126557
-7.939876
10.609892
8.515965
-21.034431
4.864247
-7.147153
-14.769475
13.585062
18.053522
-1.839081
-5.861578
26.197050
15.262454
37.347824
-8.447369
29.177481
9.004607
-12.735970
12.762001
-6.773566
5.534454
-2.333796
-1.040406
-17.238657
2.055296
-15.662749
-9.996349
24.242229
7.440294
-11.666677
-19.221371
-3.159300
-9.022105
10.501162
-13.005153
6.600347
-5.395305
2.866726
13.843618
2.643127
-16.704479
-13.392212
5.420958
23.729681
10.248815
-3.741534
-3.365073
-3.051059
-1.253883
-9.143392
22.887690
24.741133
-3.237566
3.058805
9.997308
11.049253
21.804747
-11.336966
-16.160765
10.470651
-11.966844
16.419085
-8.514679
-5.985224
-2.765634
1.433754
-0.230615
21.071611
-9.166074
13.245377
-7.356075
-10.636513
-17.747202
15.691674
-15.952996
12.480255
19.572882
-0.168070
5.006720
-23.116301
9.363433
-14.488059
7.819604
4.864178
15.426371
8.716043
-15.780484
-2.596776
11.336636
3.476332
-3.414199
-16.364149
1.419138
4.320376
7.393017
-8.196167
3.511088
-0.107892
4.698837
-29.446772
11.059940
4.368338
1.735146
-28.876703
0.362239
-2.343451
1.450592
5.790810
1.254020
-17.919804
5.705692
16.326796
2.360922
-0.942657
4.412228
2.285500
-9.677760
8.028383
6.713598
14.383933
0.265185
4.391250
-3.392645
-5.541389
-6.606875
-6.527800
15.089341
16.389368
-7.410066
24.439686
1.903142
18.184887
-1.361549
2.184205
0.889788
-4.186975
15.922056
14.908525
-4.131615
17.923849
10.447627
18.438736
32.748997
-0.276228
1.837780
5.829087
-12.409640
-4.874526
5.952156
-12.232969
-3.974409
2.007137
-3.093631
17.918266
7.842536
2.468733
6.485706
19.446234
4.674211
-5.129234
-6.007354
-2.402016
7.979881
1.995910
0.792772
-5.353523
-0.711842
4.399013
-2.067415
13.387542
4.394416
15.960146
1.997565
-9.439340
-12.212776
14.064179
15.607059
7.352814
15.295094
1.937631
7.864621
24.945564
-28.011593
18.960032
10.329488
-3.882919
-7.730266
-16.601072
-23.284250
1.932852
-4.172237
-11.030419
-0.894262
-1.202767
-23.526449
8.089305
-27.259460
5.368267
-0.890000
22.698744
-4.172464
-3.856400
-19.309652
-2.061536
9.855457
17.567574
5.550243
21.099669
-0.445912
19.549519
17.837542
1.543766
0.923562
-19.757271
16.266464
-19.279839
2.614613
16.972660
-10.505146
6.731598
6.137123
1.881005
-0.059477
7.911659
22.385044
18.493689
8.981193
13.581098
8.137079
1.012713
-11.293602
15.034179
-3.897758
-14.593642
-3.297540
9.224451
7.592939
7.746503
-12.147511
7.953858
-3.535975
-0.444316
4.438490
-5.769045
1.153197
24.732283
4.981467
27.379791
-8.937937
9.228216
14.436619
-23.943525
-4.231458
-1.926570
3.142117
12.017817
37.258984
8.783805
-1.357965
-11.972722
-20.838711
9.679282
1.598130
21.776939
0.465162
-4.367435
7.837182
-15.254570
35.902592
22.003057
16.422701
1.862692
3.193556
-8.138206
6.334786
5.365670
-7.366095
14.497632
-8.724347
-14.825372
13.073992
-11.568654
7.626656
20.976192
22.949043
18.607059
-7.591763
-20.175491
-3.965753
23.093212
0.202526
4.296181
-4.949343
-2.518607
34.632801
-3.966177
15.407673
-14.405752
11.283217
3.306550
-3.893049
6.930157
7.109923
21.150614
-9.409431
-4.427661
8.163226
-3.935385
-9.085999
9.386998
-2.702576
16.217947
-1.893329
12.523689
-6.520175
14.467525
-6.346183
13.563330
14.423400
7.348291
-6.677711
-2.100569
29.008553
4.878098
2.846331
-11.225891
-1.434062
-0.888355
4.862767
3.926368
19.648760
10.966640
5.894059
10.849261
-21.946316
-10.690727
-15.193390
5.306585
-1.376770
9.521071
21.751261
1.637715
-1.774002
0.320137
16.833483
-9.801641
15.739948
1.594930
-27.201052
20.295391
-7.627440
16.873932
-18.270121
2.100703
6.732101
-3.800377
-4.355240
4.449727
0.045645
-8.726438
-8.969046
3.983831
2.630398
14.115601
-5.949233
3.529981
13.222968
-1.862901
18.490719
-10.068929
13.823753
16.014116
1.193810
20.188969
8.036508
-2.386517
0.520775
4.639694
18.703787
11.739705
10.350946
-3.966585
-3.519401
5.719723
-2.231276
15.973610
-0.008604
1.614453
17.494114
10.400961
2.318404
3.581860
-1.113947
2.942733
21.858234
19.210529
-9.246860
-0.388757
-14.314696
21.449286
-12.089684
-10.672253
15.995929
4.130170
22.092592
-3.880409
-8.677681
-0.120439
-6.734818
8.519304
19.760239
-4.844685
-7.365761
12.858953
14.293139
-10.835490
-4.690909
1.077874
12.274114
16.452763
10.296883
13.907071
-2.559051
1.555900
1.804594
16.096239
4.826041
21.953348
-11.874418
-0.093867
8.366191
13.634351
5.216153
3.800160
-6.302496
-25.888134
6.673278
5.580829
-11.770941
3.077679
2.136086
29.605322
-2.921271
0.357314
4.533056
-13.655630
23.257885
3.434621
8.017454
5.470600
-4.049759
20.519003
9.618348
-0.294991
12.698779
15.864548
12.985046
14.267366
-1.282120
-18.845369
2.518759
6.525113
16.803389
-19.911488
-9.009149
0.174085
-10.472922
12.004753
-1.680175
1.229611
14.892328
-7.258276
-15.650507
17.350058
-1.346732
0.890267
26.054468
0.869337
9.262584
20.031069
14.723594
14.330570
-9.980176
11.491586
12.642138
-15.362127
20.898054
26.028713
-3.801039
13.066294
6.065248
6.948679
-4.592788
-7.236207
17.473814
18.434984
-3.369231
-2.804587
-4.366979
-22.336088
10.753501
23.590128
23.648359
4.780409
14.498672
16.788557
-6.613788
11.356445
-0.230667
11.437387
-18.828432
24.259563
13.053217
20.567045
-0.298597
-9.615404
11.571939
12.461829
0.789907
-10.619831
1.276052
0.859980
-5.058491
12.180150
4.813914
16.590296
-16.326031
0.414286
-0.570595
3.853589
5.596354
21.061903
-21.619707
16.177059
12.312636
-11.377405
31.770943
4.182029
24.004957
2.290066
-25.652552
-13.553523
-13.475540
-2.487187
-1.648852
-19.548038
9.321427
15.121066
-18.304724
7.178174
-19.632818
19.712482
11.347985
-16.456280
-8.390761
1.127731
-2.890867
17.183887
19.886463
2.752605
15.224189
28.129837
8.083879
-3.631191
-34.546894
0.657748
13.321943
30.285446
-3.180728
17.907024
-1.019723
16.815689
6.224757
-1.146647
1.763602
5.513855
3.068683
18.301329
3.352283
11.569898
2.271217
8.637247
9.499127
9.936566
-5.968894
-1.221969
10.002634
-14.982630
14.855099
-3.568972
-10.389758
3.411217
22.978346
16.661835
-2.330587
1.910469
17.980267
0.130750
12.136045
-4.751085
9.625427
10.954214
17.731306
8.429336
-8.769982
30.829720
6.055089
-4.852570
16.348547
-9.890102
-7.049411
5.722993
9.302035
20.180447
-5.699124
14.693615
9.079432
-16.855402
9.503489
-10.939759
0.850701
30.688000
17.454342
-0.975573
4.847885
17.267563
-6.804238
13.503516
3.105403
5.640204
8.468066
6.087096
17.748762
23.041422
-15.340545
9.563449
14.471146
-16.106005
-27.272417
8.898775
29.397312
-8.666589
1.786050
2.372612
17.914366
-4.850261
18.897430
-20.601622
-0.473704
10.143025
-8.465895
-12.837543
24.683218
11.928308
22.262478
-3.322456
12.642204
-9.050178
-31.198946
3.570459
3.923009
-0.337995
-19.344244
-2.200932
-11.556266
0.449746
6.324362
-13.297061
-26.318920
-9.770603
5.327470
13.999550
-9.376612
13.355892
10.952972
-1.577437
19.926018
-3.476567
-0.729456
17.763235
1.159266
8.322002
-1.477137
15.242571
-22.159672
-11.226377
-15.549274
-0.212274
7.964089
0.184605
-25.426151
-13.518854
-4.592690
3.433202
-7.011742
2.920957
7.223650
-1.061357
-12.321763
-5.532105
1.819911
14.802556
9.499387
0.569790
1.157161
13.724056
-4.256864
-12.761741
8.932859
9.549269
-11.136996
-6.674081
-8.013250
19.740223
18.637905
4.536111
34.404182
-13.574262
2.498322
1.937906
-0.671775
-8.220710
0.616580
4.124476
3.502571
32.340820
14.177251
-12.475195
0.523741
11.594551
-8.949916
0.570308
-1.887919
0.410831
-12.635183
16.209736
-3.222278
31.100420
10.810332
24.003674
5.903746
0.056446
-5.560791
-18.403105
30.939852
5.116338
-8.041455
7.486967
-9.954259
5.166657
22.304146
-17.170006
-16.349432
5.505149
10.172412
4.106565
14.686711
22.238676
-4.296083
-15.270736
0.583542
26.901716
7.013581
6.574831
10.438196
-1.819960
23.515137
-9.827499
28.337078
-5.780232
3.595246
17.645498
-5.204916
13.926602
-6.332713
-11.508864
16.385365
-5.107977
4.274568
14.381718
2.824227
5.196182
8.601461
4.275846
2.147756
-13.180114
0.586653
-4.453221
-3.001171
-26.453241
-9.664525
18.285250
13.131212
7.953713
-1.912557
-9.593235
0.027224
1.120676
-6.790395
18.355684
19.525637
4.260459
-0.833392
16.969326
-10.214654
7.157996
37.772648
-1.641660
25.069763
15.367989
28.434975
9.082619
14.148038
-1.887754
18.011625
19.115469
5.288613
4.346830
2.002941
-4.568039
-1.135980
16.851532
31.691402
-18.372663
-23.135622
25.145668
-3.676634
-17.534283
0.472845
-9.699938
2.821967
21.359339
-5.741891
26.820515
19.881453
11.605357
-14.669733
8.141195
10.883920
-1.667473
-10.451517
-2.943757
13.460410
2.118251
3.949699
1.996428
-10.829838
0.012189
-7.037592
-9.163646
-6.170969
3.978613
-3.029677
-18.851284
-12.763083
23.448988
-3.897393
4.526361
10.630065
-16.640129
2.812752
6.001477
-1.232414
9.427224
18.322002
4.127912
11.812204
2.637196
5.053222
0.526534
-10.111259
22.629417
-3.320878
7.342485
-26.795496
4.393389
4.365957
-6.409647
2.728319
24.749048
25.531994
13.952945
4.722697
18.678242
-5.392958
-8.521546
13.761224
-5.600490
-2.200017
1.801211
0.989873
-8.089716
-11.729231
-16.299212
5.131848
-0.952271
-17.854139
-5.582819
13.134628
2.519448
-5.602955
3.886683
-7.712417
11.077813
12.933512
1.815303
-0.436643
15.124611
-3.308423
2.277594
21.738523
11.432455
-4.453380
-8.596225
-1.535299
9.908891
-7.887245
7.721098
9.752371
-3.563324
15.039043
21.022320
-1.427166
-2.757922
-0.047043
-25.147537
-6.519446
10.982655
-9.049266
-10.613276
-7.053543
10.970586
2.901956
17.820501
0.758362
3.196331
9.134282
-2.346322
26.518991
31.520964
-9.255722
5.408689
-3.073281
4.982249
-9.744209
-3.503789
-4.696270
5.274539
23.801985
0.618896
-5.548254
-5.613914
-5.763276
13.777066
8.095685
2.941854
0.549712
14.288816
20.163139
2.999107
-30.195698
6.119832
2.745706
-6.011807
24.657343
4.024691
22.463346
-3.587933
12.923717
16.607300
0.191632
11.192400
-1.664571
6.282226
2.081474
-16.299580
-7.022548
24.049458
-14.070270
5.237804
14.406401
12.021095
2.667995
7.122681
16.064369
-2.660875
-9.109385
24.101019
-7.398277
-2.955913
-0.114580
-5.903247
-3.146371
14.498311
25.639730
10.106115
-4.261814
8.119472
-2.273542
5.146224
-4.027072
2.679582
15.518563
6.120374
9.831011
-15.191538
-0.593866
9.215414
3.893462
5.387503
17.272861
-20.679005
12.595819
-14.133468
2.341887
7.361133
4.110589
19.476780
26.755741
5.389721
14.192759
-9.122643
1.589918
3.015944
-3.833729
-6.889573
6.073873
2.689664
11.336060
0.978267
-3.111397
-12.805042
16.115501
13.070518
-10.036477
8.619402
40.717876
34.357586
14.597506
5.074203
25.176611
-4.902493
-21.692327
3.549181
-19.465679
-1.945233
0.961589
6.899336
-9.450295
4.845919
10.378109
1.184028
23.459858
0.570867
4.324404
-1.473844
10.693137
-17.491579
10.023116
9.262057
-1.578741
-15.643483
-4.937703
-0.128024
-0.897787
-16.957907
5.204038
-5.589967
-19.766376
-1.438287
24.741993
7.617988
-2.409611
-8.247620
-22.899855
-16.253536
19.543491
-19.610592
4.808565
-4.811538
4.060522
-1.887435
1.815230
-0.056242
-4.485085
3.193027
-4.018551
2.844726
-10.521944
15.889174
-2.566756
7.228452
-12.816867
3.581276
-2.058783
-8.222622
-9.951718
33.510773
-1.238745
8.239999
12.194069
10.565944
-3.191147
-1.324947
-6.677132
-15.814137
21.631948
0.045683
-24.312132
1.390989
0.483969
-5.780176
7.325775
-2.414419
9.519940
24.318632
-11.121131
-17.153820
10.228826
5.574398
18.711704
23.138119
-24.475470
4.730597
7.867752
-7.801722
10.599425
5.465208
2.422879
-5.279720
9.698540
12.322571
12.852747
-0.529610
8.083805
-8.747955
25.775936
-4.179523
-25.040829
24.945265
-13.386909
0.854306
3.430874
-16.141983
5.996844
13.969207
12.040541
17.751871
11.755713
5.856771
3.424739
24.007381
27.204706
-0.942354
4.805344
17.147884
18.214958
-3.349247
6.298187
10.782036
2.799883
-7.003151
4.633637
12.203788
16.025677
4.290238
11.174618
13.885953
-3.846961
-12.241223
37.854900
10.161285
12.869244
-6.780032
-4.013166
16.417084
-14.487102
-0.552579
14.927713
7.759820
-2.047221
-0.682510
4.216125
-2.452828
1.702404
23.117657
7.739097
-0.296271
11.396069
20.255255
25.613625
25.260204
13.665744
22.647535
-4.904888
-8.602770
6.019162
3.557905
3.126603
30.678814
-17.307978
-18.908039
-12.917328
-0.255007
-7.905419
25.924400
12.231684
8.033396
-20.942959
-26.982475
-4.312350
-7.527846
2.181919
26.962215
-14.756372
-4.973094
0.529632
4.576283
-15.118356
-0.389609
-0.821156
25.756954
5.427030
-5.589502
10.358318
0.384968
-11.716800
-9.093325
-9.680074
5.569758
-12.439246
22.394211
7.376710
-12.851436
3.482668
17.492538
-2.426036
-1.502492
-11.673518
-6.512103
-16.205276
3.288457
19.896929
2.624296
14.947822
-13.335254
0.540427
36.054077
6.557103
16.892429
6.255515
-10.544418
9.024700
8.310305
1.682021
-6.578863
-8.539398
6.431960
23.398960
-8.089099
-12.748023
-25.655212
-4.331401
16.218939
-4.558329
16.151888
18.407888
-3.959174
-3.239143
9.137607
12.243122
5.155449
17.171629
-10.975381
-2.837781
-11.372495
-3.648300
-0.697482
-11.996573
2.980669
-10.910207
4.265972
11.947501
-6.347577
-22.752184
10.282568
-15.406808
-3.884787
29.654591
11.986741
-5.266098
-15.928493
11.364267
-20.731466
7.551219
3.986621
-9.652423
-4.408029
9.091235
-11.252918
-16.656723
8.239347
-5.015983
18.397783
-3.370449
-15.236012
5.639482
14.952508
20.664312
-8.397025
-10.503561
16.544744
-31.886663
13.022667
2.772315
-2.796419
7.323463
-0.321018
0.681698
-19.132383
15.276963
-8.015420
18.663387
1.814996
-9.737749
-19.734083
13.339131
1.882763
9.022080
12.631980
9.321290
12.361669
-6.078763
-7.036739
6.508703
7.286432
23.322216
-0.690667
12.232451
-0.545163
27.802547
24.428482
16.875048
7.560495
42.553192
8.215843
-14.146477
17.611229
14.721857
22.821768
22.948294
-2.213959
25.043941
15.982200
7.380502
-1.740710
6.363183
-4.349967
12.372865
-2.899284
-6.228479
20.863688
-3.891733
-0.498937
-16.098484
-10.361113
1.266034
26.736296
-9.347056
0.078907
22.442360
20.640255
-12.624861
5.430047
11.634594
26.919960
9.809957
-0.337613
15.351860
-5.047917
-6.567639
-2.904655
0.072222
-7.124156
16.613897
7.703671
11.362253
8.003160
8.235491
-0.108603
10.255220
2.404158
21.849476
-17.760004
-7.317255
-3.750062
-17.230871
-0.628439
-5.157766
7.013507
21.521717
-6.089001
8.963537
-6.073027
26.127062
12.180851
-14.792562
15.139387
29.100054
-8.435519
11.122911
-5.924760
14.478374
8.335285
2.901036
4.048109
-10.000246
14.057788
13.527261
-13.434617
15.880404
-4.395916
-4.504660
28.788368
-2.201669
17.104204
-15.648863
-7.600712
-16.875269
-6.355376
14.548406
-4.336376
-21.860968
10.065180
3.991308
19.715237
-1.307650
7.564144
8.308275
1.312220
-6.493837
-19.616453
2.659959
-10.536095
5.803175
1.069663
2.349127
8.491966
11.301649
-19.656065
21.155724
5.851419
-0.637522
24.332655
1.624428
-15.107708
29.398441
-23.454041
9.261216
13.941317
13.654419
7.238131
-4.677969
13.898561
-11.588180
-0.547852
43.331467
13.169039
-2.840748
2.820008
-7.291006
16.534708
-1.673426
15.190951
10.397598
-6.342171
1.882941
-1.186831
-11.082571
2.533190
-16.335751
-14.291583
-2.349139
-18.619850
0.570711
1.224082
7.491558
18.619493
7.632278
13.058189
-5.787343
-0.924006
2.647294
-11.047781
-11.775045
7.335803
7.198793
-25.658241
2.908341
22.900110
4.114845
25.112713
2.620815
14.971927
13.635401
1.657454
-3.653475
-2.523149
12.537994
10.296810
23.630024
-22.023901
-4.758526
2.560694
-10.180137
-6.124362
-18.679337
4.575477
23.287081
13.987656
12.613264
40.891796
19.312113
5.746688
1.291838
11.046191
1.678305
4.433589
0.482695
-15.500026
5.189820
-11.152761
-6.488338
-13.573729
-21.185804
-6.634496
-5.063639
25.973982
9.741910
10.077490
-25.242657
-18.042391
21.203087
12.798834
1.965979
-7.795935
4.843902
5.004066
-0.826093
4.748224
32.163689
9.834723
4.233078
-12.099501
-23.111301
5.921397
8.774251
-9.827418
15.695902
-13.708551
6.136079
6.711979
-20.896505
-3.012029
1.641484
0.666023
-5.983966
20.336626
9.582565
9.572756
2.787030
-4.562554
-2.614536
-12.122137
-5.030867
9.763051
-8.082266
-2.177855
-9.911521
24.256321
26.873863
-9.962358
-11.746948
-12.092125
23.580179
7.375105
3.015295
-1.355007
3.952321
-16.570280
-15.339490
9.552031
6.049954
-17.462234
7.622902
1.304481
3.198022
5.630765
24.593323
-5.659205
2.460513
-1.900965
-3.653898
27.133883
5.200495
2.960799
3.473888
-6.743886
-6.998129
8.525789
-5.301517
-3.126038
-4.992454
-9.545454
23.860508
-4.227228
3.224888
-6.807093
12.006774
7.292332
1.151264
7.977414
10.156569
7.309914
5.963103
10.350479
-16.685411
-15.197059
-14.270056
-3.971808
37.671902
12.084838
-9.552184
-3.391722
4.798958
12.136076
11.375660
10.879516
-3.209826
-4.979578
12.145257
25.620007
-18.658703
11.508888
-9.054414
-29.053080
24.197004
13.257592
15.598023
-7.450691
21.115107
25.616304
7.012043
18.322836
3.326991
4.567778
9.540331
-2.025640
13.594254
-6.057387
-0.191443
37.934948
-7.030618
11.565681
-17.380407
2.210151
-7.184090
3.178583
-9.431122
4.322638
-2.543192
-2.766680
19.830011
-2.508742
0.248838
-23.077230
2.568619
-17.510328
3.675024
-3.953085
9.764630
-13.338363
-5.981153
-4.954259
1.660154
-1.519941
-7.689674
2.047591
-6.820419
29.020416
9.454185
8.772147
-2.660573
-11.013400
-17.943884
-5.028357
0.246863
11.460506
22.381750
9.688817
0.347222
-3.681804
10.874575
0.577393
-6.197858
4.863775
14.159997
11.612831
2.185259
12.740373
-12.962540
2.526269
-5.399070
-0.650535
10.751923
20.481962
-9.894071
-11.949417
1.283025
14.650352
3.448962
-0.303118
10.957529
7.819266
5.011285
20.871775
3.881861
13.292181
17.949434
-12.364364
19.229395
0.669657
4.401763
18.329401
19.644016
-8.617522
2.364974
7.114452
18.648283
-0.586546
12.563951
-6.849348
27.476549
7.075323
-4.303271
0.332410
-13.705625
9.376763
14.889040
-6.362727
4.585884
6.026803
1.560250
22.823631
-9.559422
4.128655
13.420383
-7.386745
15.633842
15.631503
11.597911
5.191502
3.107497
20.392061
4.598476
0.537772
-31.004965
-9.368150
-5.287691
-2.467894
-1.044095
1.148620
-21.420868
-10.202199
-6.521836
-0.174332
26.488337
7.442315
6.613715
-18.525402
26.358543
-0.308024
0.876640
0.463100
14.096830
-10.324416
14.665029
-3.012217
-2.797869
-7.310802
4.782048
28.344040
8.154403
7.402947
-2.621781
5.162578
12.781082
26.403233
11.763890
-3.384525
-10.626484
-10.455504
11.555369
3.389149
9.911865
14.215943
23.690430
-0.893011
0.601064
19.120424
3.528236
5.323205
6.085459
-16.601688
15.530351
-3.155517
-12.031215
-5.024359
-16.639690
14.526598
-19.900608
-7.651683
2.470662
14.147572
11.993702
-8.505966
2.834023
6.198265
-7.444360
2.630301
16.412233
-34.345051
-0.758903
-2.180625
-2.700604
-13.910095
13.790621
7.167708
-17.168459
14.887219
6.126371
