9.267901
-2.940827
-21.133266
3.557908
-4.527603
-3.190077
-7.901060
3.495184
14.974289
1.246756
1.588874
14.565922
-12.852210
27.865643
-0.788473
-8.897707
31.656637
1.817599
5.145022
-4.599827
10.507071
11.427944
17.522335
0.141702
11.660145
23.455250
5.942991
10.875259
-8.347384
-1.242976
5.032042
-6.264661
9.681329
13.192480
-11.280725
-4.201396
2.226671
-34.156544
7.650309
-5.633762
6.102059
9.855101
7.076473
15.730831
-7.728460
4.209731
6.071383
13.929405
21.966099
7.410848
19.838821
-1.763318
-29.566114
2.532823
29.346205
24.063829
18.247852
-8.792905
10.685286
6.398146
-9.484040
6.802035
0.860364
31.331617
-5.485711
-3.819563
14.759104
7.829404
10.736613
-7.399412
-1.443198
-0.657854
-3.562222
15.468904
7.910649
10.715678
2.114836
-6.682473
5.547843
3.248861
-7.005355
-5.996915
12.899265
-4.753553
3.479896
-11.382840
-7.713991
-6.076671
-18.489082
-5.090385
-9.382582
-2.904213
-10.452187
10.452438
-1.950988
-2.391455
-4.969117
1.134074
7.527783
1.938863
-7.093527
-2.019863
9.511368
9.558465
4.916733
10.829502
5.063930
4.139097
-14.519908
-6.351242
25.154442
-11.605744
-11.395940
2.881074
-6.950477
21.701138
-8.073767
16.130594
15.481313
12.486924
-22.938896
-24.633434
-0.826383
-14.326637
10.346420
19.074081
14.154302
-22.232416
-14.395569
-4.374976
-24.952826
18.998877
11.825441
9.108130
-20.450047
-1.181695
11.201049
-16.029099
-5.265707
4.022202
15.501508
10.957246
11.482059
5.017335
8.534135
-6.872084
2.784380
-0.428853
-2.790974
-9.028678
10.599956
-12.254660
11.834497
-7.058382
-11.612755
13.868750
-16.563154
6.365208
1.332380
-2.206257
4.513472
-13.856469
5.481141
24.415998
-8.974471
4.696215
10.911828
-3.294726
8.081907
2.844547
-10.986077
17.749905
-1.371455
11.271920
12.924151
34.756233
-13.045824
-9.302766
12.082908
5.586134
1.030714
-4.723201
8.543180
13.031785
-13.444833
0.881280
11.434780
0.800051
11.786842
18.532307
1.867207
-6.654418
14.332875
-1.239889
0.648046
11.626938
4.989370
1.617420
-2.662111
-1.301916
-14.227807
-2.356560
-16.433979
-18.305302
0.472784
5.853347
-15.103457
-7.544276
-1.959412
16.887201
-17.643425
10.268331
-6.632404
3.199165
22.806955
-5.263729
14.178617
11.674409
0.307189
-2.832675
15.190061
9.357514
1.338636
14.511634
4.660182
-4.407387
-13.431068
-2.163301
-23.948458
6.105483
14.104032
-9.377181
20.337126
6.601476
6.085914
-6.101168
10.857944
13.006937
-13.850383
8.021767
-9.556371
19.139616
-7.997561
-3.944799
2.426211
3.633382
-8.625616
-0.799359
24.379879
13.087152
2.613687
12.409065
11.925015
2.462395
-7.384632
-0.611446
7.618708
-0.959504
-11.783165
-5.983813
-0.915550
15.770835
6.953394
18.053076
-39.221218
-13.486697
-6.296336
18.541950
11.696572
-8.386566
0.678529
-3.938107
5.547877
-12.224847
-3.644767
18.963760
6.834468
13.744987
16.195381
-21.396921
7.902999
-3.705941
6.140023
-21.576328
-8.789137
16.289448
20.432650
31.242897
-4.666846
-3.246939
7.845865
21.701757
-7.952441
-9.482126
1.854117
2.379027
-1.335025
21.073191
15.883368
14.846039
4.194083
26.198128
31.877970
24.675865
-6.249020
-13.770965
-23.328098
4.182466
-4.776870
23.700083
-2.931685
20.831394
-2.348251
-17.367033
-15.774570
9.974764
-23.470999
-1.621417
-16.748005
6.230444
6.206364
3.094526
-7.457194
21.769911
17.815210
-0.247613
11.081192
-5.141265
11.818216
8.638658
9.246438
3.292041
-20.774839
-19.431791
-2.084806
-17.835663
-2.810374
21.547802
0.700076
5.558043
-14.982320
7.024249
-5.755716
-8.020626
6.819873
11.970663
10.118632
1.161062
-9.140413
18.595949
0.654718
10.276680
-0.195820
14.733294
-6.546052
2.604056
7.883582
3.268529
1.680346
-15.988439
4.138690
-8.290241
10.382682
-21.826185
3.166311
8.468361
22.980543
10.187989
-1.684960
4.775370
22.008371
17.259710
8.908895
8.297586
-2.102879
5.381894
13.750682
-13.356216
16.739691
-13.594452
6.625205
-10.092739
-4.253256
25.252831
-15.576456
9.304937
-31.594997
-10.784363
11.469572
19.984455
-8.954570
-9.304667
21.671469
-26.841927
-3.211412
1.368619
22.307224
5.355010
10.486291
-0.742597
1.590927
18.988298
11.547318
9.373307
3.656730
1.561006
3.583702
4.326170
-3.530660
24.593946
-8.595484
-24.714102
20.879402
10.266205
-15.826468
11.367248
-7.751267
0.627856
0.463259
9.642937
11.429547
-6.245231
14.416529
1.297864
2.729035
18.447165
13.175334
11.344151
28.365854
-6.384945
-5.497454
-9.212670
3.762731
15.260986
13.032361
16.194828
11.216719
-0.783861
21.613895
-8.238355
-20.134478
-19.025723
6.154170
-3.986752
-0.333000
9.913477
2.258025
5.779692
17.003969
12.835566
-9.695738
-2.560273
-1.548448
-6.306824
15.169512
0.904110
-32.587124
-6.300975
-8.057950
-10.082011
-18.417433
0.352616
5.056326
3.429283
12.348649
26.899170
2.841875
0.097460
5.210052
7.616604
4.109184
23.132259
6.708598
18.143082
-2.542502
19.807289
6.468217
-4.849129
22.354311
17.649296
-13.601760
3.557743
-27.710100
13.036030
-3.570262
-4.362840
0.826052
25.412493
-3.996830
4.500070
18.484749
-7.771306
-8.232738
-0.878718
-0.382185
-4.461170
-7.406290
7.735985
20.225306
9.293486
-20.230167
11.133724
7.786372
4.842917
15.376968
-10.521089
16.699892
0.235334
30.584221
4.499980
-22.742134
8.133986
4.089209
18.747252
30.434444
-1.244442
-6.203201
-6.303741
29.714796
7.884337
9.560236
-12.613924
-1.565321
25.632032
1.269225
15.492549
6.831100
-15.003250
1.975965
7.642466
7.086313
4.543155
13.827137
-4.074245
19.386604
-32.915215
1.018397
18.826103
14.052650
1.423113
1.635391
0.810530
-8.902424
1.700117
8.131971
12.946596
7.518409
-4.009910
-2.747854
2.211935
5.519119
33.221478
-2.760341
7.660943
1.330527
-12.982860
6.196861
-1.944391
1.501271
13.169352
6.692985
4.798114
-3.255234
-14.758735
-8.452056
8.498750
32.685638
10.381278
-6.536086
1.783824
2.216500
10.238730
-4.134621
24.634274
11.851843
-0.832242
4.638764
14.935309
-12.465771
11.055887
9.528526
-6.141148
10.848450
10.347591
7.008543
5.052802
-10.865635
12.353967
13.818789
-1.083022
-3.911348
-4.973231
5.158490
7.866178
13.558595
-3.620978
9.436268
-4.461001
-8.927424
6.414417
-7.138818
-3.672329
-15.403400
-19.669645
-10.673883
-7.279784
25.833447
34.318623
17.344004
-9.654671
6.785366
-7.028512
-3.485656
-4.072290
-12.895490
-10.722981
11.460187
-16.585955
-1.740325
29.307198
-1.256034
45.091568
11.063273
-3.044566
0.399801
4.208471
5.097265
10.709301
-32.247368
-11.636232
-3.833592
-0.512559
2.977362
-9.784327
-5.146643
12.059858
-21.004620
9.501122
7.467309
4.988923
-1.517674
19.794109
-14.637320
0.467797
6.854424
-24.762737
0.080926
0.448394
-3.830833
2.856058
16.194597
-7.341136
-15.470093
3.387340
-12.664813
15.534325
-6.790843
-4.113964
3.760807
7.913622
-26.827835
3.667024
17.660318
-9.039344
-6.792314
17.149561
6.582623
19.312246
-10.830286
-2.602542
-7.406359
10.906693
-15.332113
-5.799340
-1.330752
2.039948
6.968756
-11.505054
-4.627748
-9.935709
19.507318
-10.594296
0.353033
22.546070
4.549903
-12.981164
8.337680
9.237566
6.226813
5.790887
19.251390
6.648598
-2.491285
-5.420878
-11.309447
9.165869
-1.605464
-14.714870
10.644561
3.620263
5.557056
11.807139
-6.729821
22.843580
9.585753
-19.638784
11.995743
-4.595463
0.891005
-8.846426
-5.083057
-4.030136
-11.135210
13.471269
-6.353926
9.947076
-3.776109
11.580434
-11.243602
6.459422
14.861951
-16.671560
3.741817
15.558291
-1.011973
2.674852
19.504967
-10.276949
-15.871632
20.065863
4.017224
4.206423
2.730481
-2.492114
8.453980
1.369351
-13.990440
20.408855
-19.852686
24.288479
2.131049
-13.740142
13.790322
2.374350
-10.432352
17.772797
13.641009
10.978117
-10.318718
3.959213
-4.245205
12.186663
-4.336441
-16.728941
-4.963399
-4.445120
7.749565
7.959102
7.807900
38.465733
-3.513720
27.890806
-5.074693
-9.406617
7.622845
-6.987277
2.214242
13.884280
20.085844
-11.129604
5.150412
-9.247711
14.450443
15.559749
-7.892125
2.899810
-8.119589
11.921515
-6.402865
10.869326
12.608428
-13.880589
-1.356998
47.655968
9.656342
10.592333
-5.457192
0.222225
23.253641
-1.094034
-9.222664
5.013321
22.659918
-1.233462
22.433018
7.900109
-2.302444
11.389316
-2.007764
15.980306
11.673157
-3.059051
21.874203
-11.695820
5.020068
-0.753624
-4.349182
-1.578384
-14.268607
-28.027479
12.403663
0.744040
-1.549775
18.703985
8.260394
0.034952
8.854646
12.776041
23.906204
14.858038
5.475708
-17.126974
9.430111
19.213745
8.980153
5.398515
21.069584
28.484488
9.182010
9.716102
10.196275
11.158347
-10.565882
-4.580126
1.627334
8.771850
19.853853
-4.343015
11.038419
-4.046341
-3.257598
2.790030
2.486217
-7.680962
-7.840402
3.456700
-1.813395
11.898026
-5.405461
16.841181
12.478178
-9.013237
-19.070213
11.938664
8.411332
-5.619822
13.670498
10.682652
2.694010
-12.152524
3.826133
-0.301348
3.166384
2.672063
-0.227379
-4.576603
2.212447
-7.761910
15.417327
-12.015773
-1.855039
-9.310076
-5.811882
-11.946826
15.007735
1.566743
13.066850
5.468440
-8.476136
12.698827
-1.415754
9.708280
9.739881
8.400717
3.614865
2.154157
-2.247868
1.453437
-12.923267
12.189981
6.195227
32.634396
-12.545238
15.474824
17.428171
1.330027
14.759296
-5.896070
-6.988394
-5.698179
2.228371
8.989820
2.107988
-2.288317
-20.202311
9.454421
30.391241
-13.955384
12.110956
1.916886
-13.788397
29.935114
-0.214395
21.364067
-1.962486
-30.620962
16.501469
-21.736225
-13.874017
5.859818
0.282278
-14.616247
0.516078
-9.214263
19.466438
19.452995
-1.665598
12.375626
4.505853
12.588712
-12.631746
2.355180
-33.994141
-1.322056
-13.376583
22.699385
-5.146141
-1.078339
17.637978
-4.871253
6.916303
20.859707
9.111286
6.106380
11.980797
-16.503323
-0.687965
24.307880
-2.494018
-2.223382
2.798869
25.588366
-16.989187
8.209512
-13.759948
7.743649
15.088537
-8.395452
-24.728285
-2.823727
-12.430042
-3.006543
-16.650076
-0.696755
11.232744
-3.267574
-8.323957
-14.733912
-0.865935
31.342386
6.931001
5.073900
-7.551877
-3.109267
22.977522
5.947096
11.854908
-5.378200
15.161217
20.242828
18.127775
-6.400015
-6.665102
0.886540
-6.515095
-13.415757
-4.087893
-10.572413
-0.151418
-5.357709
0.623780
8.693698
3.017677
-2.388390
14.748501
-13.118917
7.912980
13.278391
-10.917809
3.641531
-2.841449
0.933736
8.254467
15.297111
6.303771
4.994284
4.196918
6.029749
13.161393
6.598812
11.009767
-14.216931
3.092880
16.803362
-6.259781
-2.581409
11.160845
3.916518
15.819103
18.324852
5.270999
-1.114830
-3.289217
5.225811
-5.716431
9.693484
-4.221192
-10.451509
9.269135
-16.640104
12.863082
18.557898
16.938578
12.338539
-10.939584
11.836038
-8.499320
1.476858
11.440381
1.384699
6.306876
14.379951
22.449171
6.463593
0.593837
0.619687
-6.977940
13.771708
-2.875642
7.310073
11.979053
10.528790
7.487534
-13.758130
10.965876
-9.526567
-13.302011
0.022156
-9.465774
0.950062
-12.718473
19.244627
9.694138
20.174160
20.096035
-7.963804
-14.708874
23.345129
11.394616
13.226132
3.408903
2.313632
12.060294
8.268600
7.636775
-16.686712
-0.204071
22.427368
-7.201310
2.184327
10.814697
19.451979
6.603045
9.537861
0.514278
5.749982
2.072623
-12.667552
11.876733
19.121357
-19.250784
3.792022
13.444174
-10.790576
-0.244547
-5.944552
3.318262
-5.477159
7.299771
-6.218297
14.972862
-5.753464
16.712442
8.587484
-3.842740
-9.457824
14.882555
6.887125
23.106277
11.536027
9.060892
11.906554
5.146292
11.669199
5.815579
1.406659
3.002888
-12.503304
-1.618258
14.214067
12.832090
-8.412742
-9.310912
0.666674
-13.089433
2.654938
12.021878
-4.820691
19.422703
-1.508413
7.144176
-11.362006
-7.231553
3.282872
-3.868445
12.627115
-13.578696
-0.362924
7.701104
-0.129334
22.141705
14.271762
5.029911
0.433563
-3.039735
11.069304
0.698336
-8.838197
16.315989
3.065919
-12.935860
-12.420999
17.427134
10.110295
-0.382216
-12.463577
-5.942317
6.652386
-1.431255
10.255521
5.030214
22.517756
2.798203
3.555055
14.847173
20.973063
4.796808
8.933983
-7.117491
-3.626864
15.954322
8.015591
-5.280748
16.370008
21.186792
5.488984
19.526186
17.985153
-2.417053
-8.149393
-13.522889
5.594315
12.984413
15.269379
7.145807
-5.750291
5.754672
-0.632181
-6.686277
8.519449
-3.656886
0.275762
-0.690998
14.153518
5.591535
2.501406
9.183054
7.326383
32.141956
2.326992
5.397314
-8.846615
20.910772
8.489780
-0.921251
-5.727427
10.669725
-5.193184
11.823569
29.000746
18.902533
0.748156
-6.405058
6.324011
12.953268
4.203207
-19.610552
-10.317557
-21.210718
10.667425
31.370035
10.231147
3.600985
-3.522843
-8.347287
19.013903
8.926230
2.770099
-1.421205
9.580582
6.683982
-2.838394
16.281912
-2.993205
-6.252566
-8.294769
-21.548223
-9.128446
6.341496
3.669454
-4.534469
10.260019
-0.501229
-9.690627
5.918227
5.680532
-6.187146
12.041330
-16.900667
17.821140
12.315816
-2.039051
-14.422960
3.715483
3.602345
-24.793383
-12.359758
13.615582
16.448566
3.814235
11.964004
0.595288
8.122922
16.251804
-1.784920
-19.433191
0.305650
11.004806
7.985840
9.020782
17.441187
6.891029
1.258841
9.384637
-31.082111
2.156384
-6.350703
-1.712074
-16.806513
13.154360
28.672199
-8.415934
17.908100
-27.572769
-16.141052
-22.277878
-6.256256
1.304380
-12.104404
4.622908
-7.191878
0.749678
3.407647
22.211197
-8.800939
13.791791
21.083748
-7.108065
-0.282123
13.266097
0.894785
1.629833
-0.632440
-3.563029
17.631731
-24.844511
7.098846
-3.912097
-15.033181
-14.348989
6.307460
8.892304
2.943616
-4.818591
14.529842
13.010063
16.770405
12.815834
19.536783
26.362906
-7.063866
5.078089
15.867801
1.085304
9.723687
1.943398
5.504318
-0.674033
12.954655
23.159302
-11.473119
1.797144
-10.706444
-24.261848
-24.461298
-14.499976
11.841425
19.843323
9.118345
1.654827
18.916168
-9.804264
24.145834
-13.740843
-6.887545
-7.833888
-11.222851
5.042766
-4.552734
-6.650607
18.889500
-16.391241
16.232525
13.163280
14.321787
25.112738
12.646508
0.946047
6.831996
12.003527
-6.193849
-0.647297
10.312614
-8.067068
-12.961405
12.792382
-16.472990
20.035046
-13.246665
3.105540
11.278286
1.346221
2.535596
-7.698054
17.348402
16.580225
4.005297
-4.622412
11.342013
-11.961346
3.544491
-23.536259
-4.953645
1.342533
2.113159
-8.313527
-2.529484
16.324823
-12.247982
-3.586572
-20.294737
8.182911
1.438857
-4.285715
-21.278980
17.103949
-5.870352
-4.075669
-15.787872
0.177056
20.916864
-0.005559
11.323430
3.691196
1.320586
-5.613931
-2.647081
-0.924436
-0.604849
-16.379484
12.045063
5.453747
2.012899
-4.629419
28.065620
9.495103
-10.435199
-1.924140
-0.328147
0.804084
-3.004302
-5.256428
3.958086
29.991640
12.318844
20.198765
3.824229
12.068317
-0.604499
8.596755
10.896169
-5.084904
-5.989785
-5.445659
27.550369
5.108246
2.067154
6.513277
8.087027
4.977842
20.678230
3.076885
1.029725
11.529509
-3.618150
-3.422423
-4.919524
-13.277572
1.407800
-11.028450
-9.084304
-0.262488
-4.889053
-23.400198
-12.656188
19.487707
0.347444
9.517847
1.602990
-11.110344
-0.866190
-3.120369
-24.612823
10.105709
6.465121
-1.642484
14.675840
13.517637
6.278350
27.327608
-4.561743
-21.456812
2.654782
0.657228
11.683487
0.044292
12.223019
-6.835740
18.662783
-10.634910
6.398432
-3.656898
-6.646726
-19.125837
-2.799657
0.332858
20.827051
-6.656780
-4.372514
1.890400
-19.260721
9.893749
-6.172601
15.577896
2.972317
-0.520958
18.528643
-23.861538
17.070578
4.628780
11.860979
7.252656
1.103341
-48.320370
31.403490
2.259026
-0.603493
0.765652
-4.916074
-0.696275
15.619049
-23.959707
-11.650590
0.581380
10.273803
3.740861
-22.500782
-18.230457
1.118868
-1.119295
20.019657
-11.899410
-3.571026
11.610118
25.027012
-8.261431
24.234594
6.646284
-4.787281
15.520699
-2.274043
17.381907
25.440676
-12.713011
-22.810844
7.499579
13.343421
14.877533
18.061226
3.745390
13.484898
-4.772353
-6.840167
28.255543
-2.028855
34.102596
4.672596
-7.189820
-11.364888
0.809138
9.337430
-17.368059
13.858698
25.426800
-17.016113
1.135199
-26.534472
9.330463
19.342049
-7.478098
6.174650
-5.427232
0.192977
7.873919
-11.693661
0.805700
-12.877517
5.396001
12.433023
5.928107
-6.320923
-2.365072
2.773719
-0.539501
17.505556
-15.279830
-7.837533
-8.523071
11.723510
10.556807
6.337292
13.812097
-9.993795
20.011738
2.275805
35.781960
2.887752
23.499254
6.957563
-11.857626
5.594426
21.459412
-1.993024
8.910087
-2.632622
34.076660
-10.095698
-15.353783
7.096136
-15.307982
20.951668
14.809834
-3.860876
-13.814680
-2.903842
11.288029
-4.779546
25.213036
1.858595
10.917817
-27.758947
-15.512001
7.815568
-3.322169
-7.062590
-8.265542
-20.309464
2.083909
7.187041
5.402301
12.685885
-15.472276
-20.644230
6.445720
-17.552496
-1.672567
-4.592556
-13.119675
15.327057
-5.376181
0.692828
17.887745
10.111864
18.588678
1.172931
10.023594
-3.926731
-5.169046
27.769424
19.115482
-8.065714
-20.693346
-15.588895
-1.894441
22.594057
9.440135
-25.043219
-11.356059
3.543141
18.923513
-13.173499
-5.804061
10.962089
-3.148840
20.644827
7.015451
15.100226
-0.786453
1.497914
28.917406
-20.488346
-10.760601
5.085955
0.849922
14.837176
-16.461214
-4.772216
3.134371
15.073107
1.219870
3.798063
11.079970
6.080088
-3.116040
3.126163
-5.477444
21.183729
-14.283323
-8.618053
0.540456
1.274043
-11.153011
4.605985
19.649149
-12.512229
4.302544
-4.136672
-15.665907
2.145147
1.107942
6.141767
-3.270956
-6.549474
3.014998
9.582800
4.951976
7.418369
7.163598
2.451077
18.687370
29.084471
3.471787
14.984493
-20.429869
13.421726
35.076649
-15.135112
-0.006969
4.803339
-6.296509
11.646906
-1.736761
4.071337
-12.479732
30.139637
-3.360490
26.805969
16.433496
2.955070
-9.712324
4.205699
16.729538
2.597152
0.456273
-11.003024
14.949547
-9.558272
-9.239199
7.819879
20.222860
3.420845
-8.285468
7.113329
20.436726
9.733562
15.377072
15.650130
1.788622
-0.156164
-8.029757
-7.155237
-15.682731
2.346204
8.833985
-0.358990
-9.298479
-0.922888
16.074415
19.232525
18.510988
14.789557
3.564224
3.146291
-4.917560
8.014235
12.973833
2.943155
25.643209
-10.748238
11.340624
8.403732
13.983110
-7.937508
-6.813378
4.844398
-5.246256
-7.354399
6.400241
7.510651
-1.860888
-14.410567
-0.912153
-13.681652
18.317394
-24.668287
-0.111189
0.768769
16.602522
-10.121196
9.137894
-1.698264
1.506954
4.411912
19.137381
-3.713381
23.923328
8.851516
-8.985688
-14.877829
-4.942211
-3.517902
-16.780363
-10.352776
17.035402
5.730220
-18.172640
21.965965
2.192472
16.637388
-24.734905
-12.559920
5.631228
7.226653
3.706382
15.660840
11.033824
6.368359
12.436939
-16.299049
-0.076953
8.160397
-6.375196
-8.754388
16.125807
11.288630
-21.493963
-0.967818
-4.793283
1.032204
-1.796712
10.618032
-9.206176
19.929918
12.563063
14.447353
0.509274
-11.353382
-15.347839
-9.739246
-6.847674
24.601444
4.960553
-17.251904
10.511090
-8.239786
-8.409204
-6.526683
2.859452
-30.040348
-10.780896
-12.487669
3.985102
-16.983557
-0.581711
14.537107
-3.484377
-18.930424
6.548321
18.891861
-31.973684
25.129684
-18.507502
-12.258784
-13.337751
8.551095
5.722343
-7.663641
0.774474
2.660629
-2.542899
-11.806901
5.736394
-7.672210
12.511086
-13.772363
0.132330
24.359785
-19.254091
-12.863796
11.650228
14.563335
-16.620119
0.990899
-5.040819
-8.780172
-0.109339
19.101885
20.101051
1.523366
-6.409528
3.788605
8.166460
25.997990
-14.177048
-17.238831
6.000002
11.549893
1.194114
-10.977955
10.404434
-3.792526
13.618056
-19.691483
-2.814810
6.970069
18.334377
1.795323
-16.752924
1.536475
-10.059319
6.026664
-9.019334
9.493735
-7.173377
-33.153152
20.228380
13.126340
-9.027319
17.322277
4.703508
-17.064734
4.850143
8.287751
7.136837
8.189780
-4.084131
-5.154960
-9.581777
0.629404
2.690571
9.372936
2.633415
18.600487
13.785406
-4.998970
14.188279
20.823345
-0.904283
7.800553
-4.651622
-3.336718
5.188015
15.084448
28.669155
12.287377
11.588691
-2.632744
21.525108
8.824220
-11.935398
3.095171
-9.199449
-5.357433
-8.238174
19.076633
-8.879011
-3.916767
6.724327
2.224308
7.616556
8.613585
6.313124
-24.810308
-11.934134
10.322143
23.400045
-0.974360
-6.766740
3.839874
1.431309
2.853284
7.448341
-12.176618
5.487599
14.720778
-26.976604
21.952023
20.290449
7.970913
-13.042957
-18.924694
3.377871
-17.363501
-2.305915
11.450315
20.303816
8.998177
-7.202518
-2.739409
1.282744
8.226650
12.582721
10.601828
23.032116
5.703891
7.847524
-18.454050
16.733658
-11.090904
-31.665474
-18.303717
35.170296
7.347724
-8.475511
-9.821916
0.045360
-2.443071
-10.105550
-0.793198
10.891658
15.063972
35.790798
-5.935532
20.769293
10.049175
-17.351843
5.253131
13.531034
5.774637
-10.014350
6.790315
-19.174726
-13.382480
8.545130
31.466597
20.928553
8.393099
20.409090
-7.499873
15.769427
1.993612
-4.936707
7.726605
16.500860
-2.317430
-2.718161
16.714376
-5.990657
-1.690489
40.516644
13.994326
-7.360835
26.966909
-0.973909
-8.148826
-3.376878
-5.086901
18.974377
2.069567
-21.562084
3.502656
4.315284
-7.533056
-13.958982
-0.523533
11.471939
1.325540
9.898396
13.267275
9.364722
-9.162292
-11.942140
-13.145326
23.926788
4.270990
6.553264
-5.481389
15.932565
10.792185
-10.525727
-20.199217
27.396669
3.644549
25.502560
-5.502935
10.552737
-19.163857
-26.016115
13.293156
-2.939432
-11.036633
14.837688
2.346861
6.811403
-9.614438
22.772619
-2.248215
-17.076447
17.490530
-0.274956
-16.597551
-2.395448
8.091402
-15.915069
10.165817
5.504626
-18.631104
4.994217
-10.674036
3.985270
-1.093533
13.506775
-21.880266
15.621989
12.509099
11.061979
-4.000249
20.198536
17.995068
-7.879720
-4.641193
-5.583764
-11.151601
19.263536
-7.788657
15.147037
11.276653
1.662589
-16.679996
18.536512
-2.763938
-21.660759
9.308240
-5.266831
15.634380
9.091545
18.949715
14.377135
-5.231870
-10.563913
6.235672
-15.038142
0.735412
8.663136
-1.993275
-3.486591
1.319636
8.256428
26.730783
7.869471
3.119197
-18.318129
11.301959
-19.708479
13.188390
9.306340
-19.632330
-6.443185
1.416754
2.828796
17.092884
4.444838
33.713814
-2.121818
14.238750
-10.332057
10.478364
0.768609
3.453122
16.170841
-11.408055
3.506054
12.057009
13.738602
4.814090
-17.150904
13.337306
22.851871
23.436647
10.147048
20.515406
19.195869
3.944532
1.271452
3.205108
-4.886825
3.399673
22.936737
-31.364748
17.414614
-4.347310
4.252841
-11.138377
-11.242078
-21.596621
0.406489
13.861188
29.048872
-2.108989
1.913293
-4.732213
-0.351641
-9.693106
2.818154
-0.177733
6.699016
-3.223440
5.266139
2.630308
-3.542650
19.487892
-8.906834
-8.844141
-19.646402
11.450668
-18.224968
22.256147
10.361349
-0.501861
12.088757
-8.101822
-2.510432
-13.638126
32.390804
16.527351
-10.783270
14.649610
3.256844
10.600228
5.468624
12.838428
1.086240
21.118853
3.090573
9.857940
-4.209739
9.079193
-4.419859
-8.986850
7.000461
-4.908088
26.673252
10.703050
-5.063692
22.983368
1.283703
16.024878
3.744786
4.938775
9.080156
-2.899233
-7.264789
4.861646
-8.646200
7.598626
36.270702
-12.649612
-16.441711
12.005057
12.941229
16.204054
7.259961
-7.497970
-6.697145
8.286309
10.775446
-38.842606
-4.193054
12.516632
3.240668
17.677126
-3.447754
1.176876
-19.116180
9.208565
-5.932587
10.555574
5.513470
-19.067982
5.207941
-11.489214
-15.552712
15.341633
20.236740
-0.385268
-4.218962
23.841459
17.098003
35.289970
-8.407029
27.964312
8.556691
-11.795356
13.815604
-3.194608
6.135931
3.229418
-3.014130
-16.590347
1.576379
-13.375592
-7.704077
25.524149
11.095710
-11.444144
-22.969082
-2.992860
-4.631651
9.315364
-11.448106
4.566134
-5.016236
5.163548
15.361012
10.438387
-15.391572
-13.417138
7.555745
24.171467
6.274273
-1.716255
-9.090992
-3.087076
-1.180990
-5.974210
21.526461
25.213919
-3.589594
2.848563
8.923853
15.464335
24.315693
-10.528455
-17.398916
6.674523
-14.917607
20.574568
-6.663883
-6.921889
2.050016
3.989732
-2.150280
21.589495
-9.773845
12.874809
-4.179005
-9.197242
-20.656822
18.679728
-12.002525
11.192594
20.717428
-0.222502
6.473179
-23.667593
3.161901
-14.342033
5.479529
4.344241
18.471708
9.231155
-18.938820
-0.376038
6.589756
5.785208
-1.446136
-9.245794
0.935270
2.819944
7.544240
-9.987267
3.319467
2.525486
3.602561
-28.527210
12.028411
1.847221
4.565528
-30.548895
0.691788
-3.434799
5.119901
0.062271
3.093320
-20.185501
3.240545
10.885072
1.011527
-0.771648
8.219994
-0.910204
-8.272157
7.059453
6.328087
9.988226
0.717689
7.669520
-1.085081
2.191151
-4.811371
-6.674392
13.864834
13.466689
-7.569718
24.643251
0.066852
20.972477
-4.707996
1.366426
1.502619
-1.784610
17.223274
15.296474
-7.064015
17.683041
9.149624
21.206553
27.602877
3.119731
2.995289
3.878158
-11.432899
-7.356662
3.475889
-8.891567
-1.339955
-0.267421
-2.898232
17.708633
6.796345
2.495939
10.365750
17.845285
3.505160
-5.843804
-4.415720
-3.286752
5.184215
-3.064115
-5.698261
-0.945217
-1.045256
6.383698
-0.353631
17.188343
4.160316
11.410041
-1.026138
-11.391901
-10.246351
13.682656
10.965308
6.777638
18.950800
5.009676
10.703586
21.662668
-29.521475
17.403440
10.049009
-2.571068
-10.194450
-16.307102
-26.448856
4.773820
-4.732947
-9.612103
0.699909
-2.910596
-24.162165
11.048430
-25.635790
5.399269
-3.737145
25.640633
-0.845719
0.883621
-19.831610
-2.678719
9.748112
18.118750
7.333052
20.590858
-0.392824
17.038671
18.019405
4.430752
1.171962
-14.949619
14.329436
-16.719700
4.610854
13.657393
-10.278900
9.190663
5.940624
4.670752
-0.927610
9.945335
20.553902
17.066673
10.405489
14.208025
8.257142
0.843471
-10.130654
17.876034
-4.254801
-11.538736
-3.891455
10.043005
12.234317
8.268780
-16.637817
4.389584
-0.544951
-1.482714
5.788883
-2.514704
1.300445
29.028475
6.820932
30.340790
-9.874408
10.242221
13.849757
-22.263344
-7.379653
-2.604648
-0.473828
15.171763
38.318035
4.727453
1.954412
-10.057497
-18.640081
12.471894
4.593062
21.561312
6.340803
-6.817785
10.194298
-17.322411
35.273525
19.766211
16.475166
2.816084
-0.964722
-11.429513
9.730234
6.125608
-4.281740
16.323162
-10.474900
-16.845846
15.460593
-9.714963
12.407540
18.094667
22.539591
17.575138
-5.356493
-20.241344
-3.820822
21.435780
-3.646846
4.282731
-3.818720
-4.323853
32.356045
-5.700869
15.968143
-12.929166
9.960795
0.973913
-0.604758
8.118820
6.531052
18.639534
-8.469880
-4.098743
3.761891
-5.326002
-5.496151
6.779768
-0.022740
14.513077
-2.910043
14.871547
-5.369067
11.252989
-7.997041
10.689206
18.379898
8.258985
-5.147626
-4.525082
31.460777
1.362062
5.168105
-10.740831
0.809975
-1.700107
5.924125
1.539292
16.624819
10.795207
4.685030
12.818440
-19.369520
-9.059869
-10.817891
7.673984
-10.317225
7.653270
21.042154
-1.405308
-5.184783
-0.452274
13.998815
-5.080605
14.470403
4.628653
-23.825165
18.976639
-7.958884
16.962597
-18.040867
2.395777
12.935547
-1.344794
-7.439951
-0.010430
3.970826
-10.757591
-6.542037
4.152301
-1.575369
16.874165
-6.719001
2.458731
14.464455
-4.296104
22.232327
-9.566535
15.050894
17.017612
-0.388443
20.901152
10.206993
-1.877864
-0.095009
4.523367
17.071829
13.549884
6.710403
-6.747076
-3.116477
3.677376
3.294039
21.838755
-3.267426
3.675779
17.454884
6.075578
0.853902
1.712029
2.242808
3.246758
20.434488
22.628149
-8.921142
2.242725
-15.740618
21.249577
-11.584391
-11.206995
12.491980
5.582697
26.841650
-3.978045
-9.339799
-0.481044
-6.115180
12.783166
17.354523
-7.118697
-7.025796
12.945797
15.717135
-11.306095
-2.829796
-0.615163
14.559426
13.186642
10.355633
11.963614
-3.315320
3.913570
0.644833
14.332525
5.587145
19.937698
-9.094537
-3.225798
4.710801
14.064707
4.439670
8.752022
-11.313083
-18.686035
11.533437
7.079942
-10.833851
3.570377
3.603675
29.606220
-1.323694
-0.207738
6.046860
-13.272259
22.360306
5.305547
13.539517
5.490016
-2.143971
15.606304
6.503493
-1.772000
12.584743
14.388687
11.476221
12.438637
3.474475
-19.649853
4.403461
8.189292
14.231924
-17.811966
-6.501340
3.514645
-12.136858
11.620214
2.214727
1.220433
16.047768
-2.707439
-12.820135
18.704048
-0.065610
1.543709
24.457558
-1.054473
14.258039
22.433647
14.702920
13.452726
-14.157367
13.457621
12.193740
-14.888672
22.363089
27.875891
-1.248349
14.219275
5.923845
7.867320
-7.434114
-2.841378
16.242275
16.316267
-5.787622
-0.824499
-2.208687
-17.879833
8.038552
23.361353
23.543015
5.660284
11.072592
16.020657
-7.870748
13.464186
0.350514
13.735313
-19.613964
24.281660
11.933638
13.519908
5.128452
-6.610195
9.736368
15.605515
-2.149662
-8.528642
1.143518
5.219502
-6.821817
11.312729
2.026547
19.983099
-16.757093
0.645754
-0.937054
3.256156
4.422011
18.396330
-20.808832
15.982699
9.244639
-11.847148
29.345724
3.870569
26.080919
3.488595
-23.608686
-14.737734
-10.980444
-1.762288
-2.308067
-23.679060
8.756289
11.582868
-20.141909
5.388862
-20.886057
18.330887
7.738110
-13.912953
-7.101837
0.724707
-4.343052
17.070616
22.283014
0.932496
12.778043
24.783039
8.981641
-4.516949
-31.074265
-0.800872
16.562466
28.434280
-2.031330
16.136095
-3.130565
10.366542
5.027781
6.043931
4.190376
3.483957
2.089959
20.476299
4.855287
9.762322
4.066309
9.717086
9.450311
14.177435
-2.727947
-1.426136
7.129515
-17.066074
10.296547
-7.623263
-17.496941
2.003611
25.587776
17.261341
-6.424923
4.686417
16.923759
-0.252404
6.991592
-1.970287
8.805598
13.849619
18.557013
6.016558
-8.481938
30.084854
5.710990
-0.626404
22.034744
-9.239867
-6.718034
7.017301
10.199970
19.494856
-9.146557
13.476680
2.961418
-15.513727
9.758169
-11.000060
-0.771416
32.950947
16.121586
0.856733
7.625186
17.749815
-6.799683
14.486167
6.451207
10.818996
1.113494
6.766085
17.801659
24.044582
-12.406976
4.732295
11.522153
-15.101989
-29.201424
7.815633
30.346260
-6.208838
-0.635311
5.888103
12.725195
-7.311070
14.944771
-19.209972
-1.778832
15.424854
-9.790087
-14.159207
26.445673
16.484118
19.107105
-2.201479
13.466136
-7.150730
-31.311930
0.950288
3.909507
-0.059509
-17.431519
1.379037
-9.178248
-2.176465
6.414292
-10.694937
-27.778770
-11.272802
8.993673
15.156379
-11.345016
8.022570
11.173378
0.725856
17.519642
-7.764293
3.427500
15.420003
2.252221
5.207285
0.457528
13.082167
-23.252121
-10.810697
-9.637858
1.752854
8.727486
0.612557
-28.303455
-9.900597
-5.070868
5.022457
-9.098408
3.935996
5.513397
-1.012121
-8.877074
-4.528514
6.257524
14.691968
6.268066
-2.366664
0.720920
7.607132
-2.275284
-15.753981
12.139001
11.355531
-8.512809
-1.828496
-3.535952
17.978249
19.283518
7.424845
34.394253
-14.498021
0.930460
0.411225
-0.877843
-5.199337
5.553531
0.834906
6.435293
31.723082
15.499178
-12.099356
-0.572386
14.044445
-5.146000
3.254297
-2.402332
-1.841313
-10.490321
17.896704
-5.382791
29.587740
15.822770
20.882065
5.416479
1.001580
-3.864328
-20.539572
29.863087
4.186326
-12.963503
4.941127
-10.994752
4.557125
22.155085
-14.743682
-19.020647
3.839934
11.647852
4.800811
14.359131
22.546156
-1.278381
-14.461012
1.222522
21.241123
9.154431
7.209967
13.226987
-3.607472
22.193529
-7.740407
25.852051
-5.047698
6.146506
21.887299
-5.122215
12.771796
-5.960785
-12.941775
18.610960
-3.483337
4.290477
15.803329
4.658824
2.519742
8.123017
1.461225
1.641362
-15.042192
-2.224890
-3.042416
-1.002393
-23.273571
-8.577398
13.308368
16.611706
8.661987
-3.744134
-7.734937
0.099323
-0.993588
-6.624872
16.872730
22.320980
3.964593
-0.304501
14.841347
-7.924368
6.120099
35.220169
-0.989966
25.307941
12.528289
27.015131
4.836078
14.923231
-0.507739
18.121401
19.644434
6.035822
2.362794
2.505221
-3.778245
-1.807279
16.629639
32.118832
-15.758260
-24.803995
22.246815
-2.243999
-18.650564
0.712237
-7.856330
0.503350
17.582373
-5.851498
30.222679
21.889166
10.306662
-12.900749
8.753774
10.494592
-3.350613
-8.439681
-4.055330
14.230783
6.746389
0.864901
5.881314
-9.204215
0.258027
-6.972237
-8.722127
-5.907915
2.705332
0.091296
-16.184475
-11.301482
22.322769
-4.528415
3.743287
10.444592
-15.708772
4.087478
10.472782
1.187483
7.431277
20.655825
5.828971
9.771134
3.686070
5.280007
0.115665
-9.204808
23.965162
-4.182522
10.535083
-25.203333
8.213113
1.428232
-1.787348
3.130885
21.564384
25.351574
13.294902
3.965729
20.084814
-5.249041
-8.813431
13.114169
-2.300819
0.474777
2.379797
-1.555867
-8.667860
-13.699213
-19.251678
5.693990
-2.428142
-15.725760
-4.847372
16.247984
2.819172
-5.795960
3.967315
-7.948856
10.989912
12.211797
-1.885819
3.436743
16.147541
0.879138
3.907216
20.273504
8.351142
-1.343201
-8.174054
3.482616
5.930728
-8.528002
5.116183
15.708343
-3.509065
14.681468
22.919508
-4.415087
-4.769165
1.378403
-27.773142
-3.062928
12.649852
-8.155416
-12.117857
-10.691112
14.399291
3.461442
22.150507
-4.757940
1.837380
12.045075
-3.339342
25.725281
31.709795
-8.222446
3.401700
-5.301198
0.901128
-9.600986
-1.328581
-8.606139
3.763144
24.787237
2.551439
-3.629231
-5.397456
-3.457620
10.833628
6.182395
4.121137
0.496527
14.852017
24.585974
2.059204
-28.675924
7.115829
4.130301
-6.618172
24.236692
3.777538
26.592783
-6.691963
14.076285
15.483666
-0.539581
10.083857
0.812255
4.677734
5.072821
-13.697477
-10.152750
22.054049
-10.255522
7.860948
16.873920
13.329670
1.309083
10.045439
14.912305
-5.614658
-11.340900
24.824015
-9.763797
-4.076637
1.711991
-8.964437
-5.241402
15.548944
22.710484
8.610291
-2.197010
12.476197
1.034628
7.319614
-3.840270
0.096244
19.120552
4.857894
11.335209
-13.879537
0.598611
12.091416
6.477642
2.613526
20.668835
-14.844262
13.769218
-11.173917
3.715719
7.673905
3.055334
17.187574
28.085897
6.752190
14.247038
-10.743646
0.933926
4.815146
-3.362929
-7.994967
5.884448
5.521142
14.228962
-3.352730
-6.308141
-14.990499
12.455397
12.370498
-6.582174
11.491663
39.038704
33.105350
15.104243
3.445363
25.682148
-1.471332
-18.588453
1.758749
-15.300369
-0.779880
-1.555742
10.370988
-8.141420
4.162179
14.266718
4.019062
25.098242
2.188278
6.402420
-1.711130
9.361771
-17.482264
11.597607
6.987186
-1.865184
-14.189819
-4.168605
2.933614
2.108629
-15.310624
6.780046
-7.705664
-20.018091
-2.522204
25.307369
3.228021
-1.200675
-7.309722
-22.481163
-17.584969
26.151655
-18.139641
2.168931
-3.149968
0.017406
-2.570394
0.849944
3.269606
-7.976649
3.711295
-3.214773
0.722314
-8.514565
17.629444
-0.473021
4.239952
-11.654235
7.273299
-4.579651
-7.392508
-10.682329
36.472565
-0.234247
5.058113
14.422212
8.544706
-4.972678
0.324960
-10.048989
-17.163956
26.050888
1.532063
-19.284487
2.586770
-2.615728
-4.618934
8.275469
-6.116464
9.147092
22.537516
-9.541802
-15.909020
10.932624
3.251832
16.720509
25.008488
-27.550087
5.512348
7.742261
-6.913265
10.650535
6.926466
2.681293
-6.049077
9.314373
12.979877
13.544750
-0.880117
7.399316
-5.463123
24.762833
1.331065
-26.725046
21.817707
-14.575874
3.810635
2.457722
-14.542108
7.886705
13.641020
10.877325
18.463961
9.054569
5.576772
3.567511
25.066616
28.364937
4.780305
6.395147
13.874572
17.618168
-1.367623
11.741385
10.659022
3.487101
-5.369946
1.758286
10.098784
16.846989
1.883622
8.746853
14.575487
-6.383611
-8.917849
36.765129
9.587681
8.550846
-2.280066
-5.829222
13.023992
-16.682451
-3.814940
14.359355
7.371820
0.985930
-0.089548
3.815395
-0.563965
3.677550
17.529673
6.230088
1.368003
13.427021
19.550598
24.534391
24.481112
12.844728
20.339663
-3.726692
-4.649669
5.903321
1.681974
3.879919
33.145294
-17.570215
-16.670435
-14.386896
2.201392
-6.636277
22.056231
10.340740
11.683887
-22.289698
-24.765697
-7.129656
-4.948965
3.728424
26.396011
-10.677827
-3.555732
0.284038
3.214892
-15.841581
-2.336098
-1.307876
26.300423
4.392581
-4.341179
10.263454
3.831239
-13.211066
-10.249801
-6.091601
5.942653
-13.851933
19.124092
6.538423
-14.659874
2.729319
17.813766
-2.624542
-0.473642
-10.629821
-3.583441
-16.610252
1.046425
18.477474
-1.626920
11.207054
-10.017350
0.555367
36.069302
9.354911
15.374979
7.383550
-8.782213
6.825505
8.556276
2.265038
-5.718711
-5.528402
1.438469
22.455765
-4.476818
-10.549356
-28.030329
-3.244913
18.905973
-6.088633
13.436658
16.779411
-3.160199
-5.190706
7.807696
13.059087
3.169720
13.874244
-8.237806
-3.545102
-10.885900
-4.131868
1.189337
-9.454421
4.616603
-7.168461
2.387978
15.068465
-5.686219
-23.132418
10.608982
-11.468370
0.664537
33.151764
12.404180
-6.373640
-19.994890
11.670682
-20.724606
7.170470
3.368059
-8.834289
-6.083140
10.247252
-9.718962
-17.073229
4.981306
-10.745073
17.294022
-0.962413
-17.637766
1.485805
9.897032
21.385744
-12.303256
-13.344446
15.195727
-28.394920
20.643400
1.959211
-2.715032
3.239610
0.388843
-0.467009
-16.437315
16.622419
-9.496668
16.131607
-1.868102
-10.681302
-22.173740
14.345467
0.923719
9.081369
13.977854
7.230891
10.365312
-4.883151
-10.197680
6.815863
6.762694
24.622410
1.432596
10.577055
1.021103
24.578901
26.158257
14.513415
10.663145
42.123901
9.710251
-12.109449
16.606144
15.863936
25.868906
18.717201
-5.028738
27.883224
13.452085
9.009759
-5.390923
8.088863
-3.415127
12.031727
-4.051935
-5.016536
20.152077
-0.388875
1.902216
-9.790970
-10.643578
0.257503
25.540260
-6.675110
0.995572
24.340399
20.025143
-14.347878
7.495434
8.002453
29.025963
11.232503
1.416504
16.035110
-2.884172
-8.010734
-1.400699
3.648647
-6.333566
17.001593
5.864263
10.487628
6.758571
9.051292
0.582889
10.081119
-0.709582
19.650955
-12.446328
-7.645058
1.453563
-20.206387
0.777141
-9.144541
9.727777
22.502861
-3.900185
12.140415
-1.105908
25.985382
8.233344
-14.301463
18.284719
26.621319
-6.517760
10.116316
-5.647161
16.856544
4.217042
-2.204460
5.308505
-6.310487
15.969022
13.220403
-14.220080
14.778770
-7.528138
-5.842735
32.970169
-1.219474
16.865713
-15.423416
-7.981883
-15.238975
0.906807
16.549416
-5.561455
-22.636997
11.409068
7.359040
21.813732
0.476391
10.125458
7.608220
1.015219
-10.237168
-19.007147
4.981936
-7.516357
5.275349
-1.474545
0.648986
9.694983
12.359237
-18.202068
21.931566
8.335660
-0.041930
21.033075
-0.273329
-11.691210
30.627249
-21.059654
8.713753
13.819580
13.805992
7.724781
-8.968235
10.542840
-11.363223
-1.731041
40.997643
11.419021
-5.093062
6.479818
-13.447719
19.004822
-3.323153
12.644618
11.092270
-4.733768
4.113502
2.444192
-8.541743
2.396984
-14.473269
-14.523372
-4.999882
-17.556700
-3.548058
2.107015
4.574346
21.171211
4.449805
10.778854
-6.641546
3.753682
-1.169540
-10.390655
-14.514129
9.892080
10.103543
-23.485226
6.248398
23.433058
2.434449
21.147055
1.272601
14.062875
15.160657
3.200687
-3.319318
-2.910293
9.829733
8.663949
24.198515
-22.638441
-1.138899
-1.677225
-6.687591
-4.075299
-17.626120
2.111075
22.800016
15.462169
9.891315
41.919834
21.524788
10.143091
2.146404
10.245137
2.958508
9.491697
-1.604131
-13.910941
3.356888
-10.463262
-4.866572
-14.617170
-22.167501
-4.498620
-8.005987
22.693045
12.510539
7.933159
-23.264729
-17.017031
14.472899
12.846319
0.194541
-7.627292
6.945665
4.063544
0.643284
3.242111
31.842232
15.639430
3.391467
-9.136322
-24.344765
7.735569
4.571043
-8.564749
16.443003
-13.724533
9.287597
8.518846
-19.075640
-3.062094
-2.080742
0.140442
-6.421277
20.693304
11.643804
5.708658
6.013192
-3.215417
-3.271187
-14.747104
-4.680869
13.189113
-7.141591
-5.065703
-9.137215
27.088892
25.045160
-10.644124
-11.877084
-7.640735
20.814831
6.371130
4.135448
-0.747220
5.418505
-16.421242
-12.926225
9.804646
7.226526
-15.822974
6.730429
0.691449
6.297853
5.508489
22.729687
-8.862526
3.163240
-0.734538
-2.663972
29.401541
1.987660
3.530196
3.632790
-6.450899
-8.136024
6.900108
-5.547251
-4.013421
-3.744400
-8.343181
25.411562
-3.451976
1.716250
-3.758341
16.062660
6.970125
2.457637
6.352800
7.566229
8.955214
7.665472
11.496707
-12.428967
-15.447445
-4.755641
-3.986322
36.201283
9.897912
-9.146007
-6.928895
4.381328
10.480392
11.609264
10.465023
1.681424
0.554842
9.540823
27.278929
-17.355936
10.210175
-8.885132
-27.912411
20.955467
10.956548
14.260008
-10.462361
19.083775
24.912134
5.493063
16.272478
1.364331
0.547298
4.859388
-4.653535
16.643459
-9.356849
-1.579274
38.610611
-6.739490
12.898155
-16.963545
2.490473
-6.536619
3.324693
-8.563313
4.190172
-0.410747
-1.806517
20.686346
-0.340497
1.855447
-23.114008
5.786090
-18.803486
1.816659
-5.339423
6.046595
-12.998776
-6.599800
-5.262127
-0.701920
0.434841
-9.154587
8.072321
-6.694773
26.155792
6.285473
6.847045
-5.936244
-11.220055
-15.759645
-5.410578
1.184503
10.058108
15.610910
10.807784
2.420084
-1.878637
10.920056
3.475266
-5.822100
6.796980
10.581838
8.570642
1.634686
9.981584
-8.814617
8.585451
-6.128995
3.032294
9.863223
16.264145
-12.079076
-10.636536
-0.451840
16.114622
2.096903
-1.902897
14.156777
6.510325
6.014402
22.653776
-0.303388
11.258497
19.817011
-14.128980
20.332130
-3.540222
1.634104
17.777372
21.801453
-5.679239
1.344763
4.059005
18.577450
4.506816
11.542195
-3.624042
28.861916
7.369465
-3.681791
-0.395803
-11.435959
9.276033
15.027644
-7.441079
6.900205
5.065130
-3.499951
25.435978
-14.756549
2.958160
10.542430
-6.475670
14.974996
12.256913
10.953200
6.223990
3.087663
18.638651
6.553220
5.818518
-29.985456
-10.637334
-5.956220
-2.918329
0.807200
-0.195868
-20.063869
-11.327875
-4.697553
-2.233372
29.450798
9.153066
6.277065
-15.679662
27.723764
-5.763630
-2.241971
1.238643
14.193183
-7.879344
9.882887
-2.829588
1.264891
-8.346972
6.037553
27.762243
7.441906
5.415081
2.404567
1.967530
9.894259
28.309832
15.467774
-5.136927
-10.394043
-10.187907
8.667225
4.853984
7.219628
14.526777
23.573301
-2.607889
1.250480
18.455048
3.168311
3.883699
7.640606
-17.143501
16.217850
-2.402327
-11.001605
3.872144
-15.150930
13.271793
-18.268980
-6.897305
-0.424722
11.032954
5.907475
-2.996809
2.256190
11.182494
-6.657778
5.063054
17.951830
-29.242229
0.590839
-2.820101
-4.207323
-11.213080
16.025475
6.474067
-18.472178
19.974915
6.137300
