-1.397015
-6.211490
-9.689364
12.156219
-15.783080
11.320143
1.909790
-4.274380
7.877505
-2.476000
-6.427577
20.146509
-7.998902
17.226770
2.439908
1.676654
17.777863
-8.664929
25.767029
-4.002712
8.091389
-1.330593
17.019236
10.117690
-0.819287
31.047108
-1.930791
-3.057723
-15.080941
9.375600
12.027620
6.817027
26.498789
2.674551
-10.551715
-6.623749
3.537230
-21.704281
14.063420
2.971494
-2.013869
5.949585
-10.347705
10.315452
-12.112259
6.342221
3.654689
12.148151
8.603740
-6.348977
20.795925
-14.029259
-31.757404
-3.663109
12.597848
19.917242
11.339427
-16.197453
-0.414856
23.723715
-1.847333
5.824318
4.128171
6.494502
-4.535495
2.593623
11.157521
8.993794
5.173982
6.095935
0.117789
-8.579474
6.629429
12.565202
9.083548
7.704422
-5.359852
5.935051
11.188928
-6.613022
-17.484377
-8.794967
-0.719538
-3.960609
14.187438
-15.873570
-12.927358
0.292732
-7.750841
11.216949
-14.900253
-8.931644
-3.134063
0.072461
0.647126
-4.995886
0.480810
3.264058
-7.327423
1.646809
3.575603
7.661782
29.080389
13.844576
0.953119
-4.846185
11.835110
2.900710
-10.909571
9.358397
17.441792
-15.855716
-6.227942
6.899624
-4.845419
14.476382
-13.710518
-0.357425
2.870514
13.507646
-29.218111
-19.990520
-2.380115
-9.980834
5.397641
13.975271
18.792791
-19.119913
-8.543810
10.118778
-33.168262
19.497755
8.841969
14.397703
-17.261911
0.241797
-4.075662
-6.956271
-15.745796
10.650821
14.972888
2.171153
-1.924467
-1.185137
16.811167
-21.466522
4.681969
2.019001
-5.870918
-3.730893
17.703588
-13.571809
2.368720
6.248966
-9.653893
-1.318474
-16.091017
7.843835
-6.710496
-1.457544
2.647912
-14.181781
-4.245697
24.803818
-9.007875
8.873000
10.083055
6.037595
-19.486032
-15.489219
-18.050520
1.435984
3.322603
1.736508
7.698339
1.398159
-18.200283
-22.522137
0.367014
5.971509
-3.703708
10.960032
16.552155
8.648992
-14.429215
-1.505175
0.777079
7.667919
14.948230
33.377514
8.368488
-2.442001
15.159737
-7.388113
-5.239433
4.073483
-9.438355
6.576315
-2.113110
0.473085
-0.049166
-2.372807
-16.242208
-7.342834
4.872447
-1.004507
-14.681964
-18.792425
1.528383
25.632811
-13.549458
31.072060
-9.157242
3.755606
27.492462
-4.631944
22.866299
22.020969
1.267022
-4.870267
19.373259
6.361225
5.312780
16.962296
1.795846
6.241303
-6.554990
-3.066540
-23.130075
6.623952
5.726552
7.822256
11.921575
-5.652808
9.746684
-9.856626
2.454002
13.008493
-28.470079
6.752666
-6.775855
23.316156
6.372430
14.664066
0.724279
-1.194126
-12.644888
1.011990
26.201378
12.102015
-7.474980
16.698265
-2.101945
-14.010542
-27.283405
-3.352215
9.269933
-7.045303
-1.927074
1.243319
1.257416
10.754309
-0.904285
6.152738
-23.658163
-14.063042
-11.920388
10.557901
12.242300
-8.379048
0.734551
2.434343
-8.166420
-6.613609
9.578629
20.366699
0.470200
-3.785705
20.801634
-14.514183
-15.666754
-9.271632
-7.116000
-12.956264
5.481732
14.223341
10.640718
36.613327
-12.346567
2.145736
9.105285
8.275199
-6.271144
-14.369028
-2.586505
7.381563
9.255760
19.214705
6.762497
3.578331
17.263817
2.401137
22.777380
21.442251
-9.784616
9.033352
-7.847476
15.765315
-11.205976
10.361211
7.377556
16.762020
-7.876146
-12.160145
-15.191300
10.351265
-9.560993
3.297496
-9.161091
-4.710787
-2.787867
-7.524206
-8.713185
22.349461
19.028894
7.138870
12.488259
-6.830216
15.822752
22.533768
2.392830
11.730393
-12.038510
-3.504952
-13.799748
-34.064400
-1.499461
15.563710
-15.612008
8.177921
-15.955326
10.017178
-0.196339
-21.344868
20.753162
15.856354
5.150111
1.176600
-2.688055
19.449856
-9.268760
32.881527
1.365228
13.726291
-3.545316
5.104269
23.173431
9.004238
12.926137
-12.374003
6.556793
-1.270175
5.583323
-7.721356
-0.720920
4.669813
6.303556
12.006961
-16.447483
-0.266029
21.042067
5.374227
8.867871
-2.438029
-10.035851
19.798252
10.532090
-2.578559
20.598867
-5.751171
2.439079
-3.293315
13.625670
20.271709
-5.207887
5.929832
-29.826460
-12.514291
20.932064
13.474194
-2.216304
-8.860441
26.571089
-14.481987
0.112498
5.451171
16.732420
7.686502
14.856558
8.743168
13.657780
10.862434
17.773102
3.591127
4.471480
-0.701890
-15.106891
0.614835
15.852709
23.730318
-6.997439
-23.619183
17.842566
-9.205675
-0.704989
5.694417
-17.516106
-4.256892
0.829385
5.300281
-10.306027
8.617212
8.180385
7.686859
-1.499659
11.110275
10.013731
26.809874
17.487709
-3.376637
11.727983
-30.109333
-2.056746
14.120973
-1.211159
13.658788
9.351882
-0.357183
3.058884
1.296416
-6.444708
-6.841680
26.057995
-0.393934
-0.779748
8.632604
1.413730
1.427333
14.238922
19.511566
-4.621998
1.888980
-3.737771
-8.411217
6.002185
5.146539
-15.445348
-1.903481
11.310840
-10.426713
4.444478
8.489188
6.974703
12.500377
18.134222
35.640038
-13.030372
16.653788
-8.465210
15.483045
-2.795212
21.590521
3.002837
0.354821
5.421481
17.499887
12.836728
-0.413779
6.376161
14.642741
-0.852917
0.948715
-32.341553
1.312153
0.842801
4.970765
-0.695169
26.489788
4.055730
-5.532703
10.288042
-9.836354
-4.240874
-2.523637
6.095968
-2.621944
-0.836639
5.105419
18.746918
6.985234
-17.029978
15.414378
0.570316
-2.554319
21.585205
4.840054
30.042664
-6.265967
23.960606
8.463931
-11.204218
23.683306
-5.276734
32.572716
26.839495
-10.458827
-5.054361
0.160542
23.413918
3.173688
0.073756
-25.590246
5.977938
19.641438
9.782619
24.042456
13.086977
-22.445986
9.406052
-8.319735
2.157701
10.616665
13.696097
-1.756078
12.272871
-16.442406
-3.823635
23.828655
12.341420
-12.607589
4.906962
-6.133708
-1.541644
4.508350
2.795279
4.781195
9.789047
7.179231
-6.809915
11.290537
10.742497
27.677532
8.420224
8.767443
3.700688
-5.660777
5.628096
12.450174
3.273911
5.691663
7.962434
5.014447
-6.400767
-0.903093
-23.321346
-8.612151
32.558971
9.886008
-13.022992
-4.651122
8.060215
11.060692
-8.374977
21.382996
16.299097
-0.230032
6.540708
17.847664
-13.913170
31.057495
9.742588
2.553427
9.952113
14.961972
8.099811
7.705110
-20.181528
14.561752
8.413306
12.355052
0.299273
-6.137091
0.621002
20.413233
11.194785
0.138465
2.100720
2.833767
-8.807764
8.348573
-4.422106
-3.272018
-16.206451
-10.440028
-11.950577
-13.555979
17.318846
27.498785
26.191946
-12.981512
-5.636891
-3.873286
13.244220
0.059979
-11.541829
-18.635054
13.287976
-19.342831
-7.378861
15.958336
2.102160
42.601273
11.821146
-8.526437
16.003096
14.907877
2.921858
4.364169
-12.610627
-5.580394
-3.927298
-7.058134
10.410972
-18.013163
10.208785
11.771942
-21.799660
7.110801
1.751000
5.825735
-9.844734
5.263679
-10.937618
-9.757782
-7.317121
-5.000967
6.762469
-1.231426
-4.723089
10.450847
-0.352206
2.431078
-19.742102
7.230618
-15.109915
10.552985
1.667995
-2.833784
-6.097203
14.311395
-7.437178
-3.800417
18.129253
-17.060530
-4.288743
9.355289
-6.376329
11.628400
2.094374
-15.015737
-1.392633
3.704911
-16.947239
-2.163434
-8.058692
1.794138
1.773654
-6.003215
-6.651525
-6.982142
18.874279
-6.282475
9.442045
21.951744
11.182951
-15.107033
11.706959
4.268044
-1.679387
2.682612
17.008741
1.223453
-8.613034
1.881904
-30.806124
8.643076
9.421761
-16.424097
21.034008
-10.883368
0.368755
10.775257
-8.238739
17.799648
14.110477
-14.116939
-1.455289
12.658448
1.553321
-2.520624
-6.334818
-4.435645
5.348795
13.397738
-11.343099
0.973763
-2.683521
6.212908
-5.509129
17.930828
29.158295
-7.447606
7.807803
18.546690
-1.186636
2.865139
14.000625
-0.577330
-18.635794
7.897191
-9.548261
7.339388
16.238401
-21.006413
14.153702
8.515440
-20.088274
25.946318
-31.682980
39.014763
-6.173792
-18.134567
12.509703
-6.876944
-31.806543
35.435188
0.977401
-5.491231
-3.694479
2.836562
-3.215843
8.519635
-12.559601
-19.482037
-5.510695
-4.403355
5.422562
3.551690
9.518521
37.511284
-1.358944
-2.938511
4.359428
4.505617
6.212516
0.576475
-3.939612
-3.389311
13.197455
2.120943
15.951641
7.661591
12.713083
13.972282
-8.771329
12.193150
-17.040819
7.963651
-1.092990
0.109970
6.142802
-22.201290
-3.510499
52.515564
10.155683
7.148089
-7.716619
-0.798516
25.103512
5.731350
-19.405901
7.602929
20.395731
-19.315964
44.319668
7.675368
0.166941
9.752250
11.354961
21.904942
7.923048
-3.919292
17.727299
-3.966918
-8.427819
2.759904
-8.111818
-2.107988
-16.921770
-14.108718
9.496137
4.488262
-6.699549
20.702391
1.460582
8.256324
4.047251
15.828257
17.334669
7.030281
11.283739
-4.177417
10.937843
23.361971
3.526155
18.161272
13.303742
32.825142
11.561758
-3.869873
12.483577
20.646889
-10.517605
-6.520888
5.402618
27.176937
27.391211
-4.610966
10.923776
12.961697
-5.442747
-5.087259
-1.718250
1.192842
-18.686064
-6.605236
-2.380854
13.881244
-8.587200
4.292164
17.880709
-2.165341
-14.472808
6.432212
5.472324
-2.364315
6.579013
5.987577
9.522408
-19.704027
-3.766881
0.580006
-4.442310
13.078300
9.978767
-2.130694
6.609137
-15.927146
3.174865
-7.946227
-0.803587
-6.915361
-1.524875
-12.139388
14.054895
-4.514302
14.683297
17.522684
10.779933
9.549378
15.370282
18.203878
-11.491230
8.619897
-3.210611
1.006501
1.854740
-8.297720
-8.023428
4.848464
10.709184
24.850586
-8.196768
12.550675
18.863367
-2.017432
19.211477
12.131858
-6.277604
-9.475707
-8.617002
11.613471
4.440331
-8.015774
-20.164351
9.900955
21.582661
-7.887001
7.430765
4.707484
2.905636
28.948980
-0.436498
9.385356
-6.350870
-2.448102
4.843691
-19.026840
-16.628620
0.920150
-5.570466
-16.522635
-3.463629
0.205925
19.851374
26.777472
-0.893457
15.897896
0.857732
15.764723
-6.644668
-4.334879
-29.328899
-0.770136
-4.917696
12.625431
-10.035740
15.725358
12.037723
-11.572058
-6.213345
20.203156
-10.423789
5.754019
10.376863
-19.771141
0.303937
9.277623
7.168951
-6.272280
5.655340
22.698257
1.426825
2.077203
-5.415360
13.248658
20.226740
-11.515837
-23.032021
2.632366
-10.082795
-6.559724
-5.401144
11.867503
4.858389
0.398731
-27.909470
-7.378637
18.929293
31.887033
-0.089776
-1.727319
-4.320105
-0.156232
8.612680
4.767110
7.104284
-16.130880
9.839430
20.137423
6.896919
0.016144
-12.939707
15.655338
-14.643296
-7.312677
-0.391891
-6.145002
6.104311
-7.113943
-7.748777
7.329553
4.647490
-9.299694
21.592793
-10.333309
11.715167
6.985992
-12.122583
7.400706
-9.471396
5.102279
10.736531
23.524887
-2.341977
18.511562
-4.847180
3.261919
28.527538
1.329994
27.640610
-17.786972
10.190838
25.923927
-20.748751
8.101052
3.164434
5.793166
18.479321
14.346655
2.890293
7.485815
-14.343563
8.526927
2.253661
10.834722
-2.207546
-4.628659
21.362823
-8.144182
8.584368
21.150690
21.581280
14.514360
-9.892868
7.983758
-8.986780
0.171153
11.931125
-1.587890
2.447118
11.638607
14.322488
4.967102
-3.263147
-8.646260
-13.922865
11.381472
6.556597
10.520609
9.730167
8.665198
7.914300
-21.542423
15.873862
-12.076489
-9.922682
-1.846245
-1.115953
4.691979
-20.142727
19.777851
2.184574
23.204302
17.364740
-13.592586
-13.759789
21.610479
6.127224
22.804779
-7.437270
1.443359
10.093707
8.954658
-4.518316
-0.112771
4.085917
16.717974
2.518867
-6.629112
23.924501
10.603559
3.247687
15.901788
4.087219
3.516546
-9.831473
-8.092828
3.445702
8.946907
-25.361681
8.430161
7.756991
-11.470464
6.750769
-13.539459
-10.826733
8.500497
-2.973278
10.790592
6.601245
-8.481290
18.298540
1.530212
-8.441491
-3.544071
8.207604
5.169700
15.667873
18.069658
8.809474
7.410178
20.426500
13.505468
6.173518
-0.781607
2.513633
-11.242601
8.588384
13.124479
16.799423
-10.282917
-7.048440
-4.155030
1.142256
-0.582870
18.636044
-10.455165
19.823133
-15.219194
5.748633
-14.462486
-3.212363
7.615827
-10.410484
8.203271
-14.842433
2.539952
7.249467
6.335961
20.501595
11.200686
5.227244
2.368763
-7.285202
10.153245
-10.667206
-8.250301
10.898909
-4.410464
4.798861
-2.442619
22.617031
14.386350
0.764590
-13.251898
-1.204914
20.813301
5.731350
6.814013
17.330875
19.253725
-3.863717
-9.877614
21.910343
8.351029
3.118711
23.829283
-3.202607
0.038054
11.121861
12.101170
-7.151544
16.042576
5.957799
7.746377
25.875006
4.483128
-1.224993
7.586973
-12.786384
-5.122005
15.007998
5.010852
15.868449
9.900858
20.941545
-3.991338
-7.436238
9.215230
-1.447460
9.512958
-0.004735
20.639709
19.104074
-4.457120
5.031891
2.072301
28.704714
-9.536207
3.087118
-14.555320
11.286060
4.680583
3.402995
-6.645041
5.990781
-0.162799
20.071121
7.423562
6.568716
2.739542
-11.951716
-1.020842
4.735527
-0.620002
-24.475573
-17.327732
0.174654
8.402184
25.015532
3.160148
0.857560
2.020357
-12.936986
6.682066
8.754359
8.378194
2.315052
6.199166
18.320448
8.045844
7.050770
-8.647388
2.798327
11.343747
-21.292187
3.129814
10.248655
-1.924245
-5.721550
6.472669
-3.980649
-8.685934
-2.275216
4.594059
-9.453232
5.266012
-11.318365
17.996563
25.968706
-8.671512
-17.554684
21.237164
4.262586
-32.144794
-21.381744
18.951368
24.532457
2.123085
-0.525229
0.384946
8.040946
17.496134
14.685739
-13.916653
4.544090
-1.496353
7.205249
16.912535
23.425663
1.954835
-16.707840
-1.075744
-19.494980
-2.548972
0.254233
-2.945329
-20.384333
8.841837
31.133804
-9.744045
10.025534
-30.167042
-20.136400
-21.188900
2.713902
-7.903478
-18.973822
1.972210
-0.794528
0.598931
5.509562
15.141411
-0.811112
4.590123
18.887480
-17.029453
2.312837
18.591494
14.268224
6.923059
-2.395465
8.637664
2.714337
-17.969881
9.569797
6.964751
-3.525570
-15.180602
10.083101
-3.480625
2.677756
8.808235
0.946087
-4.214801
14.554925
9.648602
15.392670
21.272535
-3.622598
-6.603501
1.135938
18.044828
-2.514535
3.008376
-3.042335
-10.874898
-0.330600
32.935619
5.018749
14.667324
7.653380
-27.484745
-4.743749
-12.350089
7.004129
10.832840
7.916730
0.612161
4.970201
-6.617672
25.539701
-21.997551
-2.410842
8.017137
-8.047491
-16.557751
-15.772578
4.556901
11.165460
-12.253654
8.889187
18.789703
6.170358
23.395887
3.747967
10.412472
4.795990
17.107878
-4.810688
-2.646991
13.975198
-7.430073
-9.179457
7.612371
-8.056937
4.666332
2.784696
-1.131608
21.540272
-13.370034
2.820077
-12.973658
17.529741
12.167215
3.275289
3.369944
9.677190
-1.196019
-5.642190
-8.126990
0.899065
-6.000430
2.041656
-10.515529
13.271406
26.271898
-8.379351
6.522106
-5.864406
9.159728
0.158370
-2.456536
-4.285480
13.411022
1.734713
4.378424
-3.454028
11.714243
20.839420
2.557843
7.730250
2.161928
-5.519334
14.408226
-0.240959
-16.213465
-6.139179
-25.524199
11.939870
-5.790046
1.144709
-4.832509
18.925394
19.817705
-10.301898
-4.839830
-2.849765
14.682672
3.627623
-6.222820
8.481602
-0.155094
12.640062
21.066185
-1.213580
11.592686
-2.322916
-1.137168
7.836818
-11.745973
2.044390
-1.565421
26.633665
5.033305
10.325700
10.777466
9.741616
3.689844
12.663893
-10.664904
-0.553832
5.826962
10.188702
-8.402987
-0.413775
-17.440319
-2.016197
-21.712742
-3.935322
7.747180
-1.041713
-12.548453
-27.388815
22.436344
-10.204254
16.747263
-1.995623
-6.197564
2.908570
-13.346310
-6.541354
4.799319
23.743393
-0.146330
4.905965
2.112051
-13.440114
21.320143
12.118329
-22.021389
-2.272494
11.148276
0.610709
19.085062
12.887823
3.403239
-5.683645
-5.172989
1.514460
-5.574793
9.016071
-28.342346
-3.284965
5.728456
26.003191
-9.006051
-6.794153
-14.732191
-10.992755
12.196585
-2.795401
12.235827
-8.670200
-6.921646
9.955629
-24.640665
-3.710423
4.366346
20.774376
8.977458
13.925931
-24.354744
25.775686
-5.852619
-0.579727
4.394114
-15.476936
-3.216457
24.961721
-35.508736
-11.605674
-4.319206
15.232702
4.950538
-30.787560
-23.772820
14.457769
-5.788500
19.421934
-12.866258
-2.072218
2.184189
20.333778
-10.683014
20.836050
-1.620721
0.297531
9.184561
-1.321620
9.740591
24.105019
-9.751502
-18.173925
6.793138
21.680435
-10.517637
7.485848
2.002113
10.249418
-5.016094
4.318453
38.748486
-1.507640
19.040749
4.972673
7.968179
8.621244
1.360135
-7.711343
-6.573787
4.751247
13.707622
-11.241450
9.594676
-18.133993
7.376635
12.020989
-1.415254
5.910792
4.292577
-6.817619
-0.479315
-6.900519
-0.680044
7.871418
-1.092237
21.837807
12.440853
-6.977372
-4.263647
9.731136
2.086929
5.566549
0.896385
-9.401770
-4.534513
15.953455
4.292845
3.181518
27.240480
-10.812866
17.003132
2.796761
13.724286
11.270205
25.351423
3.452118
-20.211922
-7.753689
25.819862
-15.986941
9.487433
16.698336
18.893736
11.362353
-19.460411
25.566517
-6.460082
21.497530
4.810535
-10.462129
-5.902263
-2.483851
6.197906
-13.304152
26.547894
3.167375
-2.901900
-28.896307
0.750031
2.833839
0.922619
5.728975
-9.650309
-16.267334
-0.942589
7.277129
-6.334205
9.156965
-6.689172
-10.357057
8.326180
-16.733559
0.965309
-6.187272
1.849570
8.286040
-1.904068
-7.615404
17.237858
16.890440
20.335979
2.622262
4.145536
-0.644292
-2.502704
32.961418
21.013304
-0.124977
-3.865411
-8.103890
5.979150
1.760760
11.280519
-11.520869
-11.047441
22.784361
29.907169
-11.591189
-6.157336
1.338492
6.784061
17.276432
6.466057
15.652046
-2.011217
6.844033
25.023787
-17.373152
2.261132
-11.774254
5.174444
21.927431
-12.589053
-2.929219
-1.371639
13.341912
5.335707
-0.736679
22.643440
11.720941
10.543811
0.792860
-1.581300
14.601810
-17.514481
-14.582644
-8.614298
5.947875
-2.540272
11.013571
16.748249
-7.212540
20.186022
-3.037001
-10.894631
6.429118
-18.277992
16.048607
6.023452
-8.441143
-8.669552
8.915574
18.895828
1.776923
14.199358
-5.098011
27.654247
25.474344
5.550313
-2.789201
-20.192240
-0.384120
16.271372
-17.198776
2.924882
-6.805591
-6.554314
5.286643
0.440788
-9.365488
-14.177549
21.246399
-18.194475
27.562363
5.833686
2.708313
-10.210794
-1.418426
25.416653
-8.328170
10.901271
-0.308984
20.778648
-5.321234
-12.896638
-4.905627
10.259392
2.079611
-14.278835
7.081144
11.570723
16.684319
14.018009
24.571634
9.109597
3.479872
-0.099223
-5.112571
-11.551401
-3.560107
3.561846
-6.804160
0.762347
0.785937
7.231840
21.221996
18.558586
15.498172
7.783349
3.312094
-2.797156
-4.024525
1.850397
-1.627490
17.383976
2.737115
9.647961
18.248888
9.226834
-17.526878
0.634531
6.229300
-11.797610
1.302783
11.392963
-3.006702
-0.621109
-24.698002
1.337673
-21.833729
20.629305
-15.734187
-12.351249
-3.256157
12.318007
-1.803569
5.329013
-5.587116
-5.702233
17.604851
20.134005
3.683761
17.639435
5.004834
-4.621744
0.014901
-4.289489
1.102278
-14.170803
-14.563682
19.163095
16.552134
-32.287415
13.911750
-6.786826
10.811860
-31.669344
-11.060576
3.621770
8.834451
4.706324
9.458714
0.975113
8.385766
15.142968
-15.113024
10.637941
9.128086
-10.444091
-14.692611
10.610390
12.441610
-7.190379
1.074250
13.609617
-11.501640
-3.223331
19.258194
-12.315413
13.103682
9.432341
17.164454
-1.477251
-3.294690
-10.195865
-11.954800
-9.555123
8.404435
0.744385
-1.409929
7.792184
-5.627669
2.097614
11.498517
-2.083708
-20.216553
-5.260617
-5.341589
5.088748
0.343336
-8.524500
6.892660
-2.454310
1.186458
16.533489
21.885593
-24.027660
21.580320
-10.353341
-10.924350
-12.487822
1.979184
-7.032297
-9.990524
3.143396
1.549103
-3.890043
-14.181946
2.754713
-3.685949
21.985748
-10.446626
4.231852
7.130051
-17.068708
-19.653614
-5.198122
10.248122
-17.331802
-1.293188
-7.094351
-14.378800
-5.844003
16.074453
23.259163
-1.149184
-7.744496
0.648991
6.995094
8.067039
-4.543714
-16.467957
-2.483340
11.541425
-7.670929
-7.677797
0.082440
2.972894
20.182142
-9.538633
0.044618
10.414446
30.212374
14.210673
-4.196511
3.206824
-18.276615
-6.576648
-2.016409
7.875343
-14.517956
-12.688047
20.072964
18.090969
-11.737172
5.285582
5.532014
-14.241665
12.062171
9.203856
9.125732
4.927495
2.142926
-7.265492
-2.843906
-1.937479
5.011888
4.625556
1.935697
19.589226
8.885280
-14.175253
22.141989
9.902595
1.321999
20.881147
-6.483823
3.411921
11.071861
18.798313
34.507526
21.507933
8.278543
-7.090929
11.400798
0.342526
-8.566823
-8.520669
0.824033
16.648537
-13.639829
17.778498
4.563798
-1.406209
5.054706
7.463307
10.526451
7.332859
2.340432
-17.212023
-6.899323
5.442910
28.719574
-7.444989
-15.282586
3.180569
16.177208
-2.973256
9.643470
-7.119364
8.995406
15.661780
-21.038929
27.441545
8.161446
5.122317
-4.947262
-12.583235
5.052718
-24.483162
-8.277326
4.750631
16.496181
-5.391423
-10.448213
4.244737
-9.909315
20.455275
-14.469391
15.472208
23.954645
-1.272009
1.160179
-22.620077
25.395702
-10.715416
-29.782984
-19.105101
26.542803
6.137024
-4.488602
5.297337
2.485362
6.974906
-13.743092
1.181617
7.869477
-2.466618
18.223974
2.868997
29.381308
15.253485
-12.262636
3.466241
31.205339
2.991700
-14.721994
10.748395
-5.121712
-30.043062
3.082331
26.563141
-1.081089
28.432833
27.843845
-0.735437
2.107327
-4.164896
-2.915534
-17.617506
-3.058142
-10.656338
-3.352977
29.549839
-10.309921
-11.394728
31.868277
3.775237
-1.270025
8.349148
-3.691697
3.802390
-9.073258
8.294222
21.215963
-2.607491
-11.246036
6.337783
-0.060191
-8.877746
-14.482824
1.709428
4.607051
7.459116
16.542763
12.493448
21.242264
2.137376
-3.272418
-13.717540
10.980614
12.558274
17.278854
16.383650
9.278533
2.547628
9.980442
-8.825684
8.638977
-3.386811
17.573471
-5.929509
8.115560
-5.904281
-14.831121
17.729124
-1.300837
-15.140766
6.739495
8.738813
19.619972
-9.506384
25.606386
-7.890395
-7.056719
20.722303
-0.926239
-2.179123
-2.450685
16.225334
-1.023034
13.237239
7.508098
-3.772788
9.572315
-1.179092
6.322822
-14.919174
8.424316
-17.514324
7.887812
18.285906
18.150793
-9.147005
8.984522
21.181728
-13.364849
-11.212882
8.365144
-9.068521
4.439560
0.385246
22.261932
2.881065
5.367505
-4.024073
18.838421
1.856159
-19.332323
2.534011
7.156410
14.574142
11.160196
5.511367
-3.371443
2.876359
-5.985260
5.408220
-22.490967
1.973452
11.960016
-4.410606
-6.058226
-9.679373
16.353148
36.551430
16.728151
9.492462
-18.978287
0.120374
-8.205050
10.155227
19.412342
-23.575033
-14.803983
2.981992
-11.398032
14.654010
-2.153742
28.218426
3.646235
10.420636
-2.812614
9.758759
14.912584
-4.941555
17.811239
-9.189397
7.406139
5.505674
18.031113
18.285894
-18.191196
12.301068
15.694149
-0.258406
-0.040202
10.895293
13.287900
0.534708
4.444522
15.039520
16.107990
-14.568069
12.821148
-26.230736
6.056765
1.571164
-13.188130
-20.065992
-11.889487
-4.297478
-14.318609
27.407211
27.802725
-2.102740
-4.193686
-9.276856
-12.710204
-11.653646
5.707160
-4.194536
4.790206
-3.462685
-6.249487
9.040803
1.012129
10.716372
-4.134836
-14.645609
-11.697954
12.296914
-7.904823
23.231045
7.865122
4.015935
18.710041
-16.307671
-0.894670
-8.551217
13.483150
20.746334
-4.736195
16.008804
14.447211
13.604986
-1.414591
14.439985
9.282553
3.422160
-5.307959
8.597075
-10.947318
-8.433624
-0.763222
-19.675169
5.214305
-14.717154
33.651596
6.477657
-8.170111
8.182732
15.645704
9.034140
9.228481
-0.802576
6.025752
-9.730091
10.360600
14.654551
-6.869668
9.743022
5.462141
-8.128073
-23.878416
8.523575
12.284999
18.009089
20.249901
5.720180
-1.986163
6.423908
13.422931
-29.285997
-14.849810
3.218386
1.938178
12.032146
8.072033
3.857775
-20.063166
-7.038050
-7.261049
21.648277
14.135300
-19.730274
-0.027199
-20.769995
-7.151940
15.504869
12.829994
1.907841
-6.041381
11.057448
15.019687
35.575352
-1.637855
15.757768
-4.634916
-19.365637
17.592642
2.584483
11.552927
3.605732
2.129106
-9.182640
12.022811
-5.609747
1.626896
15.913133
12.496490
-11.714765
-24.945923
1.111736
8.438857
13.121654
-17.219635
-5.651447
-12.177301
-6.930281
31.223160
10.393519
8.983771
-11.779822
13.497361
21.279661
9.529689
-5.199271
-1.801438
5.440946
3.305424
-11.955166
16.739100
17.775879
1.102197
16.417297
3.196203
9.781446
15.066813
-5.037115
-13.402473
10.460645
0.736731
2.736622
-14.473417
-6.192119
17.826145
6.263000
1.809624
12.591722
-0.265322
7.789763
-9.025802
-6.877960
-12.828257
13.033387
-16.815372
-0.285024
5.520003
-5.676492
16.274841
-17.297709
-1.608468
-10.328610
5.580221
14.764495
21.854744
6.583970
0.071972
-11.519962
22.718761
-5.249501
5.872244
-5.092034
3.646189
6.361477
12.670506
-9.908519
-12.531154
-5.398397
1.403764
-18.383492
16.068920
6.436266
3.452522
-19.081038
3.176100
-6.749765
3.920959
-0.878946
11.540099
-19.486013
5.086923
4.052845
-4.178151
-2.635888
15.487236
4.387377
-2.489388
10.742379
2.403236
4.794979
17.983534
6.075061
14.535305
-4.374938
-17.422867
4.071352
18.104044
7.401021
2.296783
13.204309
4.744760
16.557383
-0.328957
-0.835408
4.354196
-6.495263
16.160215
5.044719
14.150142
14.629827
-9.448597
3.298242
20.521612
-4.268485
-16.184488
0.885986
-6.197582
13.644891
14.837208
-8.457392
0.586151
5.005259
8.134967
6.737004
2.414833
-1.864594
15.887155
15.076399
-3.698215
-14.058616
-13.557476
-7.537679
0.067453
-0.028007
17.527733
-3.636889
-1.894611
3.702502
-1.985992
25.436144
-6.680668
13.674762
11.002210
5.551586
4.799382
5.041603
14.100865
-4.827537
4.146058
3.302493
14.511424
-2.507887
-19.426216
1.408049
3.637601
-2.111294
-14.592523
-15.354765
-39.783836
7.621763
1.071495
0.042957
-11.509372
-7.145565
-28.941364
-2.087300
-24.011921
-1.351382
6.805887
26.258558
-1.146777
-10.052638
-21.624289
11.458423
10.094902
4.037448
3.953099
22.048965
3.578582
4.388430
24.079811
6.626868
14.934796
-14.680496
15.050673
-26.169527
12.634486
18.339199
-8.262134
-0.459074
5.719739
-7.164850
1.670457
16.616192
29.645449
-2.430611
7.852751
4.437485
6.535223
2.877440
-15.415763
27.974785
1.494073
-7.705854
-12.998383
10.165717
2.995260
-12.324104
-8.765877
-5.882548
-9.122171
8.212153
-1.557976
-8.747025
-1.502694
15.125642
1.262930
21.503660
2.536916
7.330048
4.012479
-14.660768
0.988052
5.505108
-3.647824
15.819895
37.997375
2.883792
-1.109811
0.831267
-19.594604
17.799519
-3.745586
18.682177
-7.190637
-18.716856
13.752641
-12.069218
9.211767
16.730932
12.129052
6.350025
-3.992279
6.686424
-1.537174
-2.545046
-13.843894
4.344835
-4.732004
-12.302527
4.361130
4.224619
2.112910
25.865147
20.656420
10.621003
-8.472497
-24.282600
-11.806582
20.685472
-7.118590
11.788075
4.666898
7.053502
22.606936
-8.382670
22.489462
-14.591384
16.332281
-1.760779
4.224012
-9.293803
-11.255352
14.979527
-1.898216
-8.451997
0.232593
-0.781498
-22.861164
9.540812
4.760498
19.193047
8.485762
6.037618
14.123631
9.514987
-4.058669
11.187917
26.016708
-9.537220
-13.174583
7.152863
17.811670
2.374932
0.790109
2.183644
9.663604
2.394495
0.815499
15.306122
25.155081
13.276284
2.598772
14.281665
-24.808758
-6.233682
-11.159507
-3.611033
-4.440574
5.662140
23.121637
5.653133
-8.117325
5.600137
6.462697
2.700388
16.115942
3.111362
-21.490128
9.592908
-2.724090
10.164449
-14.251151
-2.823005
7.100443
-2.774185
3.075408
4.472064
19.566486
-1.228653
-1.409909
-5.344053
-2.192879
11.812871
12.516591
0.820232
17.364071
-6.969733
10.627044
-5.180332
17.968367
12.838208
2.118274
14.632384
3.514375
3.132942
1.730144
-1.156239
17.948214
-1.019381
-16.548183
-7.082000
-7.203195
-7.295783
-13.065819
22.111574
-6.008062
-1.750676
16.031019
6.886557
10.177299
3.369922
10.433376
3.126540
11.053938
15.971965
0.847192
10.782436
-20.299959
20.479816
-7.587743
-5.208766
8.100692
20.541277
17.985771
3.550127
-21.554405
7.002513
-0.928876
7.427640
12.202139
-1.624662
-31.833002
9.516173
5.249302
5.241882
5.529818
11.605554
11.517406
-1.959647
16.696180
3.871428
7.723058
1.524004
0.027274
0.789820
4.409023
7.651864
-8.939167
9.251529
13.760930
26.032583
21.291615
11.606149
0.824727
-11.471519
5.090034
10.657287
-10.466390
5.283491
5.315557
20.035618
-3.169733
6.516973
16.887873
-3.513181
35.400597
3.899725
-3.031761
9.752135
-4.333064
26.587757
15.372534
5.685543
16.833298
10.398020
14.486985
8.452824
-8.041078
-12.344994
5.466852
0.946887
19.218096
-19.538593
-27.262264
-2.702122
-25.062061
7.419540
8.613871
-6.117409
8.101633
-7.515213
-23.365801
10.085499
-2.013583
-3.142917
16.987150
-3.202691
21.761642
10.456369
18.953196
8.963026
-17.925400
7.591568
6.455927
-7.308404
21.440615
17.170679
-13.306519
24.170542
9.607738
5.547978
-11.116858
-8.169254
16.549740
21.087429
-10.175601
-23.043365
-4.149943
-0.369289
10.986036
13.795424
32.558823
10.498097
26.364439
12.097149
-23.504227
1.255950
1.419445
1.120740
-25.967096
22.034286
7.555305
3.403918
2.846097
-1.509596
7.883245
13.395634
-13.703173
0.193786
1.819328
6.958080
-10.617042
15.167467
7.430595
4.802581
-12.027140
11.453934
-2.914994
1.592818
0.477848
13.088571
-6.644324
20.591274
-0.492349
-9.825067
35.774723
17.872129
32.582645
5.627801
-23.864655
-8.899380
-12.333714
-1.272032
2.672419
-11.367985
11.807500
19.491747
-13.519506
30.280098
-17.189852
-4.959084
11.213467
-19.546997
-13.857016
-1.113529
7.879139
10.380157
18.412409
1.780464
14.605240
11.664618
17.122581
-3.360450
-25.498587
-0.220375
4.442309
28.223732
14.330587
14.995274
-5.291308
15.194429
-0.620456
10.613647
9.097888
7.628835
0.582133
24.521801
11.713966
-5.062893
0.980172
10.190330
7.511688
7.685529
3.121550
-0.854867
-6.690227
2.869629
20.412193
-13.553053
-25.767509
4.135344
30.584738
10.537229
4.574967
-1.368489
4.016335
2.506553
15.225552
-0.641132
14.662292
18.385563
13.940846
12.969250
0.114832
29.122965
14.639261
-10.865134
19.140234
-4.205930
-1.319615
8.189469
21.636963
19.731491
9.816224
18.969503
13.350493
-4.334952
14.620351
7.919787
11.814854
36.562447
9.225118
7.754851
12.877768
24.142942
-3.057467
11.784012
11.054312
-13.055080
4.493272
9.126225
19.081261
27.318823
-6.308001
16.597628
1.123655
-4.104379
-21.819899
-2.755740
44.430779
-3.991654
3.265471
-7.919755
19.977964
1.448396
13.766332
-11.130843
4.482244
11.002904
5.752021
-26.537514
18.351412
8.204426
11.981606
-6.545648
11.082760
-14.060804
-8.282019
15.080112
13.356461
8.684716
-7.784824
2.947075
-6.640499
5.717194
15.188061
1.811829
-27.977413
-13.131735
-9.367693
7.618355
-10.773562
7.574827
13.242197
-0.935775
21.980173
2.289738
-9.601074
8.342709
-4.828069
8.185081
6.987278
19.725098
-16.830526
-7.631588
0.326300
8.117754
12.942576
5.027076
-5.163293
-13.543118
-11.753645
27.104486
-9.306602
-3.236895
3.919479
1.510581
0.465767
-3.994602
1.274673
13.591811
3.539909
7.303962
-0.842749
6.942436
-8.362486
-8.995026
5.860451
0.639831
-15.430673
2.615009
-12.428265
8.701912
20.181925
12.198870
40.652851
-12.699504
-7.249952
12.195665
-14.868960
-9.524379
12.927754
5.956041
6.677747
28.994656
2.514453
0.385536
-4.042392
18.168819
-13.179279
0.358711
-7.919921
1.035936
-26.012598
19.725937
-11.842030
20.256065
12.080239
11.211015
5.337974
6.058038
9.025033
-11.189129
26.051271
14.127343
9.634370
6.178283
-11.587907
0.737104
27.215796
-12.441058
-5.970792
18.990143
16.782942
2.317514
9.570842
5.023933
1.120494
-10.826522
8.204700
15.057672
-0.760507
22.279879
11.705901
-7.446883
28.757902
-9.991372
16.037401
-9.349127
-9.259980
22.205326
-1.161274
19.909889
4.611277
-8.875917
8.107635
-4.809944
7.892834
4.202194
8.829913
1.923950
13.153584
10.069163
1.951452
-0.925141
0.987798
-8.860476
2.077485
-23.267813
-6.984029
17.017939
17.754917
10.454454
-1.103503
0.057144
-8.237580
-4.907460
0.199982
14.166314
11.428113
13.129408
5.262612
15.031574
-25.248955
2.870878
32.078014
13.013812
13.064794
3.177279
29.011026
-2.025350
21.817278
3.806498
5.190901
25.341089
5.378636
-15.813040
20.530666
-6.960413
3.848132
8.858835
41.157829
-27.182455
-22.864378
14.325987
4.808474
-21.290703
0.819030
-5.337696
8.118233
11.041880
4.679070
39.718166
13.196165
7.468371
0.342760
8.566045
10.806876
-0.838177
-5.068094
-0.070396
8.469555
-9.772057
12.658381
7.755579
-13.496129
4.881662
6.057207
11.255387
-12.112208
4.549841
5.993456
-28.381479
-6.513129
20.937796
-5.024279
-2.051961
4.390510
-18.681332
7.489286
15.404570
-26.207571
13.470222
10.397251
1.658960
4.915190
-4.090969
-4.893827
8.850422
-11.428154
20.467171
5.833363
17.855988
-28.339952
11.095131
-6.228842
12.085513
5.130720
13.711485
28.839083
7.786902
7.270354
17.857891
0.392823
-14.020205
16.600399
-9.696268
-1.968851
-4.349275
-2.735768
-9.881168
-23.482237
-22.121033
-22.025209
1.196926
-9.436265
-10.801917
15.402390
3.315284
1.528150
-6.596778
-2.103688
21.350651
5.200614
-3.286705
5.506133
3.466604
0.062477
9.502732
5.386125
9.266016
0.475700
-6.663085
19.544205
-11.141197
-1.004604
6.348125
12.875553
-7.330786
0.834811
24.810930
4.384597
3.612755
-4.727393
-26.102175
-3.208623
5.611331
-19.790514
-1.069461
-3.938935
4.739295
2.636486
2.455077
-10.524438
-6.373420
26.230629
-1.317055
29.513832
24.054443
-12.332551
3.330167
-10.464129
0.974690
-5.158572
6.837671
4.799283
5.476200
8.166540
3.617084
8.111589
4.110110
4.140350
0.717026
-8.985524
4.322499
18.043797
2.855364
20.580809
-2.921009
-24.044538
9.673099
18.675016
-6.206393
29.321707
12.713878
28.239458
-1.723903
21.946939
8.261810
-1.344982
13.776397
-4.823874
-1.336599
4.726463
-7.910850
4.127773
35.135746
-26.976852
17.259243
15.009480
5.746061
0.255615
16.999903
16.049379
-2.410975
-7.035837
20.953527
-3.601327
-16.684034
1.131667
-11.732667
7.350731
11.239323
27.023012
10.115247
-9.351107
3.380534
-4.853024
0.455714
-6.578713
1.938828
6.894917
19.459049
15.475826
-15.833611
1.598896
18.700239
9.929712
5.028565
16.327744
-15.608691
4.926183
-14.348568
0.461631
4.359544
14.207363
21.858301
26.417664
19.345551
11.389220
-8.135669
3.237934
6.220193
1.514665
5.466800
11.187019
7.411314
5.819157
-14.446616
0.033508
-9.449549
13.896982
16.724873
-11.051718
24.950523
35.174824
24.245295
5.459488
6.192946
19.042772
-1.846486
-18.951971
-3.573028
-12.922356
-2.998298
0.627792
8.281190
-10.791209
-2.124589
-1.519119
-3.835202
20.095104
-14.100023
-0.911500
-7.545689
9.768337
-12.129083
0.376877
17.815216
13.991264
2.217441
-11.532270
1.194695
-7.592260
-11.589499
9.532488
0.732045
-18.776514
2.506806
23.223551
20.859791
5.504817
-15.772639
-12.155976
-20.886333
24.063004
-9.014976
-8.755735
-16.799927
8.456505
-2.997455
-1.473012
6.364107
-3.428744
3.931693
2.918537
0.737293
-7.354281
12.569912
3.814438
22.523853
-6.628759
18.046555
-1.772401
2.742787
-23.411263
46.595650
1.627530
6.271053
19.657084
16.175081
-1.647612
1.748168
-22.302645
-16.931343
24.860970
-0.417611
-24.593510
8.163153
-13.043908
-0.152414
11.680604
-17.943127
-3.096146
19.296577
7.821985
-9.146020
-5.119066
4.352721
4.647922
18.668800
-23.915878
-8.006431
8.125731
3.112699
7.505044
15.001486
-0.402601
2.270702
17.294279
3.989190
15.075033
3.710369
-0.534141
-10.294986
26.665823
4.968702
-8.672985
7.360281
-31.083540
17.155176
8.718278
-16.769207
16.977497
6.605614
0.103509
15.145862
-0.444652
3.786829
1.857779
31.401104
39.200726
14.967928
9.225478
14.724205
7.323121
-6.959511
2.906708
3.618140
19.129469
0.040697
-8.967467
8.902525
4.973559
-3.637654
5.149748
5.244866
-1.125319
8.285555
30.744986
7.403604
29.356764
-2.741398
-3.352284
18.360453
-8.147336
0.851972
9.467540
9.894616
8.284210
-1.517940
6.590254
-8.317928
4.089038
-0.740783
9.912300
8.689209
7.085715
27.118223
11.190057
29.592985
12.696052
19.149889
1.032502
-3.708683
12.881523
15.899693
3.246626
29.212278
-8.782937
-10.689605
-13.230587
13.611007
14.055943
13.837651
13.527972
2.174543
-14.873498
-16.114996
-6.686109
11.086123
6.883956
18.724306
-14.042487
-15.921550
6.748703
13.889640
-16.258821
10.643890
-6.825977
9.248546
16.007700
0.199362
3.050177
11.070286
-12.905028
10.661327
4.697758
8.983744
-13.466277
11.039412
9.955864
-2.044458
-7.465713
-6.157211
-13.024198
8.569976
-6.590848
4.038005
-5.133058
15.160309
-0.067969
1.344035
2.624164
-12.619440
-2.073225
33.439430
16.426405
9.223264
5.676015
3.595920
8.870673
14.235401
-3.660224
2.816765
-5.960237
15.104034
32.737495
-13.964945
-6.071608
-21.519762
0.418265
8.757581
9.454276
10.393915
16.864332
-8.023550
8.404943
17.932825
1.416303
4.169377
3.770112
-10.180313
-15.815413
-8.043522
-5.384744
6.271377
-15.867823
4.770791
-8.777551
11.088120
4.606531
-5.142530
-26.916929
14.696335
-9.984409
-2.858968
16.834286
14.549683
-7.004426
-6.329679
14.512087
-22.189875
12.826954
6.702192
-16.806875
-1.878430
15.205839
-9.116804
-3.238694
8.711484
-0.308889
23.208214
-17.433867
-13.918736
22.587997
2.506054
16.359882
-22.869690
-13.186317
9.937103
-17.189581
16.907055
8.207207
-4.799233
-2.381331
-17.179247
11.572210
-7.855762
22.428959
3.284017
16.702303
-6.680476
-10.162346
-9.833088
6.868413
-5.775064
0.605773
22.753019
18.567907
10.433111
-3.779968
-9.954185
13.402426
10.473680
14.808186
-4.275439
21.414371
-14.903991
18.799662
30.924086
-2.047492
2.997614
16.531261
8.767683
-19.309816
3.923189
21.281157
6.155973
20.142138
0.547455
32.284756
16.167694
12.731745
-0.358467
-8.131433
-9.858471
10.963758
-16.371418
-15.024506
12.449331
-22.460291
19.386284
-12.872010
-4.501857
-4.091617
14.709960
4.882524
6.558489
19.814955
-12.846086
-3.069048
-2.081542
21.415497
24.276262
9.552955
-4.183090
8.254551
1.170100
-13.862386
4.260490
4.732096
-11.742884
19.021034
3.000973
19.737171
14.149566
7.018752
8.835668
1.944941
-0.089725
5.945733
-6.657149
-12.309098
-7.485927
-7.461333
2.188639
-19.518751
2.645095
20.841454
6.250230
-0.803636
-3.177634
30.308636
1.168246
-13.412922
-2.449813
28.389238
-1.487178
3.999780
-19.090895
-1.943816
7.196627
-13.275717
8.940180
-4.457627
15.483933
11.766937
-22.350763
4.947650
-1.640659
1.538046
22.004612
-1.937266
14.388377
-19.254951
-7.791395
-9.241459
3.329939
10.714303
-11.689513
-27.126909
-4.572396
5.097775
-1.700743
-4.076177
3.485735
9.479571
-7.243423
-12.562362
-11.260964
-7.930436
3.040322
4.675113
-6.601592
9.173870
18.141914
9.391224
-18.814869
34.660995
-0.117378
-0.439249
23.665594
-9.768814
-15.183220
12.863970
-15.341706
7.079659
8.236011
13.617757
-3.010787
-3.490848
3.175637
-7.730006
-8.074119
39.347687
-5.024139
-2.099207
3.033306
-14.400586
0.397096
-22.369133
15.476738
8.697669
-3.574502
1.015880
-5.896952
-6.938179
2.160114
-15.929684
-9.417150
-4.889886
-15.332787
-9.943931
1.393518
18.426971
15.277801
1.967410
14.652196
-4.775403
0.411292
8.237725
-7.475765
-27.360388
4.164337
8.146452
-18.752377
5.785858
35.839756
-4.996532
14.068709
10.771071
13.321219
18.676443
6.129948
7.722351
1.179349
12.043990
13.754509
13.274366
-5.027168
-16.344948
-0.048666
4.043217
-7.128429
-6.468909
2.655705
16.039232
26.794392
23.124279
36.970360
27.647320
5.071039
4.087738
-8.752587
8.968278
16.838377
3.734595
-19.170099
5.489073
-6.263743
-6.236320
-4.479745
-24.987518
1.021236
-9.150509
24.790691
-0.244522
7.494392
-12.902172
-8.605807
1.929706
6.126812
-9.873873
-10.446120
3.230198
11.529322
5.666514
-0.824610
16.318899
11.253977
5.771337
-19.045622
-5.928697
4.144605
-0.144607
-2.490688
11.400632
-12.456932
19.233257
5.909939
1.630330
-16.624496
1.270986
4.950788
2.637409
12.160510
10.472925
-7.026979
7.074175
-14.667376
13.212097
-0.194027
-0.986514
19.144951
-1.827400
8.522191
-3.095418
19.562693
14.372920
-1.292805
-13.858787
-8.341850
19.620071
17.970524
11.050978
-0.454721
4.739286
3.753084
-10.785176
17.023748
13.119999
-17.643642
4.158866
1.406442
-13.657943
2.074831
26.466423
-8.772225
2.419717
4.889857
-6.606082
36.169022
17.816925
1.110268
9.426982
-0.112582
-3.809427
3.200513
-1.240442
-6.992358
-2.191807
-10.584973
7.023863
1.609575
18.466665
-0.282821
13.945278
14.090491
2.012582
2.151110
10.832357
11.251325
3.078810
18.591032
-7.944080
2.445184
2.630927
1.673535
29.201715
-2.166142
-2.013704
1.965603
11.885261
-3.742049
-2.558101
16.882586
-4.910231
-8.956955
13.226363
10.360415
-4.824900
18.417702
-11.030646
-8.498438
22.673058
12.206944
9.199513
-20.102465
19.876310
23.030310
8.752563
20.372107
13.774964
-4.504026
-3.520861
1.469280
14.463155
-12.851497
9.320381
39.037640
-9.167491
4.007866
-3.790474
21.937853
1.663481
-4.412327
-8.148422
3.129945
7.607155
5.616386
19.262972
-0.755424
7.734478
-8.724974
12.818713
-18.545517
-0.073884
4.242876
3.870313
-9.036393
-4.953515
-9.859124
-0.988053
-16.746696
-2.405492
2.140631
-9.777051
23.113401
-5.521690
10.593469
-4.176068
2.863815
-4.336696
2.737092
11.192841
-3.533196
13.586398
-9.880062
-3.693986
-5.317755
11.801763
-16.614698
-15.143406
9.867534
11.178682
-14.413364
-1.507415
8.257702
-11.048953
11.150626
-10.308066
0.790885
13.608134
17.641714
-4.237012
7.777756
3.663639
31.321564
2.721610
-4.665703
2.855927
-1.432917
9.439716
19.553068
-5.953421
11.143390
15.411093
-10.174768
12.408200
0.625374
7.672293
11.583381
15.681458
0.351567
0.720577
7.006238
14.551700
17.058847
15.043114
-6.248301
3.827748
-14.930711
0.703321
0.068526
-13.883497
6.247394
5.448284
-15.428610
-1.249668
-4.292401
-13.456799
18.121000
-23.398191
5.329579
-0.520316
0.695989
20.189732
7.886448
23.097845
10.895047
10.944454
42.018890
-9.107895
0.787166
-16.392464
-3.951910
-15.022159
-0.688453
5.623305
0.867112
-18.129374
8.441300
5.029164
6.757411
26.098951
12.689404
7.784271
-12.824693
35.533775
5.535712
6.198761
3.156559
16.538164
-8.576243
17.635494
7.044902
12.059803
1.829557
3.955769
16.367910
11.737668
-8.878970
11.309673
5.863740
-1.690636
15.356016
-3.269999
-3.097545
-3.326415
0.189315
2.294166
3.054593
8.862271
7.958767
36.671623
8.367801
-5.740669
15.789800
5.468415
14.793377
6.079675
-3.268852
27.162289
0.956119
-4.706468
6.785000
-13.735970
3.766289
-18.512846
6.534282
-9.840330
11.783655
1.641666
2.948948
-15.073753
9.206079
18.892124
1.939765
13.630259
-8.831703
11.206275
6.261178
-3.803212
-19.690556
12.561715
3.327262
-3.254835
2.025331
13.436346
