12.612368
-1.068870
-20.430611
5.006369
-4.214314
-3.721657
-7.841412
2.357908
15.141922
0.923255
3.291497
17.314528
-11.454284
30.952950
-2.588063
-6.539882
31.368011
2.626890
3.916642
-3.746427
9.928938
11.308352
17.599674
-1.000715
10.715466
21.977133
4.023678
11.849049
-10.034532
0.972408
6.038377
-6.070743
11.109629
12.763104
-11.309036
-5.154097
1.198519
-31.940241
8.389691
-4.162418
7.225263
11.095868
5.211833
14.810612
-6.399866
5.366697
9.035334
12.357262
22.262426
8.156886
20.738306
-2.956581
-26.929792
1.093657
29.153870
25.343136
20.143194
-5.990549
7.631569
7.467097
-11.056648
4.659240
1.880321
29.373882
-4.654706
-2.526834
14.317228
8.544212
11.515368
-6.438959
-1.666454
-3.180402
-3.408336
15.214642
9.231673
12.983564
2.345048
-8.512160
8.257257
5.226624
-6.913715
-7.516705
13.786383
-5.213301
3.164275
-8.259873
-5.053991
-4.655610
-21.353554
-4.607171
-11.897637
-5.568652
-10.590874
11.201370
-2.145269
-4.846261
-2.870380
-0.965823
5.981184
2.729805
-6.425003
-1.967449
8.731981
9.665954
2.160303
8.636683
4.428751
2.451251
-15.037949
-5.201817
23.810421
-10.883572
-9.526004
-0.600360
-5.760517
22.571318
-7.045693
15.116931
14.869774
12.717031
-25.223513
-22.833326
-1.559529
-13.149727
8.287718
19.682793
16.093550
-23.681055
-15.889129
-3.126011
-26.528414
19.683714
11.053784
7.463599
-17.867720
-2.029091
12.393859
-14.400567
-2.860164
2.160793
16.939804
10.774464
10.060324
4.131064
6.813601
-8.059050
3.998464
-0.898621
-1.215079
-8.186492
11.439603
-12.216101
10.732066
-4.541329
-11.524199
12.960577
-14.757637
5.785750
2.217380
-0.091574
4.220810
-15.705091
6.425998
25.195812
-6.481456
3.246669
10.119265
-7.977206
10.127773
0.036164
-10.117946
17.218502
-0.919717
13.659949
12.022119
30.317995
-14.290495
-7.481091
12.188487
4.491793
3.265615
-6.018736
7.486876
13.176358
-13.968830
1.494578
11.186042
0.627627
12.304616
16.496458
3.962901
-6.948948
13.898308
-2.346468
1.797728
10.046906
3.224226
0.597768
-3.793384
-1.196780
-14.367290
-1.731475
-15.470388
-18.137045
-2.162009
7.400498
-14.431221
-6.379449
-1.951671
16.326437
-16.717564
10.786980
-7.816636
4.424101
22.223455
-7.646450
16.217381
15.256304
0.860308
-5.763665
13.017010
11.226798
2.450157
14.376216
5.190280
0.187298
-14.152520
-4.835147
-20.368767
5.031267
15.268519
-9.903651
19.655531
9.076551
4.093148
-5.584621
10.392319
14.344395
-14.492812
6.680258
-9.384420
22.161995
-6.759998
-3.282334
3.788998
5.320555
-8.499784
-1.791046
22.917406
11.212892
1.211249
13.680898
11.863774
2.572708
-8.174992
-0.287544
8.145174
-1.522833
-10.927525
-3.320959
-1.900018
13.511383
6.936801
19.851099
-39.065380
-13.850941
-6.618964
18.296577
11.027801
-8.059145
1.941533
-4.680124
6.874224
-15.344489
-3.842914
19.506845
4.292432
13.131700
16.069267
-22.469379
10.182150
1.905276
8.423984
-22.682430
-9.624066
14.373354
18.378633
31.494831
-3.691989
-3.139801
9.703156
18.394361
-7.752416
-9.899473
3.557917
3.053793
0.383634
21.087091
15.816710
15.745696
6.090978
24.866592
30.285688
24.982222
-6.520329
-15.553572
-23.893509
4.717216
-5.006803
21.973373
-4.130599
23.101570
-2.274312
-15.607104
-14.489197
10.075497
-24.690660
-1.810162
-16.402695
6.882618
5.050213
4.102959
-11.443958
22.810471
17.270313
0.683348
8.812466
-3.794591
12.877491
9.032001
9.102586
4.081657
-18.957850
-18.307299
-0.992977
-15.036877
-2.055900
22.450350
2.000392
4.137767
-12.516756
5.119887
-4.457456
-8.707464
8.073966
10.188537
10.530139
0.082478
-9.672499
21.504023
-0.453575
10.990870
0.075433
16.169933
-6.664991
1.717738
7.666768
5.516646
4.620251
-14.860259
5.530455
-7.640065
10.359543
-20.885777
2.972735
8.255335
22.376257
10.704010
-1.667722
2.040815
20.286077
16.361607
8.667730
8.727953
-1.006139
6.346012
12.001559
-12.356064
16.158020
-12.644720
6.101649
-12.711899
-5.199304
25.683510
-13.888374
11.909989
-32.360718
-11.822561
13.644581
19.404678
-9.567617
-8.964388
22.657423
-26.915674
-3.040292
1.481404
25.381269
4.017213
9.172939
-3.063393
1.322607
22.372213
11.088743
9.926479
5.323630
-0.094073
2.205777
5.309431
-4.748035
25.474960
-7.422044
-25.198715
18.616306
11.445595
-13.475134
10.194716
-7.919337
-0.417093
-2.000635
9.723016
13.309880
-8.254680
15.136810
0.932899
5.157686
13.933242
11.246620
12.943277
27.234186
-7.116569
-6.282286
-10.476160
4.845335
13.335094
11.083420
16.125488
7.956417
2.102628
20.335274
-8.841775
-22.321306
-18.148554
5.370962
-1.792216
-1.945388
8.983613
3.394289
6.701944
17.686068
12.512223
-9.250927
-2.046708
-1.836404
-5.121284
16.464930
2.456363
-30.565020
-6.262181
-8.991672
-8.710787
-19.254005
1.169816
6.386660
3.212439
13.912081
26.818213
2.303061
-2.959026
8.962762
6.740995
3.066009
23.170267
4.490654
16.544460
-3.533753
19.326513
6.905184
-7.354162
21.083956
17.595490
-11.210101
1.164766
-27.317804
11.468289
-4.468895
-0.678530
2.038853
27.968170
-4.260855
4.613232
17.400812
-6.278882
-8.197188
-3.072762
0.437219
-2.656123
-7.064330
6.729757
17.416582
8.230800
-19.929184
12.418633
9.594295
1.932493
14.980402
-12.030663
18.098877
0.139804
31.724430
4.373048
-22.735426
8.840999
2.945411
20.333401
30.269426
-1.082346
-5.959543
-5.757838
29.091278
9.760318
10.338483
-10.754101
-0.767570
25.344183
2.176263
13.304207
7.599177
-15.601140
2.391774
6.911951
8.688387
5.389200
12.314542
-0.356235
18.821314
-34.441677
0.899151
17.988533
14.578956
0.975128
3.181131
-0.579221
-6.695619
0.166635
8.832525
12.623391
5.704576
-2.487496
-4.136044
4.343336
6.084551
34.936153
-6.390756
7.998590
-1.735821
-10.203002
9.053789
-0.357509
1.287339
11.931276
7.732128
3.632330
-2.060237
-12.589578
-10.378716
7.437193
31.794725
11.023996
-4.923912
0.189479
2.761875
8.590117
-3.964877
23.844812
12.602923
-0.602735
6.290082
15.625080
-11.503439
11.935798
11.493831
-4.796991
9.438330
9.293074
5.118868
2.446425
-12.836819
16.970699
11.704801
-1.552915
-5.295770
-6.760150
2.459181
7.509192
13.399303
-4.473319
9.552000
-2.088660
-10.203064
7.038468
-7.336053
-0.888533
-15.409851
-24.115332
-15.203044
-8.763445
27.139820
35.147522
18.203331
-11.602511
8.388124
-9.049090
-1.915943
-1.977707
-13.382569
-10.391608
8.086140
-13.386128
0.028078
28.618135
-2.021711
43.486843
10.872719
-0.074647
4.073270
-0.620509
5.533218
11.438890
-33.894272
-13.994247
-5.054430
1.050800
6.537408
-11.050983
-4.170716
12.052024
-20.600655
9.971845
8.356891
7.712704
-3.803713
21.074032
-16.702030
0.204579
7.658022
-22.379066
0.594377
-1.389057
-6.017313
4.504069
14.961020
-8.603903
-15.401264
1.431613
-12.432567
19.188416
-8.565208
-3.782526
5.453830
7.550155
-24.623182
3.710921
18.663580
-10.238025
-6.122865
15.963634
6.370976
16.329000
-9.584518
-1.987362
-7.050891
11.455244
-12.831512
-7.396494
-1.361922
0.408012
8.208962
-10.357907
-4.510141
-5.893277
17.582813
-11.190771
-1.789159
23.459183
2.628690
-12.335653
6.371439
9.063070
5.793076
4.268908
20.939486
8.390420
-4.301669
-5.167952
-14.803090
10.394853
-1.922175
-13.684331
13.586960
1.000857
8.467759
13.230765
-5.986818
22.601248
10.719475
-16.882654
11.915314
-1.351451
-0.850866
-9.548848
-4.010902
-2.659645
-12.741278
15.552866
-6.354865
8.729661
-3.345091
11.355832
-9.965107
6.990491
16.199574
-17.306379
4.539914
13.907719
0.536336
4.459592
18.545111
-7.765950
-16.119976
25.395758
3.629940
4.467236
4.579417
-3.047828
6.321663
2.451184
-10.973234
19.412907
-18.441723
25.585760
1.665134
-12.022327
12.871356
3.826156
-8.785719
16.896994
13.279576
11.546917
-11.304261
4.144716
-5.642959
11.707954
-3.562141
-17.379520
-4.248898
-4.897208
11.050694
12.622997
9.012954
40.503387
-3.066528
27.519102
-5.375690
-6.858546
7.615175
-5.665870
3.758796
15.774333
17.511860
-9.716347
3.567208
-9.437277
12.850177
13.864927
-9.376915
4.269087
-10.891346
10.760292
-3.649551
9.823737
14.974527
-18.033680
1.715890
47.742771
8.038248
9.685001
-11.868448
2.884331
24.688227
-4.525475
-9.753332
2.281629
22.068235
0.383410
23.124792
4.844829
-0.911555
11.265585
-2.412171
17.161200
12.979976
-4.392696
17.712908
-8.743105
3.361899
-0.854950
-4.873068
-4.155438
-19.445215
-25.949141
11.083788
-0.288621
0.816247
18.309540
8.036850
1.198777
10.599947
14.095811
22.937429
15.044808
9.498364
-18.351025
12.602737
14.963289
8.835852
3.984708
20.947411
28.441059
11.725951
10.681015
8.172773
11.883441
-11.581735
-7.202417
0.835595
10.869240
22.141586
-5.221308
11.295397
-3.130586
-4.271591
1.913437
1.315374
-7.289893
-7.537338
6.583149
2.444993
11.152664
-3.704923
15.752664
12.821438
-7.360961
-19.139978
12.506191
9.423903
-5.407388
13.238873
13.074909
1.115765
-12.846672
7.120522
0.731918
2.863682
4.294157
0.389880
-5.551510
1.066641
-8.783898
15.879289
-9.881834
-1.800287
-8.067010
-3.170106
-13.123982
14.549322
3.374081
17.263546
3.630726
-8.722830
11.630629
-1.803737
9.400878
7.495963
9.856454
4.387711
-0.659931
-2.297608
2.556280
-13.586181
11.534772
6.302064
34.679245
-11.230688
16.251413
15.922352
-1.623130
13.572595
-5.386222
-6.076644
-5.104093
2.847450
9.877913
0.266145
-3.331730
-21.272451
9.104428
27.969378
-11.370003
10.312918
0.741663
-10.889663
30.125938
-1.200577
19.713615
-1.345295
-30.502260
17.209751
-19.669680
-15.685022
4.212743
1.569906
-12.246915
0.305148
-10.518258
21.747732
18.457798
-5.395643
14.197453
4.807422
13.239498
-13.019277
1.172695
-34.334385
-2.286184
-13.536113
20.671661
-6.307553
-0.638865
18.101549
-4.497259
5.916857
21.280462
8.726757
7.854796
10.475861
-16.830805
-0.946663
25.683708
-1.812395
-2.096459
2.299017
26.584167
-17.959774
10.029034
-12.848865
7.846526
14.381973
-7.617610
-27.655176
-3.103773
-13.429134
-4.223339
-15.269185
2.611256
10.784684
-3.137228
-9.815956
-15.656079
1.080151
30.852879
6.430165
5.436773
-10.411263
-5.179061
23.188414
4.309669
13.233517
-4.523706
14.214299
20.932077
19.136759
-3.777054
-8.589643
0.826215
-4.719883
-12.647826
-5.128252
-6.899091
0.249353
-5.207862
0.528136
8.378705
2.129735
-1.148234
17.224779
-11.471928
9.958664
12.275336
-11.972476
3.439630
-2.991051
-0.522525
7.112811
17.221729
7.854005
6.477792
5.182698
6.574096
16.037851
5.147809
10.130398
-13.809215
3.955763
18.700527
-5.960012
-4.036112
13.130832
3.864541
13.705183
19.110916
5.352949
3.162092
-3.240996
6.119312
-8.393385
9.083685
-3.338051
-11.605150
9.299303
-16.165634
10.702153
19.301687
15.594147
10.440743
-9.328501
15.421304
-10.232422
0.454105
16.146214
2.229126
6.422513
13.273980
22.355854
8.673784
4.114303
0.752807
-7.712302
12.096931
-4.995143
10.102845
10.586720
8.951449
5.449600
-13.765166
12.039292
-10.239047
-10.168312
0.609706
-7.752548
3.521677
-10.943212
19.581244
10.379508
21.832783
18.845951
-9.799314
-14.021791
23.162468
12.719119
12.172676
3.011778
3.644534
9.008037
8.165067
5.760531
-17.156693
-2.065821
23.616394
-9.326754
-1.807073
10.030665
17.754934
7.214862
11.374393
0.255605
4.580986
3.124032
-13.289003
8.600557
18.673536
-22.969645
6.780689
14.226125
-9.135653
1.356332
-6.679831
1.708596
-6.941464
6.841019
-6.522229
13.722089
-3.746807
17.559948
6.087684
-0.225448
-9.946116
12.540024
10.651665
22.247478
14.738198
7.984653
13.860855
5.380013
12.743189
6.142178
0.886191
1.601270
-11.290680
-0.840454
15.719601
11.270690
-8.649903
-10.670631
0.402065
-12.024830
5.395581
13.847874
-2.664693
19.978340
-2.541286
4.440960
-10.603768
-7.349988
3.714923
-5.578748
14.406912
-12.556437
-2.860937
7.961190
-0.948444
21.950182
13.742917
5.610333
-1.256712
-5.658872
13.116904
0.892839
-9.869234
15.296956
4.011966
-12.233399
-12.050434
17.538206
9.211825
-0.574220
-11.919642
-5.223029
9.491062
-0.472704
12.496194
4.928844
21.332668
3.195753
0.235319
14.731134
19.653986
4.648154
9.224982
-5.179812
-3.517402
16.088100
6.631447
-9.075962
17.817812
18.982737
6.443056
18.797478
21.293728
-1.500585
-7.400412
-13.574069
9.642796
11.810568
17.296522
8.681587
-5.873402
8.180633
0.852181
-8.089699
7.094441
-3.521585
-2.418972
-0.363329
11.808989
3.970017
0.502388
9.925543
7.433248
29.236624
2.461583
1.366941
-9.231533
20.903137
8.244409
-2.647329
-5.131596
13.585744
-5.342151
11.835855
32.336597
19.375647
-0.037998
-5.598522
7.069314
11.205835
4.212639
-19.067020
-11.108335
-19.714191
10.215918
33.529850
10.158634
2.160226
-4.187436
-9.007689
19.800552
9.235085
4.402808
-3.066671
8.918622
7.707181
-3.348495
14.986651
-4.518306
-4.751028
-6.542074
-21.106640
-10.880731
6.396315
0.872176
-2.931165
10.330070
2.692254
-9.794071
6.455983
5.236601
-6.798814
12.464674
-19.388941
15.312295
13.955406
0.812653
-15.447444
2.377477
5.276500
-24.865568
-10.277977
12.400819
16.233120
2.429899
13.959143
0.251034
9.452491
15.707822
-0.685161
-19.483538
-3.188899
11.238661
10.381398
10.820857
17.082230
4.551871
-2.377384
8.287454
-30.346729
0.746650
-4.274541
0.410396
-15.310578
13.779692
29.404327
-8.281470
18.209526
-27.906002
-17.434246
-22.092602
-5.980807
3.887852
-14.509112
4.582053
-8.681885
1.063357
6.112616
21.284872
-6.727355
10.833006
19.233210
-6.502812
-0.699371
12.965320
0.257561
0.498109
-1.144562
-7.034893
18.574171
-24.787298
5.265822
-4.452001
-14.258209
-15.970601
5.863328
7.461739
3.976913
-3.702980
14.932202
13.923893
18.301867
13.107953
18.867397
24.749584
-4.991606
4.173609
15.173129
1.682959
6.041433
3.593155
6.609933
-2.338778
13.217999
24.133848
-11.444166
0.712694
-10.522229
-25.082502
-23.845434
-14.844815
13.877428
20.557516
9.551454
0.456559
21.202917
-11.984221
20.818485
-15.043423
-7.024001
-5.416321
-9.849089
7.327208
-6.571592
-8.692834
19.592653
-18.813894
17.162544
8.299917
14.064437
24.212582
12.357092
1.444734
7.657855
12.885645
-6.029185
-0.208601
12.783802
-7.607116
-11.441111
12.396802
-13.427865
20.138105
-12.971830
3.394514
10.013588
1.138938
2.109312
-7.633808
19.185627
16.393190
3.563936
-4.183715
11.402353
-13.776072
5.448855
-22.126175
-5.496150
-1.167267
3.066470
-4.311482
-0.214731
15.929952
-15.397767
-1.227169
-21.791143
8.713204
1.592706
-2.502074
-18.855276
19.453150
-4.664975
-1.745393
-16.386244
-2.316024
21.183931
0.091910
10.327035
4.783247
2.494931
-6.385287
-4.354076
0.410862
0.095836
-16.296602
13.055530
5.951874
3.920915
-4.400077
25.424454
9.360008
-9.923459
-1.437871
-2.424811
-1.498462
-4.338895
-7.810313
2.701173
27.167126
10.658949
19.449591
6.080400
11.495588
0.548827
8.432469
12.318094
-6.441539
-6.611166
-3.987046
29.057167
5.604383
5.077905
6.891462
7.605969
8.934983
19.543308
4.324616
1.125781
15.496861
-2.542676
-4.966539
-2.835598
-13.043139
2.189188
-10.847738
-7.199682
0.980606
-5.110279
-23.221233
-15.999866
20.842960
0.627077
15.088159
2.431330
-10.291183
-1.430125
-5.568608
-22.604912
6.606701
6.717717
-0.160123
14.938088
12.901999
3.430489
27.513853
-2.956216
-19.654930
2.463770
1.531108
11.844163
1.701604
12.582517
-4.556746
17.601728
-11.607052
7.988573
-3.274872
-6.418423
-20.415400
-2.493464
2.781073
22.504313
-5.355141
-1.734380
-0.915929
-16.900963
9.101295
-3.182551
16.555817
3.022090
2.519568
17.767796
-20.816559
20.660685
4.239768
11.024959
6.616719
-1.398445
-50.274704
31.941500
1.423802
-0.082348
1.815442
-5.783078
0.093733
18.393368
-25.282846
-11.349108
-3.746932
12.296178
0.813145
-19.978521
-19.831629
-1.138676
-2.456650
19.390770
-11.160490
-4.883284
12.479918
21.874266
-9.122650
25.498775
6.005556
-6.247042
15.066649
-1.597290
16.257423
26.366835
-9.765238
-20.441341
6.609724
15.904727
14.822431
16.099405
7.639612
11.462223
-4.765994
-5.150310
24.653690
-3.408447
35.560375
3.117378
-6.154170
-11.336653
-2.804085
10.810692
-15.602147
15.438389
23.733997
-16.453718
-0.567472
-24.079094
9.475636
17.943256
-6.048181
7.769011
-8.319160
-1.491269
9.637620
-11.167037
1.255876
-11.678275
7.746871
13.900394
4.014910
-5.013101
-3.672491
1.920678
-0.488276
16.031942
-13.797213
-6.121800
-7.595401
11.959279
9.485575
9.413280
14.223166
-9.827099
20.241032
4.016863
34.081779
2.707013
21.320829
4.810440
-13.512351
6.911375
21.741899
-2.309964
7.198017
-3.375608
36.694096
-8.679781
-14.707241
6.776062
-15.217852
17.187920
10.169282
-5.067708
-12.361744
-1.712751
10.414309
-6.150335
27.840845
6.388204
11.130198
-28.825293
-15.616570
8.953962
-2.221339
-8.359113
-8.669760
-20.865189
1.554666
8.828212
6.106781
14.166166
-16.497570
-22.086109
4.880731
-16.703438
-0.404190
-5.590325
-15.275611
16.892365
-5.208724
0.004293
19.063335
10.202864
18.964998
-1.172988
10.880885
-2.179991
-3.492798
24.897408
23.885260
-6.255157
-19.582405
-14.140422
-2.085102
23.705479
8.550891
-23.693546
-8.856245
3.357980
19.264416
-10.861282
-8.430654
11.402286
-1.056665
20.377977
6.258501
14.598092
-0.857636
2.378123
27.397821
-19.795780
-9.392034
3.303882
2.378507
16.292032
-18.972996
-3.972698
3.030722
17.390806
1.855468
0.977200
9.543305
5.424449
-1.762229
4.590265
-4.568402
22.911715
-13.021159
-8.617583
-2.225898
0.294545
-10.154166
6.626187
20.655684
-13.465534
6.096650
-4.603183
-16.310877
1.180121
1.032478
6.550963
-3.010724
-7.149315
1.996900
10.302948
4.817888
7.760626
8.602699
2.000047
17.198046
29.121473
3.730094
14.480229
-20.213272
10.811838
33.775490
-12.798754
-1.722672
4.177511
-8.001375
12.919353
-1.504602
1.846672
-12.227088
27.241186
-2.330863
26.066578
16.634180
5.212998
-11.541018
2.770496
17.486677
3.090620
1.416995
-10.116740
18.348316
-8.175884
-11.839414
7.066881
20.882919
5.587584
-7.398823
10.398031
22.195110
13.778832
13.297798
17.003447
2.894036
1.770249
-8.787410
-4.112343
-13.697081
1.667931
13.299984
-2.548058
-8.410730
-2.485976
16.903324
17.951857
16.768293
12.700432
-1.549847
5.901926
-4.525394
8.427091
10.839494
2.345447
24.597023
-7.153375
13.320137
9.005461
15.251002
-8.286816
-8.726280
7.323827
-2.401000
-8.767251
7.954933
7.166864
-3.750247
-12.907625
-3.269289
-14.174097
17.524288
-26.154736
-1.491626
1.412010
18.465349
-10.966972
7.479678
1.212744
4.653461
5.599637
17.275991
-3.230627
23.332233
9.229215
-8.229368
-15.676932
-4.598260
-6.957251
-17.810404
-12.158076
14.203179
6.801249
-19.461718
21.625952
-0.819642
15.624814
-24.877577
-14.288920
7.072387
6.840356
1.650898
15.511466
8.463476
7.453794
9.695106
-14.730848
-0.685677
9.525674
-6.685742
-7.921461
17.306423
10.536201
-20.640642
1.645115
-3.327542
-0.916615
0.367871
10.979384
-6.927595
20.166691
10.774144
11.916550
1.307442
-12.641927
-14.950890
-10.136353
-5.825971
21.647604
6.465086
-14.542659
12.852061
-6.939031
-9.917994
-9.068654
4.550352
-30.685925
-10.086022
-10.602867
4.285011
-18.684326
0.031836
15.399970
-3.319186
-20.401110
7.867417
18.961990
-32.947334
24.785715
-18.868248
-12.288822
-11.227051
9.280122
1.982092
-8.007124
-0.842483
5.773685
-3.013686
-11.832882
6.182889
-4.370469
12.404387
-11.643708
0.473875
22.175741
-19.935022
-12.175944
10.493096
15.858205
-16.243567
-0.191465
-6.760568
-6.634841
0.265332
21.043961
17.586393
-0.938286
-6.454938
3.340975
8.575261
26.101145
-11.640045
-17.208584
3.431011
8.509069
0.600877
-9.827135
10.479497
-3.872213
16.129042
-20.458206
-1.583417
5.419181
18.459276
2.117210
-14.866262
2.046581
-10.410975
5.571756
-11.935044
9.227298
-7.194089
-32.824493
20.306919
14.123455
-9.338283
17.725554
5.919086
-15.517918
2.964509
6.630915
5.880796
8.237090
-4.267902
-4.326347
-6.817554
1.528330
0.151554
10.953012
2.813800
19.532139
14.891601
-3.790049
14.628869
20.077299
-2.904885
7.852265
-6.089688
-2.482825
7.183417
15.369392
27.085152
14.065300
10.817289
-2.725818
23.042160
8.886416
-13.965125
6.250971
-8.885894
-6.361225
-7.925916
19.127796
-8.175914
-1.364583
5.993325
3.607496
5.970191
10.483688
9.876001
-28.527086
-9.606498
8.683924
20.321854
-0.767354
-4.331450
1.665337
2.264473
3.880261
5.220598
-13.839408
4.104472
13.647552
-24.930092
22.000422
19.026413
7.640447
-13.997235
-18.263872
2.560416
-18.420710
-2.597131
12.310292
19.824047
8.213068
-8.326946
-2.310230
-0.951376
10.843552
10.091774
11.220029
22.168421
1.318704
9.348112
-15.935835
15.584019
-13.648319
-28.624174
-18.961113
32.656509
5.770854
-7.715258
-5.777249
0.300717
-0.509318
-11.270543
0.292793
9.997667
20.596756
37.125206
-1.458151
18.339489
9.463774
-18.283651
1.569531
12.872083
5.568180
-9.209575
7.214530
-17.756018
-15.437104
10.055295
35.010582
19.127762
7.189198
20.794470
-8.676038
13.485061
2.053577
-3.513299
6.243629
13.311485
-0.687346
-2.131484
14.655106
-7.157514
-2.071385
39.655487
11.734265
-8.650251
27.049719
-2.658025
-7.839780
-0.539530
-6.904329
19.528084
0.687197
-20.878246
5.340019
8.452575
-8.442056
-15.222877
-2.340137
11.419503
5.034262
7.327398
15.772187
6.937006
-8.736493
-12.855333
-11.216969
25.460701
2.478644
10.012578
-3.028747
17.284262
9.588037
-8.815864
-19.563215
27.614605
2.069508
25.596132
-3.658271
9.522631
-16.747341
-25.982941
13.269385
-2.599218
-10.843657
12.733844
4.405128
8.830064
-11.983589
24.238354
-5.031394
-15.324467
17.539394
-1.315291
-18.730267
-3.102221
8.969457
-15.124774
6.502898
7.644217
-20.609028
4.039925
-11.699509
4.192171
-1.259452
14.864209
-19.077782
16.019445
13.001594
10.949141
-4.942544
19.321787
17.512819
-5.027908
-4.800272
-4.341082
-11.302687
17.967932
-9.114637
16.018209
12.746524
1.674179
-17.322132
15.834123
-4.136258
-23.337404
11.320423
-10.443929
17.162098
10.962141
19.858686
15.087481
-3.216318
-8.839925
6.333598
-17.110332
4.068853
7.599634
-0.278317
-4.908262
2.173311
7.969594
29.111158
6.750574
1.828537
-16.132238
11.453469
-19.075256
16.298695
10.270041
-25.183014
-4.193952
1.817251
5.504353
16.662878
6.076506
30.764814
-5.016630
13.280242
-11.391528
11.304507
-1.573656
3.498164
14.271953
-12.554123
0.298403
12.043097
15.250781
7.728749
-16.926184
14.104609
20.373011
22.870140
9.256387
18.072138
19.297232
3.774317
1.050363
1.314371
-7.813030
5.782332
23.345985
-33.047909
18.388790
-4.186106
6.570220
-12.100050
-11.099836
-20.629269
1.726434
18.419096
29.701702
-2.190598
1.460573
-5.764898
1.667665
-9.216777
1.420052
-1.820259
7.631556
-5.980965
4.897234
2.864270
-2.750107
20.687586
-9.649585
-5.951650
-20.291916
11.431640
-16.994871
24.258881
9.683333
-1.447232
8.568892
-7.576390
-4.587059
-12.844607
31.414551
17.134947
-11.652606
10.890739
1.525928
11.113936
5.681586
12.742234
0.265579
19.258871
2.264827
9.969467
-4.312293
11.669460
-3.762061
-11.551048
8.075097
-3.290056
27.049219
10.387737
-5.213058
22.485003
1.728045
16.285694
1.990379
3.679223
10.559158
-3.916683
-3.994512
5.561338
-7.651534
6.046376
35.699554
-12.445354
-15.669046
10.938269
11.937019
14.651802
6.997596
-7.263108
-3.373017
9.123729
8.759003
-36.484077
-5.094711
11.992834
4.235430
20.409193
0.860687
1.677969
-19.562286
9.161881
-5.532108
11.366338
5.611048
-17.823267
5.443817
-11.712075
-15.916047
16.896982
18.725805
-0.586282
-4.524349
23.178919
16.200294
37.654690
-4.896379
29.164383
8.801966
-6.843784
14.218613
-5.127440
6.775718
0.377993
-5.147627
-17.208660
2.019594
-13.024367
-8.161503
24.917477
10.343906
-12.107611
-21.756456
-0.852866
-7.205050
11.993918
-11.414973
5.218526
-4.364184
5.398453
17.198069
11.002660
-14.300477
-13.825807
9.462525
22.407799
8.465506
1.169843
-4.527030
-2.060619
-2.448996
-4.705083
21.663467
26.534946
-0.492506
-0.421747
10.926485
14.619241
24.026287
-8.688285
-17.199966
7.166240
-14.597946
19.781635
-5.016540
-3.783102
-0.052328
2.660808
-2.921576
22.107590
-8.783925
12.906413
-5.263535
-12.516566
-20.372877
21.426826
-14.100208
10.438011
18.920628
1.659539
6.675785
-24.250231
4.311278
-15.236839
6.289513
2.811377
16.546139
10.035561
-19.665249
-2.454708
7.541915
4.426805
-1.964910
-10.273603
0.017375
3.371964
9.537352
-9.998327
-0.123933
2.864675
2.938238
-27.097952
12.927496
2.555543
5.707055
-29.888073
-1.214242
-5.494752
6.700700
1.129788
6.070432
-20.133678
4.762104
11.271179
1.636477
0.804731
6.682579
0.317861
-6.442953
9.333584
5.174472
10.108534
2.420806
6.375743
0.581752
1.972613
-5.634685
-6.260724
12.870999
13.737459
-8.851979
25.225132
3.649692
21.012852
-4.647329
2.523442
2.874408
0.629591
13.741537
14.923827
-6.392592
18.507792
9.933047
22.590990
27.653923
1.965098
3.473841
2.238523
-10.375909
-10.759236
3.950978
-10.855620
-2.915189
-0.085421
-4.512124
18.689110
4.310219
3.370242
9.115829
18.250568
1.792013
-7.299410
-7.017475
-2.987310
2.157033
1.676112
-3.288033
-3.128358
-0.669474
7.401925
-2.058552
17.782990
4.040344
7.665658
0.322075
-13.856569
-8.341091
13.265373
11.169922
6.026636
16.260719
5.207326
9.768845
20.615921
-29.820625
16.416111
10.125414
0.088764
-8.544162
-17.930601
-25.426146
4.569397
-6.159122
-8.192514
-0.932308
-2.761625
-23.460041
12.728270
-23.466541
7.030332
-2.605046
24.773861
-2.752605
-1.639537
-20.484037
0.906406
10.699121
13.674901
5.798128
18.459024
1.528808
16.715391
18.923565
4.733785
4.038763
-14.911116
13.653906
-18.190283
1.423976
15.227987
-11.781578
9.426838
4.016195
4.743882
-1.161991
7.477881
18.597849
18.173801
5.994555
15.501160
6.808068
0.534199
-12.167078
19.605968
-6.430768
-10.397409
-2.602330
8.712436
10.713850
8.910893
-15.562600
5.698344
-0.883244
-2.410092
6.313710
-4.843634
1.283546
25.961966
7.099922
31.692398
-8.927831
12.335769
13.259697
-21.193920
-6.114480
-1.960189
1.625142
14.233283
39.036076
7.598300
2.784583
-11.624566
-21.293943
12.818888
5.457478
19.236422
4.728067
-8.923306
8.063658
-17.768177
32.777351
17.943008
15.786396
-1.237334
-0.423185
-11.506600
8.874166
6.283577
-8.445345
17.086594
-10.255601
-16.276041
16.441351
-11.463353
12.974395
19.084911
22.651695
15.980926
-4.836687
-19.187298
-4.263839
23.744671
-0.547706
6.979497
-6.597935
-3.770385
30.549725
-8.028238
15.483152
-13.939984
9.905354
2.575372
-3.079771
7.116106
6.089411
23.190912
-11.061996
-5.220092
3.228142
-4.591937
-6.904607
6.205215
0.742016
15.020686
-0.333315
12.491985
-5.504493
13.011162
-6.045080
10.694752
21.046156
9.217581
-5.070054
-3.591904
29.636351
0.758638
4.600469
-11.247358
0.684004
-2.020158
4.070466
2.261546
17.545670
11.185019
4.465487
12.842320
-20.601610
-9.466483
-9.632045
6.517618
-8.505302
8.240535
20.093325
-1.794101
-6.335580
-0.481778
13.254376
-5.353031
15.936798
2.466555
-23.128258
19.747059
-8.301099
15.464431
-22.157789
0.786249
9.591536
-3.220582
-6.018261
2.699816
3.599294
-10.425508
-3.750063
5.765642
-2.925367
16.748774
-7.603005
0.343542
15.864554
-3.243176
22.140415
-9.756882
12.792737
13.447387
-1.779453
21.982647
8.192700
-2.760083
2.447268
2.534819
17.314547
12.863502
8.420161
-6.079517
-3.161397
6.761945
3.859600
20.285780
-2.874149
5.374758
17.550137
8.683421
-0.135462
2.823791
2.925755
3.779483
22.949873
23.459686
-5.985617
2.804812
-15.502636
23.755238
-12.754983
-12.460013
14.145814
7.412287
25.202604
-4.464429
-9.411887
2.251801
-6.257366
10.942563
19.011091
-4.873582
-5.383105
12.541162
14.371579
-12.643784
-2.985780
0.196026
14.555793
16.750622
9.314707
11.968503
-5.570719
4.444239
-1.012419
14.935531
4.303113
21.578302
-8.220295
-2.105155
8.462495
16.756296
6.783432
5.558329
-9.378038
-22.657648
13.223697
5.808589
-10.780126
5.659129
2.717045
27.562071
0.778306
-2.512534
6.713910
-13.094437
22.215366
4.163171
11.353546
4.059905
-1.180353
15.970624
10.248335
-0.770827
11.125143
14.826642
9.079631
13.627030
3.936127
-19.016729
6.382200
7.362700
15.102465
-18.887463
-5.935408
0.634624
-11.966194
11.417292
0.409728
0.366431
17.579697
-4.897583
-13.112580
19.661125
-1.281824
1.017630
24.708311
0.486583
13.288132
21.566830
10.937486
13.352991
-14.726277
13.661994
12.228931
-14.399297
21.038673
31.259064
-1.192037
15.354523
5.765137
10.719005
-7.096280
-1.587964
14.301231
18.383318
-5.169391
-1.162908
-2.513021
-19.734879
8.710441
22.673609
24.917250
5.959393
14.283930
15.827272
-6.851090
14.120018
0.202866
14.402765
-20.501013
23.399029
12.019746
14.474745
3.857522
-5.811054
10.294230
14.851892
-0.877062
-9.862573
4.083960
4.310530
-5.897905
10.604636
2.929805
20.680973
-16.013634
0.278109
-0.703580
4.278290
2.848767
16.690012
-18.586151
16.475092
10.060166
-11.384884
30.276592
2.167907
24.789806
2.164070
-24.666862
-15.458126
-10.594482
-6.373338
-5.832112
-23.545231
7.600565
11.331079
-20.191925
7.433343
-21.796795
18.096445
10.337933
-14.311204
-7.907786
-0.138578
-4.771561
15.442508
19.056816
-0.124471
14.065335
26.752851
8.086158
-3.030967
-31.295227
2.267962
16.916391
29.431253
-3.465615
15.187011
-3.925054
13.134890
5.148486
3.755450
2.384873
6.215094
1.629985
19.036324
3.366816
9.216952
5.830641
7.921176
9.674502
14.672895
-2.686182
0.424110
7.755920
-16.896948
11.932204
-7.395414
-16.518055
1.828661
23.197340
17.171871
-4.967352
3.749475
17.043879
1.235819
8.953055
-1.359756
8.596669
12.604248
18.645859
5.748742
-7.172105
30.806427
7.416508
1.446705
19.465487
-8.789865
-8.374851
3.395068
13.112983
18.364788
-6.945550
13.596805
3.812142
-13.174039
8.183235
-11.674582
-1.007908
30.240259
10.620543
0.522211
8.964395
18.090866
-7.417020
17.024599
6.047715
8.231647
2.127610
8.694138
15.436275
22.685278
-14.369085
5.493937
14.022893
-15.116815
-28.133972
9.460559
34.368111
-8.402940
-0.892495
0.721104
13.990714
-5.210148
15.768739
-16.443295
-0.503298
12.891893
-11.729734
-12.144506
20.736834
13.849706
20.421446
-3.155569
15.081370
-8.348336
-30.654766
0.649585
2.041414
-0.759268
-17.502666
0.435028
-10.704805
-2.301576
6.529524
-10.686577
-26.551983
-8.145787
11.579264
15.656395
-11.225921
8.040738
11.238971
-2.247679
17.827127
-4.625811
2.305744
16.126448
0.302244
5.180321
-1.161172
13.235657
-22.466045
-10.774765
-9.321048
1.151960
5.929055
1.505494
-27.003628
-9.455224
-4.568466
4.081205
-8.093466
4.525622
6.133439
-0.470911
-10.595543
-3.440568
4.117651
14.746369
6.638171
-3.464139
-1.544013
10.196767
-5.608927
-15.491887
11.661959
9.125987
-11.374270
-2.100719
-4.827127
15.930767
21.599405
6.424099
33.426254
-13.126473
1.642514
0.811556
1.462058
-8.962427
4.624629
-0.351556
6.259226
30.880428
15.322038
-12.991809
-1.472750
14.247502
-5.876237
1.428898
-1.795267
1.728858
-10.420774
19.379595
-6.096354
29.133268
12.758357
20.522688
5.593621
0.497496
-4.308785
-20.502161
29.220379
5.429693
-12.734971
4.406426
-14.089302
6.236616
22.067619
-13.918099
-17.672033
3.595938
11.516664
5.111707
14.434499
22.346468
-1.298213
-12.548754
1.207091
18.905626
8.444971
7.440716
11.131177
-3.157093
20.313381
-11.814954
26.450045
-8.675701
5.903561
22.897480
-4.376980
11.804293
-5.032539
-12.986487
15.530765
-4.929481
5.798229
12.289776
5.117542
4.763192
6.110955
-1.630427
2.739324
-13.786550
-2.004683
-4.274327
-2.708480
-22.144253
-9.586238
13.235354
12.033484
7.117172
-1.409904
-7.387274
-0.259767
0.388911
-4.234137
16.797915
21.894384
4.044276
-1.488001
14.539075
-8.035833
6.950080
34.012180
1.334675
25.320316
13.146615
30.112364
3.808545
12.192338
-0.499336
17.978790
20.550472
7.790731
-0.730962
0.851622
-4.346402
-1.051634
17.425529
31.345678
-15.680649
-23.585043
23.187273
-1.720906
-19.203047
1.089837
-8.969742
3.524942
19.323462
-3.581517
32.582905
20.532894
11.217547
-14.378698
8.847796
13.001384
0.055864
-12.475643
-3.841041
16.376143
3.459357
-0.246335
3.509495
-12.598859
0.374724
-7.450555
-9.675295
-5.511669
3.343761
0.783288
-17.398298
-11.603207
23.226896
-3.421078
3.779061
11.407288
-14.336762
1.248440
11.603253
0.705026
9.940563
19.684364
2.499211
11.114728
2.364220
6.790897
1.167809
-8.814215
21.381323
-2.535178
9.652501
-26.634611
9.124041
3.409300
-1.926695
3.267327
20.659464
25.928890
14.042665
7.959572
17.043968
-4.116801
-9.761912
12.560215
-4.783651
-2.633651
5.650877
-2.498244
-10.151579
-13.923172
-15.379907
6.294645
-1.243407
-12.946827
-6.121363
15.600747
4.912536
-1.763754
3.049249
-4.864913
10.228834
11.770210
-1.305114
3.423279
16.768648
-3.942616
3.468875
19.582340
7.796632
2.642602
-6.598409
4.813906
6.908522
-7.649924
6.320249
13.209288
-2.851869
14.351877
19.680578
-1.760203
-3.920064
-0.495682
-26.684490
-4.033243
11.825616
-9.612897
-11.582113
-9.595323
10.327131
1.289773
19.449724
-2.491472
2.030079
11.130301
-1.821241
25.985209
31.516537
-9.066316
2.272113
-2.936105
-0.334824
-8.078143
-0.965343
-8.060654
4.268358
21.701729
-0.082052
-6.029121
-3.916790
-3.442213
12.826585
5.964556
4.108889
0.978154
17.371290
24.864016
1.789753
-26.305237
7.988193
5.459346
-9.783120
24.045580
2.731388
26.233660
-6.316081
14.062083
16.407413
-2.195135
8.934419
0.662944
5.661494
5.450352
-12.793663
-7.833616
23.726641
-8.908122
9.299558
12.392934
14.840452
2.587283
9.033240
13.623378
-5.531875
-10.887121
25.141068
-10.764555
-2.533923
3.205562
-7.832126
-5.066172
15.947189
22.580008
7.243089
-4.020621
9.068275
0.553413
4.786328
-2.835849
0.962218
17.012056
3.107278
10.283094
-14.128594
0.925557
14.484952
5.731998
4.854302
21.802896
-17.980244
11.467009
-10.557445
5.091645
9.262152
5.999669
19.004568
24.373875
6.127634
14.154352
-8.559628
-0.158220
5.767494
-3.837420
-6.700090
3.390575
6.581927
15.552651
-2.242833
-4.578645
-16.943268
13.806694
11.629634
-4.340221
11.464577
37.848824
33.363224
15.737125
1.117576
26.974777
-2.736943
-19.443708
2.942824
-13.880878
-1.994601
-2.128958
10.121226
-7.389683
4.358016
13.429523
4.092876
24.332132
-0.591874
5.043058
-3.079321
9.161087
-17.265572
11.837271
7.170660
-1.226238
-16.371531
-2.151252
4.859981
0.429278
-14.743173
6.274148
-5.693815
-21.609493
-0.783544
23.854671
5.102177
0.730144
-5.375904
-21.691383
-16.492273
23.899496
-19.888729
2.759831
-2.898117
2.509839
-0.623637
2.279134
3.774700
-6.910313
3.150340
-5.661766
-0.060380
-9.715235
18.211767
-1.769598
6.641158
-11.896819
6.022707
-1.934803
-6.961409
-12.193125
36.281387
-0.578336
1.979424
15.731729
11.907049
-5.512874
0.908537
-9.252508
-17.351543
28.455814
0.627568
-21.346766
3.886575
-2.421149
-5.405136
9.016606
-3.301813
7.607744
22.851608
-9.400290
-16.080523
10.308914
5.700342
15.403434
21.530756
-24.464607
6.050672
5.429860
-6.257095
11.943840
6.796426
2.156754
-6.195405
10.068608
10.965145
12.598026
-0.940038
6.483836
-4.550109
25.934954
0.960270
-26.925144
21.793375
-15.430333
2.621475
3.773713
-13.281514
8.845125
13.054341
13.106577
17.519556
11.657521
4.581753
5.241167
25.331411
26.058664
3.589573
4.447423
14.041219
15.813641
-2.319969
11.258787
11.619081
2.366884
-4.012796
3.103719
12.943800
16.730516
3.847410
9.142348
16.604914
-4.748971
-8.720091
37.298420
8.656190
12.062597
-3.774839
-6.193366
12.152183
-15.525850
-5.345607
12.650228
9.308353
0.469900
-0.767465
6.337374
0.407954
1.142858
16.782394
7.104391
1.126477
12.981306
19.221977
25.572435
25.139071
12.067387
21.940725
-2.617611
-9.152045
6.929354
3.559196
3.772961
31.612957
-18.262390
-18.763721
-13.990751
0.863788
-7.460213
22.832176
11.023448
10.487275
-21.749447
-27.696630
-5.888847
-4.760264
3.154484
25.925224
-9.108523
-2.619148
0.668571
5.689018
-15.287358
-0.473707
-5.405442
25.143171
3.971464
-5.524950
8.387793
2.749735
-13.765100
-9.572035
-6.719810
3.497123
-16.329088
17.033430
5.456523
-13.100005
2.859212
17.467018
-1.275733
2.060432
-10.840300
-1.075730
-16.524546
2.243714
18.167393
-1.159425
11.535127
-12.054213
0.738629
34.549191
8.007411
14.117594
6.699609
-7.162156
8.843693
9.907007
-0.158144
-4.676971
-5.784335
4.994144
21.552229
-6.704189
-10.871950
-28.648912
-3.555950
21.121794
-4.210742
13.833752
17.832758
-2.792493
-7.724347
9.518219
12.786591
2.313224
16.763224
-9.784221
-2.603987
-12.256591
-3.929269
-0.384750
-13.200990
5.407354
-10.413486
3.267027
15.627249
-3.761577
-23.016872
9.957915
-12.482670
2.316692
32.735874
13.994562
-6.188417
-20.440363
12.039448
-22.186731
7.071025
5.328237
-11.330099
-5.714014
10.634132
-8.069110
-16.835501
5.141705
-6.428594
19.391060
-0.296092
-14.193661
3.863764
10.675975
24.329573
-11.579579
-13.029050
16.587540
-25.978012
20.915541
1.771771
-4.252399
4.939712
0.254149
0.086978
-18.522877
16.685257
-6.330818
15.371347
-3.112285
-10.976522
-21.411615
14.854753
0.608966
8.906456
14.011036
8.630036
12.117132
-4.140233
-9.982441
4.569195
7.490756
25.985628
-2.344170
8.846862
-0.055879
25.377567
24.299856
17.717278
12.126999
43.959595
8.149018
-10.811296
14.790397
16.664488
24.551456
19.569746
-3.582149
25.963167
13.189762
6.827146
-5.517814
9.000505
-5.432749
11.751554
-6.177575
-5.425084
20.505194
0.027092
2.200435
-13.878285
-10.284061
0.683899
24.810858
-8.621117
-0.290168
22.348364
20.565191
-11.238892
5.469655
9.431451
27.352219
9.796506
-1.548261
10.889033
-2.002951
-6.814089
0.712035
3.699816
-4.762226
20.574102
5.818568
10.718520
5.858015
9.714550
-0.098643
13.415367
-2.127728
21.748552
-12.765431
-9.904418
2.273691
-23.193130
-0.545291
-8.278899
8.254808
22.019512
-5.399934
10.757488
-2.416797
27.048592
9.181300
-14.630939
16.385511
26.978479
-8.090627
13.351268
-6.550242
15.891600
5.552153
-1.656944
5.058220
-5.792878
15.246375
12.447362
-14.202021
15.942728
-3.795109
-8.430945
34.517742
-1.784884
16.184309
-14.689860
-5.354300
-16.750708
-3.511847
16.342493
-7.854845
-22.251753
9.519215
6.198637
22.107214
-0.999400
10.115652
3.719235
0.075752
-7.636652
-15.357769
3.731313
-8.135553
7.746368
0.167512
-1.751891
11.009049
12.973052
-17.114759
23.333851
7.849444
1.306110
21.043318
0.892103
-10.580503
30.176445
-20.745718
8.137830
14.967820
12.030962
9.465270
-6.842397
10.360517
-12.088703
-2.408153
37.785919
13.266379
-3.729964
6.158164
-11.140042
17.197371
-2.552806
12.497061
10.345016
-5.428563
5.384885
-1.750166
-9.212715
2.140708
-15.649065
-16.898867
-5.333330
-19.117584
-3.825670
2.662147
5.274268
18.512054
4.287716
11.723181
-4.528916
3.990434
-0.671608
-9.529605
-14.827447
6.913314
8.770817
-22.487423
7.711143
26.752243
2.258285
22.119566
4.177948
14.813648
16.623419
2.549388
-2.868994
-3.273865
13.335796
7.055280
21.841789
-21.861866
-3.484836
0.324495
-9.075820
-3.536270
-17.069233
3.039740
24.531883
14.384022
8.846745
42.763916
19.599888
10.595196
0.435337
9.740178
3.568055
10.512197
0.158828
-15.446895
0.384584
-9.766525
-3.775005
-15.739882
-20.641375
-5.517281
-9.161231
24.145277
11.184916
5.836998
-22.810160
-17.412527
15.552478
14.515954
0.204453
-6.382184
6.190883
5.199037
-0.076720
7.738705
34.460934
13.811586
3.160962
-8.740651
-23.636837
7.074543
5.765652
-10.268688
14.888002
-15.142718
7.964050
9.388794
-18.935892
-4.746516
-2.680310
0.184226
-7.347464
17.590931
9.520309
1.810871
4.139774
-2.792367
-2.956858
-13.342240
-3.244916
11.713220
-9.532320
-3.380229
-10.287855
24.902357
28.162266
-10.718822
-11.859428
-7.672405
21.101452
3.110280
4.544191
-3.753561
5.592674
-15.766591
-13.367914
9.184494
7.975773
-14.349218
5.417885
1.962357
7.659582
5.984332
25.427282
-10.259130
6.206450
-1.525324
-2.059570
27.046925
2.824613
3.554510
4.720878
-6.531480
-9.196507
8.300920
-8.772243
-5.906136
-2.581811
-10.481778
22.711157
-2.751291
2.430229
-7.567100
18.083910
6.461679
1.928099
7.857564
3.219030
8.324961
6.786734
8.495033
-14.171406
-12.333318
-6.571547
-5.101753
34.743160
9.581103
-9.064527
-5.724522
5.781973
11.001582
9.329888
11.392778
-1.151078
-1.799202
11.606828
23.677507
-15.801641
9.143842
-11.239841
-28.836363
20.606363
11.320990
18.417017
-9.581838
17.180296
27.071030
5.718940
17.021940
0.931906
3.613291
9.940550
-1.100338
17.087175
-8.332676
-2.510652
38.959572
-4.982485
13.515813
-16.193863
2.311371
-8.895412
2.613625
-9.195185
5.710272
1.050685
-2.925222
18.816746
0.778171
3.464669
-21.641361
7.931167
-17.912529
2.762576
-4.105380
5.727603
-14.378131
-7.573530
-2.600064
-0.213373
-1.804375
-8.026715
6.408493
-5.017654
26.745338
4.294713
7.527421
-6.829533
-11.677488
-16.219973
-3.499614
1.039378
7.461582
15.814422
8.460554
0.408138
-1.100124
10.579418
2.406266
-3.811095
6.775631
9.629492
8.859958
1.491349
9.742902
-9.625455
5.357162
-4.255763
0.493159
7.946252
17.586111
-10.899558
-10.701546
-1.982220
20.072733
3.170815
-1.530672
17.323339
9.127602
6.400822
22.104654
-0.778803
8.697182
19.843307
-11.742455
18.873367
1.005365
-0.729729
19.478264
20.682629
-11.330057
4.159886
5.235386
21.725922
5.540864
13.463883
-6.076139
27.662859
5.345515
-1.827307
-1.310272
-11.388656
8.691587
15.705353
-10.257794
7.230156
7.716638
-2.170404
21.031517
-11.619096
1.855294
11.015865
-4.496146
15.383142
12.818248
11.832316
3.883522
0.899924
19.386885
5.158749
3.581707
-30.018187
-9.374853
-5.320561
-1.056934
4.176152
0.909850
-21.864023
-11.858122
-4.734461
-2.615428
30.098194
11.864720
4.772512
-15.456685
29.246201
-5.738200
-2.864223
-0.694862
13.982783
-8.686364
12.688255
-1.154821
0.813127
-8.835157
5.188440
29.936005
8.045556
6.793611
0.369702
3.097699
9.335632
26.328758
11.701686
-5.385694
-8.193487
-9.904581
9.558385
3.157400
5.854389
17.621962
23.726458
0.142754
-0.306514
19.647203
5.063965
1.345726
7.162759
-21.452978
18.716064
-2.122108
-10.396388
0.805141
-18.228338
14.834902
-18.881998
-7.899338
-0.839097
12.212478
4.038176
-3.865590
2.698899
8.444976
-6.816041
5.132729
20.013817
-28.758947
0.141796
-1.130278
-5.180664
-12.265256
15.530499
4.986495
-19.401747
19.323120
5.238406
