-0.748358
-8.168990
-9.808389
6.627723
-6.212226
3.843842
-3.361704
0.533316
0.208087
-0.449590
4.686069
19.216732
-14.081686
16.437065
0.706825
-9.362579
17.977198
-3.569396
21.288548
2.336747
14.652579
1.597353
12.404316
8.308013
-4.080773
26.517803
-2.787156
2.739074
-9.736931
14.641951
9.740545
4.415178
20.801910
7.240114
-7.077633
-3.872120
1.619258
-12.012951
9.162243
-4.819885
1.282068
6.466803
-11.586092
13.178440
1.739182
-1.005731
3.297722
14.113633
5.872720
-14.607736
22.170832
-11.115280
-36.040009
-4.830033
19.550817
19.561630
5.462555
-12.987123
-4.889119
20.654581
-1.298966
9.002182
7.212275
15.699714
-6.311882
5.595046
6.335308
5.303948
11.145407
-1.055725
8.315726
-10.072359
7.480161
15.053857
13.666098
12.326832
-1.281070
0.329936
10.747627
-7.212814
-20.818230
-6.692165
7.705033
-0.179125
9.903429
-5.565125
-11.229935
-9.553508
-12.123260
12.521399
-17.815884
-0.402351
-2.012703
3.270748
-4.778801
-1.938185
-6.736298
1.929912
-2.682753
-1.719148
7.398386
14.737763
22.862913
12.023312
0.667388
-1.712107
13.611362
-2.290539
-10.988525
14.600020
16.182930
-16.893246
-13.997956
-5.700662
-4.733695
12.211218
-25.441526
2.186042
2.421182
18.022179
-29.880136
-13.454541
-10.069120
0.783123
7.705206
15.951329
17.119436
-23.704639
-7.308116
11.339720
-29.792665
22.264332
3.313312
17.069103
-20.117155
-2.734223
-1.153619
-5.828077
-9.942207
7.420527
17.700035
-0.359802
2.875724
1.787449
25.693928
-17.261776
2.170651
-0.495710
1.435608
-0.590054
15.493786
2.926891
11.010272
3.320129
-9.021480
0.528237
-20.796019
2.968399
-11.112849
6.018356
-0.942368
-9.060677
3.550158
17.125490
-3.964758
3.920793
12.557189
-0.066956
-20.849976
-14.601922
-22.123749
3.605480
6.436233
9.630728
6.929748
9.753082
-19.495916
-13.171877
2.165892
3.948311
-2.087785
12.035535
15.553414
9.033220
-14.938766
-5.347682
-3.747691
5.072550
18.139055
28.802469
8.618099
-1.120000
15.175869
-8.546065
-4.047406
3.811081
-2.105746
5.355205
3.651703
-4.498664
-1.768554
-7.903189
-14.406118
-10.955178
-1.948823
5.787239
-17.293976
-19.206245
-0.879141
23.393557
-15.289014
23.743996
-13.205626
2.607354
29.147791
-9.232976
24.550098
21.661390
7.421300
-8.132308
14.054610
6.668931
2.034955
14.618027
-0.110417
5.339159
-4.882071
0.810954
-22.196524
8.351954
3.754375
1.512762
13.005904
-3.521008
7.030599
-9.614272
3.230335
9.933266
-25.103230
5.317454
-8.177646
32.213207
8.777826
1.072779
-0.220187
2.614539
-7.843907
2.296699
24.955883
7.491097
-2.584447
12.113443
-10.510930
-7.699340
-24.515766
-10.628555
8.829815
-4.576528
0.205344
-0.810550
3.182354
9.457911
4.947161
2.360905
-16.245453
-15.811175
2.041324
15.885596
21.088518
-6.872572
7.742495
-4.386827
-9.105721
-8.332335
-0.195914
19.581291
-8.024223
-4.889733
30.844828
-19.523613
-7.078745
-7.305882
-3.201258
-7.424148
2.277378
10.516319
13.315504
37.507835
-15.477029
-3.575110
10.792203
8.549045
-9.435808
-13.643174
-2.361262
8.803603
6.532911
20.582767
18.667391
0.676276
14.604262
4.668976
22.857300
10.525290
-10.846162
13.000146
-7.530704
9.332005
-11.731706
9.673679
-0.300841
20.438938
-7.452030
-14.465649
-7.394391
11.693572
-7.423922
-2.567217
-10.967963
-1.505329
-0.177469
-8.682707
-4.217851
20.896233
15.143293
8.296170
17.326668
-6.682096
18.655453
19.644012
-3.107087
5.661368
-16.332310
0.406463
-3.984911
-27.944937
-6.900838
14.300848
-16.945290
3.192978
-5.344492
6.970269
0.405244
-17.514843
18.974703
14.273686
8.181086
-0.105886
-1.339293
25.829536
-13.240952
36.195332
4.633273
14.266934
-8.823907
-0.810638
12.645334
4.859562
6.022233
-14.384151
12.198061
-5.842550
5.637976
-5.976352
4.154579
9.548111
8.334262
14.349281
-12.361965
7.268460
18.662577
5.426295
11.976280
1.228159
-11.186588
16.819489
13.838825
-6.386903
13.107503
-7.733718
5.280897
-3.530521
17.070780
20.733097
-2.610999
5.160603
-27.867252
-9.195139
19.550068
11.510909
-0.089138
-3.669521
24.997845
-13.306337
-5.022566
8.190375
10.621925
0.863346
13.275418
10.618065
12.925415
9.532458
15.759037
2.404364
5.263564
1.497738
-13.351584
3.360466
15.688021
26.174826
-10.739728
-23.954426
17.148138
-6.300479
-9.377394
-1.693556
-6.343939
13.767157
2.580766
10.757322
2.916098
5.373796
7.982513
7.942953
-2.688838
17.706940
4.817440
28.842394
24.096539
8.056688
17.905085
-20.458677
-2.484733
12.511537
6.405181
12.310893
10.792945
-9.083623
9.150772
2.913844
-2.885681
-9.067525
15.674048
-2.719243
2.488298
7.071636
2.943514
-0.645149
20.270641
20.172680
-5.702736
2.751574
5.680110
-3.389026
2.395836
4.229853
-15.630612
2.788385
14.260716
-8.395949
2.665329
12.318082
3.972789
6.598454
11.464277
40.563725
-8.616696
8.964583
-9.468131
19.298323
-2.235190
26.565329
5.480588
4.520140
-3.847264
13.517699
13.486183
2.952775
5.204479
10.596689
-5.829060
1.075344
-32.460770
1.123514
3.049288
-1.884963
0.209959
33.909138
-1.667290
-7.378376
5.773726
-7.791319
2.239882
1.578417
1.091322
-2.818325
-0.530462
6.753489
24.832523
11.219781
-19.031551
15.095275
-7.962135
-0.124602
22.546272
-4.758990
26.038181
-6.225280
29.672552
8.605050
-17.222654
16.564957
-4.104582
29.463383
31.939629
-14.752750
-0.927636
-1.216931
26.571812
11.251574
1.376664
-16.894993
7.896195
21.601425
4.161978
28.725269
17.243225
-20.198284
14.053543
-5.108802
2.634820
11.309160
8.683015
-2.829915
13.509498
-16.057987
2.475754
19.315617
13.968100
-16.243515
3.065222
-7.973677
2.071603
6.156721
1.539190
1.898627
8.492416
7.289222
-7.722461
10.275158
9.356409
26.090857
2.911559
8.708725
1.461033
-11.612043
14.611123
19.721348
11.744821
5.651981
10.209007
-1.528329
-4.267902
-12.292619
-17.578758
-5.582561
28.915958
5.130847
-13.593345
-1.698779
9.020848
10.816934
-6.671196
27.243652
10.022287
3.786301
9.173119
19.344955
-7.757140
24.924898
16.696270
2.914690
9.518246
13.041656
10.989205
2.976130
-13.927052
22.797052
9.959882
9.293418
1.649117
4.577381
7.056008
15.183060
12.094902
1.036131
6.141985
4.274002
-7.677289
-0.406582
-3.489246
-5.797259
-13.097480
-17.070726
-7.835859
-13.171462
17.581264
39.391068
24.209232
-17.252012
-1.380702
3.738518
8.491871
3.403022
-3.911599
-23.660347
12.914086
-13.605748
-8.317138
8.169082
1.104861
36.554745
10.517851
-5.484217
19.699306
16.298752
0.870266
7.045546
-9.463519
-7.773614
-9.816543
-7.052470
13.155999
-11.689436
17.604477
5.219123
-24.539892
18.276796
0.961568
8.684834
-8.028291
5.601349
-14.796147
-5.079476
-7.014675
-0.897940
8.934496
-2.322709
-7.958077
13.372616
-0.229123
0.381035
-14.288825
2.464136
-14.203349
8.843826
4.202474
-8.137124
0.048911
22.946051
-11.620577
-2.526404
17.328781
-5.750721
3.686153
15.903765
-9.521217
10.800217
9.438268
-15.772833
-5.868142
1.958096
-16.259050
-7.364339
0.009075
-2.765882
-1.790666
-14.013260
-5.814554
-4.729869
15.006843
-0.701208
6.721210
20.888927
5.908864
-10.423710
3.851582
6.658233
-7.713170
-8.379973
17.163845
3.754718
-8.354685
5.814537
-19.334557
13.936731
3.582529
-12.606529
12.564678
-1.664655
6.765660
12.912270
-7.334168
22.493233
17.886505
-8.976212
6.349643
4.927221
-4.034832
7.928922
-5.203403
-11.988895
3.997510
16.493053
-2.643781
0.613548
-6.092768
0.756366
-4.233823
13.960499
25.931927
-7.817492
14.076945
23.515226
-2.982957
3.648712
12.549786
-2.440056
-21.213045
13.535633
-13.973244
6.161976
13.749483
-21.740435
16.701555
11.474399
-20.889101
21.316854
-25.655584
34.642635
-12.583406
-12.505403
15.094098
-3.568737
-33.622303
32.937439
5.923435
-7.629488
-2.962908
4.931561
-4.491753
5.595870
-3.207859
-25.130634
1.405665
-7.075770
0.384366
2.402132
1.298198
40.089893
-2.470263
-2.812267
2.099318
7.309603
6.444557
-3.435582
1.742572
-2.609092
12.122271
-4.054094
9.701269
0.022542
21.615425
11.436752
-9.449245
14.279863
-13.265892
2.630250
-5.982909
12.380492
7.050333
-26.745005
-0.185704
56.958084
10.602413
3.060650
-11.086976
-6.363179
23.760227
5.960314
-17.961372
4.970123
19.210297
-10.612200
35.612644
14.404329
4.654855
8.963809
5.867260
20.463001
5.488789
2.473571
10.161024
-7.890136
-4.699300
3.137157
-10.356989
-3.615419
-13.607464
-23.161314
11.802485
8.538835
-11.664715
20.769575
0.891534
3.769295
10.138985
11.821939
15.289814
8.511931
8.012990
-5.738071
12.490404
17.262955
-2.887957
17.021591
15.309802
32.451347
12.106489
0.282521
9.150616
14.971441
-8.671234
-3.034626
6.173239
26.466463
33.981651
-8.313807
13.504816
8.096484
-9.490462
6.801836
-0.003713
3.695977
-18.683908
1.074969
-3.954319
18.551678
-12.792085
5.284524
13.248108
-5.748291
-19.399963
9.751980
2.015045
-3.682038
4.255280
5.024409
7.250916
-32.346733
-5.143149
-7.079106
-3.275738
7.636060
8.505703
0.638899
13.306618
-12.377743
-5.109306
-3.716689
-3.307460
-4.276253
1.043873
-11.314839
9.120082
-1.303220
9.749097
11.509859
6.966958
10.571244
6.805196
8.263458
-5.067216
9.266257
-7.794944
1.140895
6.063694
0.446240
-6.126384
11.976617
5.909972
27.349775
-2.371062
16.588186
15.316014
4.547728
18.322744
13.657765
-10.490657
-6.210410
-13.854181
13.456960
-0.667110
-6.989085
-11.169643
14.155366
19.450846
-11.563848
16.146702
2.111698
-1.045003
22.276936
-1.942822
13.138267
-10.771750
-7.759124
6.596086
-24.040659
-10.103070
-1.455637
-1.112439
-20.871559
-3.470073
2.223932
14.687161
26.287476
-11.507431
20.370905
-2.654147
23.056978
-5.514970
2.197659
-31.324348
-5.658795
-10.385651
9.949253
-12.611419
13.827062
15.742786
-8.621181
-5.998697
15.252020
-3.955855
2.385237
11.562057
-18.555204
6.094972
11.319454
2.165155
-6.216269
-1.866207
22.445656
-9.103438
6.833846
-7.105709
5.760214
24.593405
-11.213186
-21.439508
-1.566064
-6.658989
-9.740153
-11.969471
7.888783
9.162086
2.891267
-31.924982
-14.027028
14.462164
28.016487
-2.568353
-9.589608
-6.665477
5.469200
9.870982
7.967392
9.687929
-15.638160
9.287640
19.851509
15.828495
1.339191
-7.324169
21.279652
-14.291377
-7.950983
2.353644
-17.418755
-1.805822
4.018171
-6.833052
5.002209
11.156113
-7.221999
18.988899
-7.520164
6.969197
9.307345
-13.404767
9.109115
0.712444
-3.667325
6.380342
14.763823
5.227584
9.152555
-7.885000
8.083856
22.523327
-4.095013
16.936596
-9.892157
10.558465
26.219324
-18.905172
3.200443
7.619414
2.317298
26.117123
10.935629
1.593419
16.712725
-6.548148
9.006164
0.671794
10.010501
0.176004
-7.918612
11.726140
-6.906661
14.484184
22.625809
22.809458
13.212214
-1.959228
9.113538
-10.627660
13.343328
16.424459
3.759008
4.036236
17.606443
16.170231
9.821452
-1.961014
-17.386253
-14.193255
8.423296
2.230190
9.822780
14.081223
0.704852
9.616276
-22.874458
14.954721
-13.271442
-7.076657
4.838935
3.126018
4.682033
-12.538697
21.341740
12.360563
25.427378
23.937136
-10.809517
-8.445969
28.718359
7.930994
16.929621
-6.786374
-0.084406
10.361062
1.688540
-4.540578
2.003382
2.092902
11.608100
-11.466203
-5.984600
17.922213
3.884052
-0.242776
19.338625
1.414095
11.478721
-0.842377
-5.273413
3.651186
8.930170
-27.220047
12.488358
14.234176
-15.127816
4.080586
-12.920140
-9.883990
11.010493
-3.975285
3.784492
14.931255
-13.475784
19.819569
-4.941667
-5.257873
2.361913
0.608476
-1.071800
17.085205
16.544281
4.764829
12.286412
16.581724
17.581738
3.522758
0.633960
-0.875917
-14.231185
2.102860
11.895064
10.185682
-14.725553
-6.280101
-1.254676
-7.134756
3.182474
14.397926
-11.129650
15.653613
-12.941466
17.760475
-11.417946
-9.014411
5.957674
-12.978980
16.900251
-18.363504
2.175849
2.853925
-1.694858
22.209553
12.887407
7.841146
11.454282
-8.739096
9.232059
-12.358906
-8.148984
8.766207
-4.081870
1.598335
1.319400
24.691103
18.819647
-0.464041
-8.285645
6.602328
16.099030
8.180552
8.687035
12.357565
19.243931
-5.644139
-2.634946
18.105648
10.915607
-3.488852
11.479788
0.645859
-1.682872
7.620328
9.158145
-8.093740
13.774831
4.319752
8.820135
24.296761
7.626948
6.249957
13.502859
-5.606358
2.030450
12.293254
2.673314
13.125757
10.671095
15.940511
6.310121
-13.823110
11.283321
0.146453
3.406610
0.311894
23.920824
12.974774
-4.996792
8.137695
2.740172
33.135082
-9.607340
2.383329
-4.994582
22.276550
8.194179
2.312420
-1.453936
14.096657
-1.129402
18.745440
7.029663
9.409748
-0.407219
-11.916007
-1.526610
4.894346
-8.232613
-23.223413
-18.888031
-1.166751
8.443266
25.488867
-6.482924
2.422117
-7.304500
-19.902473
6.913236
9.310523
-1.956241
11.534642
0.726221
22.711267
10.541571
5.283487
-16.010111
1.433112
3.367935
-17.724762
-2.908107
10.078358
1.100706
-11.383873
8.690499
-4.461857
-9.539218
0.897480
2.381975
-2.449225
8.930396
-12.551295
14.909942
18.310934
-12.643637
-20.611578
12.477429
13.790772
-26.481224
-16.914368
14.699822
28.356064
-1.233098
6.985257
5.155716
2.102899
6.368158
19.817270
-15.993554
-0.646821
-3.847366
7.811897
10.050291
24.565470
3.115334
-13.735646
-2.596166
-29.061739
-8.483529
7.517804
3.786475
-15.890547
13.632494
29.635370
-4.408583
11.706337
-25.684811
-13.993608
-16.466181
1.790908
-3.986636
-16.407244
6.695815
-7.697743
0.665578
10.397245
16.214134
-0.952713
3.973251
26.413664
-18.120268
3.783110
19.842234
13.243524
13.510847
0.384487
4.749778
1.792718
-15.218868
9.302075
2.539472
0.433436
-17.632421
5.212922
-2.083568
4.705766
12.361576
2.427030
1.162075
11.018047
9.267625
7.901958
21.598526
-4.678966
-7.739731
6.756549
14.129807
1.889222
3.270472
-2.674015
-8.313908
2.672339
25.599165
2.177762
13.631078
8.505569
-21.213711
-7.219708
-13.980237
12.007004
16.645712
5.244020
-2.449466
1.758206
-9.578118
27.454956
-18.383253
4.353938
1.188498
-7.066907
-12.421527
-17.160324
17.143381
13.055904
-7.595150
8.530901
19.607414
0.781000
23.472418
-1.800486
11.748742
5.377449
12.593359
0.622027
-9.984669
11.005330
-8.971490
-7.116448
8.332074
-11.600483
18.462841
3.690677
0.515019
26.192741
-10.506967
-11.613766
-13.657660
8.647831
1.038494
-1.912507
2.037855
11.474327
2.101743
-4.212358
-1.574934
0.934616
-7.576838
-4.321914
-2.962781
9.014841
22.054594
-0.997371
8.576066
-13.244899
13.283362
-0.638446
-0.401670
-0.482751
11.892636
-7.773822
4.809065
-8.056255
5.930627
18.871058
2.691534
10.599986
-4.841396
0.084012
15.356754
-3.008736
-10.297554
-2.145607
-24.291006
22.694628
-9.066701
-4.399208
1.316672
18.767525
15.691175
-4.780389
-3.434312
-7.089288
16.486727
-8.015581
-5.507851
2.033572
-2.541079
14.047995
23.231371
7.330502
12.447229
-4.953914
4.494802
0.011417
-19.771374
1.738334
2.152462
28.931852
2.217596
19.391605
20.187412
9.402678
6.145808
19.178480
-3.873586
-1.501080
5.620216
-0.990328
0.925864
2.984374
-12.301734
-10.669124
-14.003104
-10.595486
8.630939
5.301326
-8.378855
-28.240936
22.808737
-14.000347
10.755422
-0.633009
-2.555113
1.132505
-6.087808
-9.915231
2.994292
25.556789
-7.884181
8.454154
-4.543737
-13.885057
16.182589
9.267183
-21.100626
10.791245
14.650805
6.992100
20.045454
14.628759
4.854043
0.105417
-1.245504
-0.849146
-2.012738
-0.669928
-27.178776
-2.451501
11.480098
22.909931
-10.819175
-3.925086
-9.499457
-12.607973
11.145887
-3.994372
16.760736
-13.585295
-1.105739
10.271221
-26.424000
-16.259977
7.523776
13.072858
3.217757
15.252098
-21.219982
29.904552
1.030252
-7.915274
2.417413
-15.086935
-6.854390
27.690825
-40.502995
-12.714849
0.852572
16.522848
10.324095
-25.071026
-22.013571
10.548646
5.095934
22.595976
-15.485693
-5.599187
5.268755
20.336042
-12.553817
19.431749
12.565169
3.216615
6.831628
-2.523486
11.261292
11.163592
-10.405066
-19.180578
-2.690304
27.241779
-10.696280
4.193584
-1.919155
1.241770
-7.936371
-4.298868
34.381790
-1.599246
14.983030
2.460368
7.379395
5.901635
-1.865627
0.144361
-7.358163
7.766634
11.981426
-13.202579
4.843970
-18.975887
-4.811568
11.509444
6.090147
11.424605
0.852268
-8.590020
0.853728
-6.063393
-3.101728
-1.511178
-6.706925
17.470976
15.802834
-9.385389
-2.993420
10.293691
3.866832
6.230656
10.218801
-3.726440
2.332507
25.205679
4.799791
7.485311
23.906574
2.179207
14.050212
-1.628026
24.680149
19.340126
27.816696
-0.993105
-15.563080
-7.580451
24.921114
-10.405085
16.843277
14.189069
20.360157
6.251575
-12.914679
17.119947
-11.747139
25.193563
5.944931
-9.712659
-10.146951
0.025635
-3.007126
-8.303341
27.104298
10.491396
-10.082025
-23.456404
-2.605641
-1.313255
1.707829
10.925798
-16.849606
-16.086843
-0.676706
0.421542
2.512412
6.692735
-4.399960
-23.254066
7.264054
-18.075857
-6.166427
-3.870755
9.696104
7.370255
-0.887782
-8.305761
23.736414
15.013897
21.325144
9.879163
3.372722
-1.546618
-1.865660
32.704010
18.243896
2.851924
-2.982685
-9.132821
3.254141
3.483025
6.684979
-11.506157
-16.395834
20.074083
25.787144
-13.542240
-15.106556
4.386083
6.904785
17.575769
1.886323
14.527326
-4.212064
9.258883
25.976160
-19.473083
0.612447
-10.338189
4.267433
20.767124
-9.804715
-9.167300
-5.435598
16.452679
4.871845
-2.051674
20.584347
7.723228
3.744907
0.721114
-2.854112
9.896040
-13.997115
-17.597288
-11.097498
6.418486
-3.181426
9.099742
17.912441
-13.637429
18.415560
-10.715969
-16.381033
7.302665
-14.667583
12.144027
-3.913940
-5.452202
-3.444464
8.916618
19.401354
3.592677
4.414197
-4.859273
18.058783
29.736683
-3.098870
5.380405
-21.675138
4.589569
25.235846
-15.357978
0.664369
-0.901434
2.341107
5.430571
1.742960
-5.341171
-4.738918
24.573421
-16.020691
22.666739
6.563848
-1.742493
-12.722653
-6.378110
27.682978
-6.574537
9.708848
1.066172
24.357414
-4.938025
-13.810534
-6.377378
13.172590
-2.992233
-16.083147
0.003462
15.070966
14.554131
17.133680
22.015547
2.525367
-0.128907
0.830965
-7.858891
-8.965501
-5.371154
3.726261
-13.278714
0.840762
-8.034067
-4.273621
18.524210
17.698441
12.754407
3.994663
-0.592770
-1.188899
4.017221
7.591437
-2.256998
10.701238
4.683526
6.118194
12.592505
5.926146
-11.951595
5.238348
-3.656949
-6.114450
-3.094243
16.707390
-3.918372
-6.966492
-19.149206
1.381675
-21.630335
23.274332
-15.555079
-9.864239
-8.854959
8.781313
-1.434559
-0.286627
-2.140024
-9.551485
13.198019
17.808821
6.493026
17.923136
2.682343
-6.149318
2.210371
-2.976051
-1.490331
-12.294540
-14.098049
16.997259
16.736534
-30.680979
18.117401
-2.253198
3.001692
-29.122169
-8.240417
9.391156
6.087338
10.351826
17.455036
1.600817
9.509002
15.994366
-14.050879
-0.282884
10.525340
-9.305871
-23.549791
10.076122
10.966213
-3.050498
-1.687866
15.493543
-6.019385
-1.938315
18.670675
-8.586119
14.244726
13.178301
20.757830
-2.805996
-6.700509
-14.369246
-11.655609
-13.199816
9.002586
2.597080
-4.854442
9.217365
-11.837596
-5.338806
0.261286
-7.828065
-21.645405
-4.513103
-6.249611
11.147735
-3.928226
-12.082641
8.649397
-10.884713
1.093289
21.706032
15.766011
-16.188065
29.570232
-13.183934
-6.700475
-17.452679
3.985097
-5.546219
-3.119973
0.497322
2.041040
-8.906938
-17.390804
-2.228029
-3.088971
21.021366
-11.243805
5.493586
18.311472
-10.647550
-10.396358
3.068095
19.711401
-15.601885
5.243773
-0.362104
-10.142347
2.023486
9.579060
14.870573
-11.908492
-2.351732
-8.808987
7.038446
11.049477
-7.792910
-14.205868
-8.934419
12.187502
-3.426266
-9.668679
2.312884
-8.298575
29.406359
-6.337230
-0.725283
7.240472
26.614214
14.285588
-11.212151
8.540209
-11.663349
-3.173788
-11.782030
8.420031
-13.892642
-9.766789
15.697552
15.936915
-9.734239
9.846179
5.678757
-15.953168
5.795617
8.734671
10.712938
13.178589
0.566748
-6.471751
-6.369420
-0.609156
3.989287
6.073802
4.019054
22.789169
7.368312
-14.153045
27.765009
5.069516
3.575493
21.369869
-5.010740
1.792880
7.996819
8.479360
29.452621
14.622740
6.917129
-4.871612
8.941078
0.038154
-10.231779
-3.777066
2.645515
16.053329
-10.688751
19.333481
4.838197
-4.983938
13.430301
-1.071851
14.353257
10.906981
-2.425306
-23.994404
-8.463652
10.671441
20.872202
-7.515628
-4.127522
8.259572
8.108447
1.900347
7.414426
-9.521499
8.570876
19.369080
-19.060579
25.157581
11.910224
8.364179
-2.745522
-4.603771
6.332745
-25.276852
-6.141388
5.583383
15.299345
-9.427354
1.904270
-0.988543
-3.628397
19.687901
-14.237502
17.182932
21.705812
2.985126
9.326852
-20.956196
17.531319
-12.304308
-33.569763
-18.552391
28.413895
1.346760
-5.286265
4.860738
-5.504220
10.382628
-18.639122
3.954354
9.455363
1.706561
12.065995
0.593386
27.011580
15.176742
-20.079659
-2.885231
26.072067
8.125637
-17.767860
6.156534
-8.289687
-27.158562
5.152036
32.114071
4.949131
22.905794
30.845003
-6.524809
9.897489
-5.136963
1.536421
-8.486061
-4.634137
-7.584188
3.921949
33.995556
0.088457
-17.440365
34.415051
1.402191
-1.337937
16.809814
-0.996275
4.888416
-10.514676
6.787277
19.381042
-5.809023
-9.179736
4.687197
1.323694
-4.440354
-16.211010
9.329469
12.276678
1.603169
11.968887
8.837907
24.599470
0.227020
2.037244
-11.403398
13.664081
17.726608
11.489664
8.840431
10.692301
8.260642
6.941255
-16.857252
17.031902
3.891906
12.493497
-8.862947
2.922442
-5.657156
-17.279276
18.207592
1.580655
-16.487671
3.318878
-0.370577
16.114351
-15.007252
19.567659
-5.874418
-2.560304
18.952808
-5.819412
-0.029864
1.112704
16.740847
1.370053
23.481825
10.903043
-2.132068
13.234512
1.768917
11.401028
-12.051921
9.233475
-10.088085
8.681219
15.079239
12.879195
-17.948734
11.145065
20.211489
-14.750842
-4.432958
11.351186
-3.084018
-0.586315
-0.655061
23.860634
4.754602
0.746578
-11.171404
14.868464
4.822122
-14.578675
8.561541
8.993898
14.745535
8.111790
8.055702
-3.234796
-5.430288
-7.000502
11.255247
-26.589724
3.398212
6.817191
-4.039421
-4.226836
-11.905059
14.132019
31.414984
19.262104
8.148236
-17.791426
-0.602606
-10.525091
16.116507
12.877720
-33.305729
-18.853529
5.632093
-0.928064
13.605730
-4.774240
34.401058
1.737142
19.157146
-3.354127
10.566145
17.363920
-2.894664
20.871420
-11.857707
5.349565
13.462577
12.842468
7.255325
-15.383658
16.122345
18.372412
1.303756
0.436108
2.609312
16.654518
-4.587915
6.529594
17.836946
8.470678
-4.765093
13.765800
-24.600594
2.860709
5.419170
-13.590528
-11.181973
-13.416716
-0.417242
-13.150886
23.790838
24.641441
0.851351
-2.724710
-9.828482
-11.623354
-7.974813
4.673562
-0.572604
10.963325
-6.471611
-2.111191
9.183098
-3.176564
16.849901
-9.299836
-12.984000
-5.017311
11.842805
-7.698327
20.176922
13.044454
2.592783
6.361395
-12.944574
-4.293999
-14.088903
13.210327
23.975063
-9.804613
14.475677
13.592026
11.883542
-2.269094
12.323627
2.232420
-1.453390
-9.052254
6.110399
-17.868250
-3.855754
-3.893976
-12.103913
7.026051
-8.788103
22.565689
1.395353
-6.609220
16.028471
10.010416
4.854097
-0.085071
4.317753
-0.904981
-10.977920
4.716045
20.523729
-11.506516
8.663854
19.693459
-13.007595
-19.890818
7.127560
16.470348
18.198023
17.309582
10.568973
-8.886778
14.200448
10.291868
-30.936508
-15.681323
3.802814
4.500076
18.729942
7.444285
-1.939037
-12.487568
3.697392
-5.824923
18.774830
12.983727
-14.987512
1.906295
-26.357250
-13.603691
25.060368
15.897849
7.489692
-6.502041
7.950735
6.167876
43.095955
1.332291
15.766883
2.746083
-10.837299
13.503860
6.140827
18.102966
-3.062310
1.030554
-10.606038
3.772413
-6.723121
-0.710282
19.855618
12.445974
-12.231113
-20.567781
-1.816769
18.587641
18.713717
-10.079268
-9.838326
-9.615260
-5.183971
30.803469
10.555001
4.064336
-11.930705
9.213363
13.733175
16.533209
0.757627
-4.315276
7.546203
-0.366977
-11.666220
17.731920
9.977710
4.931964
16.720181
-3.579263
11.887588
10.408959
-11.711396
-11.690344
14.609967
-3.875108
6.837787
-16.432575
-13.494875
16.044577
11.392751
-0.049038
12.307623
-13.871683
8.854594
-10.431463
-9.058786
-14.011948
10.719017
-8.651878
5.932778
1.825709
-3.397593
10.935663
-17.577389
-2.358557
-12.105831
10.374932
3.655406
22.895027
10.667932
5.303765
-12.020946
25.684223
-6.226047
1.318586
-4.223555
8.855716
10.645094
7.307665
-10.201602
-5.896551
-4.005733
-2.341353
-24.921116
10.369599
4.323981
-0.080318
-16.250561
10.276043
-7.406003
-0.909769
4.624527
13.792997
-12.871284
5.208055
12.470800
-6.835869
3.416564
12.018917
-0.988346
-11.602315
6.827192
-0.004923
3.239298
14.708282
2.845216
11.885771
-2.264696
-9.013172
1.363584
24.175934
13.462435
-3.404155
11.848271
10.290292
12.989724
3.541951
-2.486998
6.985281
-4.850033
13.330740
7.488764
15.867687
19.836439
-3.849747
11.736518
26.896795
-4.124994
-13.437892
0.936340
-14.974678
16.215696
15.125913
-8.924337
-2.281356
8.030695
1.832472
2.898570
1.133915
-8.361377
6.693000
19.478619
-2.008040
-5.238373
-15.145931
-14.406517
2.166646
-0.592443
18.615917
-3.452812
4.434049
1.300856
-1.847356
14.633807
-5.663533
13.566151
6.786325
4.185346
5.267711
3.292423
15.362080
2.989968
9.792664
-0.073839
11.284472
5.543376
-29.097099
10.600250
7.126700
-0.417193
-14.973219
-15.751882
-28.757624
10.923886
-2.042848
-0.429412
-1.657596
-3.874621
-22.335131
-3.325474
-14.831951
-3.464271
11.394860
25.523540
-5.325577
-5.935935
-12.451003
7.409169
11.002503
3.043276
9.728072
20.325546
-1.906190
10.144537
19.286846
2.460393
10.413946
-19.991337
20.297548
-26.328079
13.210691
15.194294
-11.685802
2.921144
12.825880
-5.509292
0.095178
12.579000
23.447618
-9.689857
10.175203
-0.723882
-1.665315
9.049052
-17.953968
21.500147
-0.116216
-12.785604
0.072242
8.735383
8.671629
-14.355410
-12.032176
-2.718461
-9.251066
5.743930
3.469402
-0.545977
5.343403
26.977621
-1.785791
21.043905
1.635991
3.042811
9.343143
-20.217686
4.509168
1.769604
-6.114825
15.139989
35.310421
2.868852
-2.489339
-0.028975
-17.462065
18.929348
-5.431208
27.856497
1.016811
-22.677013
11.121635
-11.050182
8.266515
23.470490
8.014365
9.904042
0.190460
10.779451
3.469996
-0.930000
-1.278752
7.541008
-3.454802
-12.065164
-4.728555
3.941355
8.034150
31.412844
19.474781
13.054330
-12.032265
-22.779604
-17.265213
30.488941
-9.537058
12.523830
8.532434
14.892948
23.117331
-1.637982
25.620243
-18.897259
7.433101
-7.262282
2.832969
-11.794219
-1.416617
10.533319
-7.293876
-8.903858
1.839071
-1.929112
-26.146484
11.443538
-1.728416
10.239149
7.936757
3.878847
2.745524
3.349516
-7.926329
13.199117
17.383814
-5.341379
-11.867976
2.666642
13.117164
13.091014
-3.533299
3.407544
12.272602
-1.030369
0.308738
11.186182
21.928286
12.122528
7.240856
16.588530
-28.148367
-0.555765
-10.679461
1.902366
2.323125
6.034439
26.873335
1.881760
-2.278425
9.402832
11.467772
-9.477037
12.859439
-1.804620
-16.958748
7.815622
-6.166813
19.021132
-16.966183
2.758849
4.946997
-1.841525
9.289660
5.412607
13.085171
-5.551966
-3.681097
3.807654
1.943545
11.908936
6.826749
-2.382035
24.895313
-1.478244
6.734940
-3.472391
15.790860
14.598673
1.971734
16.202600
5.812968
0.554225
9.196419
-0.219773
12.025707
-4.101991
-20.580004
-9.592301
0.156102
-1.650915
-8.556716
28.824369
-4.017586
-3.246515
11.782878
-1.078273
19.534834
11.608030
20.207199
0.320372
12.370943
10.790355
6.756876
2.873656
-16.979319
22.351429
-14.649406
-8.299326
3.751721
14.452530
7.826975
-3.781587
-14.399752
15.173491
2.989374
-8.569963
16.105486
-7.821458
-27.374933
12.063136
13.495463
3.336511
3.830405
15.764592
13.515590
0.957632
20.246901
4.870122
7.669659
0.843385
-0.691079
1.975384
3.047085
2.944014
-10.462013
5.031034
12.342649
17.801950
14.807364
15.337811
1.332855
-14.790523
17.088758
20.240234
-4.103938
4.652768
-2.840536
20.870024
-0.554681
4.252687
15.273598
-7.316444
34.275272
2.695484
6.275480
12.591320
-11.334254
24.420414
12.412148
10.223804
20.138201
11.119685
5.054232
11.510078
-2.932079
-11.388525
7.057162
6.996856
23.084620
-25.843540
-18.843403
-3.853823
-21.545294
13.785207
10.876843
-0.102079
11.919872
-12.282229
-15.626220
11.900269
-2.352758
-1.710346
23.182915
-0.066502
22.898716
14.726074
20.952444
2.216354
-22.212898
9.508440
12.419445
-3.126225
19.600760
18.139051
-14.176816
26.362377
15.383937
12.893709
-8.601871
-10.353101
23.646441
17.742088
-3.521082
-19.147516
-4.494486
-2.726524
11.832458
19.695070
21.749567
12.502139
18.181509
17.582914
-17.063871
-2.703039
3.747525
2.698061
-27.193892
26.052681
7.980456
4.927032
-4.959586
0.424002
2.793917
6.000464
-10.714267
-7.198723
8.337067
10.010558
-15.013247
16.763496
0.903230
11.970400
-11.903227
8.410054
-8.967568
2.838119
-8.147501
16.981050
-3.908071
11.151365
-1.491073
-13.496781
31.334066
21.194494
33.513977
9.494472
-26.111851
-4.555645
-6.639193
7.515676
0.527234
-12.955019
13.904984
21.918522
-9.315676
17.527702
-16.982256
0.982257
9.217902
-20.675730
-17.865541
-0.412310
10.662383
14.978559
14.370259
4.869158
22.444202
16.039053
1.134152
3.823869
-30.758396
-0.361069
2.857333
33.617798
8.911178
11.912961
-4.641951
17.077393
-2.491951
15.696347
7.140501
7.271560
-1.989929
24.439844
15.821057
2.870932
11.691190
15.545323
3.756054
0.100903
0.251562
-6.258375
1.464178
4.565579
27.402124
-11.677604
-25.587973
14.463710
29.476181
11.056187
1.074054
-2.736953
1.070794
5.583078
19.404350
0.367009
20.864017
19.140343
19.060631
7.878528
0.741860
33.138359
13.796114
-12.660337
20.425749
-4.986047
3.950929
-1.092943
19.977724
11.294887
4.855248
20.220247
13.536256
-11.814253
10.547062
-1.867650
13.045082
36.295666
19.017956
6.097438
11.158038
26.946566
-9.891979
16.060846
15.893099
-11.556559
0.616687
-1.527078
12.703544
27.091475
-7.335034
14.354311
-0.327404
-14.848556
-22.030016
-4.119894
37.512749
-5.370217
3.282051
-7.659425
11.845613
-0.852149
13.043878
-13.917825
-1.860202
8.188974
4.442157
-18.575811
20.319710
8.694830
19.944082
-8.924326
17.049747
-13.478305
-7.165391
15.154908
9.986401
6.368388
-8.942524
2.495410
-6.358301
5.549966
13.196790
0.836206
-30.046963
-10.908999
-7.302358
15.895545
-7.101621
6.322347
14.550673
1.788407
15.012321
0.854084
-2.092436
5.158846
-2.098845
12.860882
6.351262
15.872276
-16.130121
2.258616
1.684303
7.353096
16.373959
3.398638
-8.827676
-18.277996
-9.251626
22.005770
-12.731250
2.160565
-7.273672
4.958760
-4.261676
-0.355379
-0.563080
15.194548
5.005584
9.313541
0.730584
1.749028
-2.908145
-15.207366
4.655031
0.741170
-19.218294
8.496872
-8.309235
5.752450
16.639555
16.606007
34.304836
-8.745186
-2.701224
8.343134
-8.113358
-8.931092
7.482740
5.313069
8.674733
35.225254
-8.049418
-0.784566
-6.251191
17.485338
-17.289864
3.259503
-2.732324
5.879958
-21.190617
7.621807
-20.155996
23.984209
9.046899
15.421459
7.948847
2.017838
8.117710
-23.322206
32.783714
16.938629
4.818076
6.215307
-12.835540
0.805183
30.430204
-9.103498
-5.134822
10.470650
17.245554
9.181666
10.454241
4.761325
2.790246
-6.972612
5.882414
21.073132
-0.956925
18.855848
10.547989
-3.024403
32.055328
-8.479258
17.905664
-7.829961
-8.639292
23.131428
-7.481634
20.889038
1.729713
-5.975862
10.293021
-0.394860
2.258033
9.662669
7.026259
10.589358
18.438744
17.214111
-1.564292
-3.133597
-4.639121
-7.394713
-13.057178
-20.891937
-12.408830
20.821384
14.712199
12.763656
-4.292313
-5.043919
-10.526714
-6.224939
-2.827629
12.116578
25.356064
17.986351
16.377085
16.318628
-24.132023
3.799413
32.840511
13.615430
18.205648
9.195107
26.184042
2.345114
24.329988
-3.402326
8.975666
31.136724
4.448597
-8.464284
17.241652
-0.397901
3.547552
1.873921
49.975410
-25.106243
-19.893759
16.320000
11.803783
-20.561462
-9.126173
-0.105792
5.974855
14.086297
8.484213
31.867147
13.995724
0.555356
-11.419789
0.262270
17.278090
-3.752869
-6.849027
2.661723
8.257951
-12.436881
14.880987
5.930207
-7.252194
3.655354
4.187382
9.543149
-19.198856
7.225017
2.622682
-32.357891
-6.875975
19.707006
-6.812193
-0.086130
1.748771
-16.139099
8.473447
23.521158
-23.436188
12.075863
6.847220
0.566558
5.222567
-3.714971
3.963148
10.572865
-10.203604
17.393522
5.389973
18.039070
-22.995583
13.273208
-3.782114
16.142143
3.675087
18.743856
23.288454
11.297359
7.439687
18.599958
-10.093557
-20.519901
13.906624
-8.429999
-0.333028
-2.817582
-3.704130
-10.160649
-18.402666
-24.114733
-22.227364
3.984598
-10.834290
-3.587476
13.325119
-2.739012
-7.283747
-3.642491
-5.167453
12.888104
14.028824
-1.287260
5.997046
3.361099
3.246836
5.447806
11.864888
-0.959974
1.895524
-10.542969
18.293419
-8.617503
-0.619963
10.839046
18.893993
-3.248405
8.209566
27.143867
6.074487
4.516468
-6.764186
-23.882395
-7.282076
1.960921
-14.813923
-7.469390
-6.595070
3.289547
6.617970
-1.546266
-1.314519
-14.532927
19.935066
-1.856596
29.735483
30.305296
-12.637246
-4.832782
-15.450459
-0.355940
-0.790804
8.165014
12.511575
7.134422
10.962148
2.764752
14.399122
1.272733
-1.567086
8.005719
-7.656976
7.822852
10.753064
4.476324
27.268921
-0.455366
-22.982084
12.714915
14.043895
-6.494812
22.923582
9.400177
27.765518
-6.738109
21.842600
13.782804
-4.800000
13.053563
-9.967825
3.072350
1.968837
-11.378561
-1.696077
33.330456
-24.542181
13.363675
21.446043
-0.565959
5.217136
14.120942
30.025000
-0.414006
-8.212543
17.480242
-3.881030
-15.809307
2.242256
-7.852190
1.172701
21.642654
25.320211
6.732972
-3.297970
11.925548
0.767353
-5.066138
-17.788776
1.704915
-2.328404
14.142093
17.952061
-11.499137
6.322316
8.611532
14.507131
8.567609
13.829575
-21.004293
6.546574
-18.109695
5.194911
4.753366
10.808741
24.293987
22.981750
10.887178
4.595294
-9.076390
-4.368830
3.456460
5.360656
6.265010
15.521553
11.063855
5.402985
-15.920035
-3.675183
-11.849698
16.789158
18.422495
-9.866308
24.092974
36.652493
25.663412
8.210059
5.045150
20.984594
3.443469
-22.745745
-1.079327
-21.373764
7.345976
-3.314014
14.605388
-12.208882
-0.603899
2.492204
0.925428
19.481831
-4.553867
6.159698
-8.726143
10.806736
-10.665703
10.075092
18.272377
11.116870
0.052916
-4.470812
-13.355530
-3.606094
-12.413506
0.988166
-3.597301
-16.304159
-2.984276
25.732632
13.125377
8.541068
-5.058063
-8.770757
-17.762205
25.015076
-9.208975
-2.742886
-17.540661
11.741508
-0.750210
-1.678004
3.150198
-0.816064
11.313992
-1.759206
-0.552258
-4.065474
21.079390
-2.746145
15.827599
-5.610187
7.027700
-8.144905
-2.090079
-23.173933
50.562943
0.781443
-1.198374
29.283821
12.933497
-6.063826
-1.648592
-18.959278
-13.728914
23.836702
-9.479678
-17.083189
7.559360
-8.459188
9.361293
9.126707
-11.269286
-2.263050
22.297852
8.115419
-5.882986
3.893713
4.450699
4.258806
21.408449
-19.196869
-9.058270
12.607581
-1.239095
5.471717
10.992048
-1.923822
2.779535
5.412870
8.106813
9.279211
6.520780
-3.375098
-9.321198
33.824337
10.356146
-4.094660
11.422697
-30.711506
10.584213
12.777622
-17.185568
14.039399
10.102178
0.455148
22.339390
0.945450
13.322832
8.939709
30.566528
37.102848
9.725671
4.266304
16.265884
12.676568
-5.583356
4.863034
6.684426
22.671070
-4.935618
-12.695468
12.202380
14.259703
-1.658347
6.895729
14.598169
-2.580791
3.255224
25.326063
13.473389
27.566326
0.629107
-7.653396
12.943473
-11.232843
-3.181256
4.441959
2.545778
11.337083
1.095297
12.286681
-6.645687
10.269279
8.493036
14.938409
10.311587
10.799027
28.265596
13.547128
34.495701
12.704380
9.296230
0.417877
-1.042304
18.738447
15.758679
2.688534
25.894287
-7.126164
-14.740636
-16.597429
8.014043
9.227564
15.229648
10.557055
4.629593
-19.050417
-19.127527
-5.038144
9.979101
8.226132
18.406862
-6.496400
-14.698495
-3.132653
10.550081
-15.837235
5.769017
-3.444486
12.192749
16.088249
-0.650798
0.470075
14.809654
-12.705151
8.023989
6.228831
13.157871
-9.239463
9.553092
17.015594
-5.179023
-5.925555
-4.982292
-22.149460
9.476370
-3.538466
11.646365
-8.977739
23.127079
5.201638
-4.460951
11.505541
-12.522764
0.198945
37.882118
13.286672
5.153784
3.315579
-1.785605
0.171709
10.626105
-5.211859
-5.950931
-5.324115
16.752182
32.432266
-8.038160
-6.515762
-23.105005
3.299472
15.757413
9.631687
3.596776
22.501904
-7.224684
7.590261
17.865206
4.967006
11.045270
5.502417
-8.468694
-6.576852
-11.966671
0.267545
-3.816502
-12.885542
7.107446
-9.089982
17.202768
6.138915
-9.047330
-26.792974
15.202996
-10.389827
6.343266
18.180237
9.487989
-5.843966
-11.243077
16.066845
-19.403532
10.767754
6.971879
-17.538357
-10.983628
15.869614
-15.048024
1.754484
10.219146
-1.746072
18.691519
-14.772906
-12.868690
16.916327
0.119977
19.818539
-19.538645
-15.363488
16.794582
-20.486736
16.102879
4.292434
-6.188912
-1.673761
-3.673789
8.552366
-5.701930
18.235806
4.436445
21.105486
-7.394397
-14.375083
-12.965480
8.029119
-6.849540
11.649661
20.725405
12.637571
12.185075
0.195095
-8.656965
12.667632
10.410771
22.678501
-4.575759
14.156571
-11.768749
11.269769
23.620619
-2.004724
10.234429
12.225746
15.864755
-24.934067
7.181663
17.834126
13.918608
10.113004
1.640825
39.641682
13.397233
14.407326
-0.663419
-6.281882
-7.644666
12.120825
-11.645249
-11.792130
22.214317
-17.091864
15.316793
-16.579731
-9.224791
3.334294
22.566755
-0.060714
-3.511360
22.325003
-11.558777
-2.226474
7.947507
18.416456
19.622200
10.017156
-5.740826
12.226148
-4.979794
-10.843500
-3.587552
8.070209
-4.858721
23.000969
3.311201
12.410148
7.082562
5.533127
14.511976
-2.615175
-0.403162
8.133076
-11.470362
-9.625072
-4.915236
-9.700797
-2.702858
-19.639488
1.288139
23.628899
-5.593234
-3.677110
-3.751417
27.583904
1.380822
-14.353613
0.217538
24.443928
-15.705678
-1.221085
-16.275478
5.237684
7.388938
-2.475698
3.806670
-15.402872
15.284665
8.767158
-18.941677
8.448036
-8.813541
-7.336801
25.351654
-4.540183
21.892370
-18.270374
-7.374177
-11.520051
-2.880976
12.501004
-4.481490
-23.385126
-1.757496
8.581307
-2.194639
-2.583079
6.567694
11.390027
-4.983075
-8.552224
-10.527294
-10.225286
2.108577
7.352385
6.288054
3.013729
15.378722
16.883162
-13.442647
29.906189
1.081176
-1.925776
21.490692
-5.609663
-26.029724
23.426003
-11.990899
5.826949
14.414945
13.440492
-5.012494
-6.519411
5.441747
-3.416576
-4.573308
41.973980
-0.507949
-2.341617
7.852478
-14.180947
-0.357629
-10.119308
12.650015
9.554643
3.129043
5.328017
-10.560972
-9.073579
3.065223
-11.282908
-2.758348
-11.658467
-13.343921
-2.906739
2.003093
15.897144
12.982312
7.414178
21.551659
-1.107339
-1.590870
13.497827
-4.163369
-24.071547
13.794762
12.706045
-25.151682
4.688096
29.151257
2.148359
18.456512
12.739352
6.058284
13.342457
6.112964
3.847939
4.251426
13.100479
11.446388
12.604776
-17.014442
-12.232813
-0.993011
3.629592
-11.499944
-2.354421
4.596905
17.770399
21.648401
21.310320
34.832165
29.202715
5.015610
9.877672
-0.563679
5.754930
15.464354
-1.843432
-9.967108
4.056923
-8.301202
-9.409533
-2.731525
-17.354120
-2.794541
-6.887872
29.694490
0.210367
8.818439
-12.284457
-11.220586
6.796236
2.340943
-11.445261
-6.065293
1.078617
12.488918
9.919339
3.158502
14.870495
10.919931
6.990900
-23.361664
-2.670831
1.115942
-3.144062
0.841846
15.317219
-1.139588
18.800844
7.730442
1.205788
-13.862277
10.292081
1.916522
-1.652574
14.363061
16.097475
-12.496603
4.767068
-12.639363
17.566757
-2.726992
1.338719
19.385536
0.339609
6.468747
6.771803
18.495153
19.274448
-1.337166
-7.355697
-1.137007
13.987698
17.040140
11.633533
-0.915594
5.352771
4.779716
-5.293668
18.236750
16.060268
-19.891157
5.571035
-4.900364
-10.511619
3.523736
30.814844
-7.694589
8.358167
0.257207
0.571777
35.206150
25.633932
1.382148
13.213450
-1.374235
3.531758
7.352271
5.672121
-8.488366
12.099161
-9.119343
10.640838
4.761091
21.154587
7.318502
11.556373
16.743530
1.196566
-4.835753
8.175733
6.598360
7.473952
12.113666
-2.686698
0.023208
-4.883015
-2.529181
20.796286
0.493983
-3.400858
7.116197
11.547434
3.909867
-1.221897
6.944406
-7.468119
-3.376781
7.146924
6.553042
-0.123233
16.395266
-12.051903
-8.061922
23.349373
12.736926
4.137882
-23.663568
17.232752
21.752756
10.057639
20.731318
12.730071
-9.997549
-5.717582
-1.298389
18.780663
-8.222086
1.273082
36.847782
-14.195580
-3.391613
-4.959792
19.975595
-1.937644
-4.102845
-11.931547
9.827207
13.036892
10.106813
21.965208
-0.734926
7.785798
-10.087415
22.675426
-11.014472
-7.801508
0.962534
0.947093
-14.581620
-3.115171
-14.233953
2.313364
-11.064671
-3.753431
6.709234
-6.643269
24.985203
-3.109948
7.375151
-4.876407
5.258903
-3.067265
-2.921739
12.621136
2.976643
15.119927
-13.974030
4.363933
-3.665169
11.565237
-11.469346
-18.487450
12.928476
4.993601
-9.818600
-1.341501
3.142524
-8.626000
10.328598
-10.202019
4.950946
11.905079
12.002837
-1.422170
4.437117
-2.421473
29.544823
0.428652
-2.817982
-3.191484
-6.654109
9.127404
21.021900
-4.862932
9.474983
7.019009
-6.427870
14.571988
-3.050930
4.020817
16.537760
9.290619
8.282309
2.967169
9.621158
12.003764
8.778993
17.231920
1.068452
7.170602
-6.468613
-5.446339
0.665713
-14.178208
3.600944
3.507619
-6.745556
-3.017498
-4.115576
-14.002413
15.925057
-18.824896
4.152806
-4.689442
0.370283
24.927801
9.723445
16.211451
13.661237
2.484063
40.682030
-3.808406
0.200255
-15.494830
-6.903628
-12.982282
6.317153
0.595128
-1.028752
-13.295258
4.061131
6.154188
6.451235
20.138426
12.795359
11.182509
-14.232446
35.695862
14.333426
5.233966
-3.208096
17.322029
-5.327559
18.729246
4.064524
5.707107
5.788063
5.151421
13.597910
15.571863
-7.650556
18.576399
3.640507
3.843611
27.128008
-1.341697
6.273132
-9.127282
5.341202
7.660864
0.446767
21.593830
7.186843
34.652950
13.422655
-0.464569
22.197968
-2.469484
18.834402
4.759754
-3.053120
22.799118
-7.127444
-4.371090
3.422102
-8.107540
9.765800
-15.169959
5.181537
-15.503606
11.444306
3.770132
4.245798
-10.339159
1.011723
21.549488
15.450996
8.768919
-16.442122
9.579618
6.900336
-4.696675
-21.161812
5.936744
3.531123
-8.927718
4.344015
10.064815
