0.432059
-9.547936
-8.505512
6.709642
-9.773404
2.383681
-3.526126
1.937358
-2.298778
4.851651
3.843439
22.302210
-10.227106
21.272966
4.001364
-5.884247
18.716921
-3.813321
19.470882
0.663775
15.909846
0.520295
11.120739
7.662518
-1.669662
22.271158
-2.318302
4.308540
-11.203730
12.990350
7.503486
4.026668
17.413752
6.796299
-7.620502
-4.216289
5.583068
-13.072720
8.606712
-1.770117
3.218668
9.418027
-7.717959
14.578564
-0.240028
2.729814
0.818091
11.252959
6.570576
-10.839967
24.135124
-10.275025
-36.682407
-5.729774
20.730385
23.369780
4.509962
-11.911184
-2.309529
17.529066
0.126369
9.565056
3.211206
14.915162
-8.249389
11.034713
4.949520
6.270466
13.154230
2.931090
8.709404
-9.144642
8.487134
10.982945
8.692266
18.051561
-0.977405
5.814216
8.311905
-4.924088
-22.961470
-7.551464
7.036741
-5.459058
10.700027
-3.914741
-12.610658
-6.348368
-12.334682
14.231596
-15.311116
-5.892751
-3.838989
-1.670457
-5.021132
-0.517779
-6.109620
1.483711
-2.031435
0.731692
6.489623
8.038959
19.394112
12.543157
3.003891
-0.471081
9.613515
-4.296454
-5.851149
15.843161
18.725607
-18.334057
-8.368959
-4.221558
-3.304570
13.065151
-24.458570
1.993824
3.022659
19.809097
-31.778505
-16.561176
-11.200777
-2.640238
8.127289
19.097393
13.956346
-20.807430
-5.126915
11.629059
-29.569281
18.698072
4.313218
17.266180
-21.726107
-4.603210
-3.216297
-7.262455
-6.373327
1.336329
15.225806
-3.084451
3.024626
4.431779
25.021313
-17.916180
5.407692
3.042358
-1.116261
-6.764752
16.949930
1.563340
2.458291
3.728392
-12.442917
-0.949323
-21.068441
9.380413
-13.535488
4.311213
-1.464855
-14.352102
3.268083
18.903646
-7.336598
10.828142
10.926211
1.863859
-22.647861
-21.193171
-18.042850
-1.238902
6.282545
9.455602
5.833020
11.390370
-21.760805
-17.898518
2.642867
9.364683
-2.366413
13.618814
13.490162
8.714334
-13.228779
-7.453200
-3.734269
3.880474
16.054375
27.828690
10.879538
-1.412583
17.374384
-6.422564
-1.909999
8.952856
3.847467
10.111646
3.699769
-4.344727
0.070991
-4.098403
-14.613723
-10.957737
2.789543
4.374328
-12.231046
-20.399038
0.335430
21.896679
-14.663579
18.969217
-13.505941
5.614708
20.968582
-10.191264
24.311934
23.908348
9.210523
-5.842443
11.250110
6.255619
-4.298948
9.764301
1.516790
2.213303
-5.443623
-1.755492
-20.873343
9.596684
1.869140
1.499875
13.941827
-3.939637
7.297882
-9.047744
3.960830
11.409315
-22.031050
6.065316
-7.573935
37.161476
2.065839
2.921948
-2.162529
2.205162
-6.091557
5.498955
26.172083
10.450714
-0.499065
15.452824
-8.775337
-6.999213
-23.123110
-12.970449
11.352221
-2.745895
-3.754095
3.663391
0.899603
11.784162
4.532372
9.134812
-13.973545
-17.263847
0.146037
11.051398
20.230560
-2.025588
8.963848
0.705198
-10.289633
-8.837672
-4.891346
24.260315
-7.762012
-2.382528
31.958523
-19.856091
-9.798262
-8.503990
-3.705986
-11.722337
4.478283
11.911117
12.787518
35.708626
-8.999801
-0.687537
15.214854
9.682317
-8.570337
-16.941338
-0.995977
8.198567
8.780283
19.463808
14.828674
3.437002
14.046413
6.496066
22.214035
14.342458
-11.917838
11.620041
-9.969889
10.714621
-10.005529
15.957327
4.233982
21.975054
-7.130719
-11.044494
-6.413575
12.416876
-11.165290
-3.071098
-7.217416
1.652871
-1.700735
-8.488368
-3.914037
24.190197
12.881725
4.035785
20.493517
-7.097090
15.347481
21.605648
2.466718
7.349729
-13.612557
0.741357
0.767501
-26.171820
-6.547836
18.503918
-18.242098
5.162300
-5.655346
5.573783
-0.570434
-18.341219
17.707928
17.790369
3.273942
3.723695
-4.433156
24.257898
-12.431594
33.902428
5.466106
15.093900
-5.289071
-0.701359
14.596733
2.748736
7.858391
-14.277523
11.162170
-3.892316
6.826551
-5.323415
5.848109
8.690820
8.677394
12.527081
-10.030347
8.692834
19.698959
4.052710
13.131391
-1.826396
-14.576167
19.739611
10.788560
-8.626399
12.102059
-4.227651
3.522406
-4.245607
17.368631
17.586399
-2.951926
10.442876
-26.173862
-8.915148
17.538227
11.553219
-1.928620
-5.008521
24.761896
-12.784580
-4.723972
9.398826
9.973010
0.534290
14.990497
10.300051
10.753337
8.833485
16.490780
4.424909
7.875647
2.487203
-12.566064
5.147537
16.616957
26.852449
-6.324233
-24.549015
19.122349
-6.842351
-9.094563
6.488366
-6.608777
8.899379
-4.390012
13.136199
1.345839
9.969172
8.232485
11.569363
-1.531991
20.197365
5.709924
28.498758
24.384806
5.444000
19.403488
-19.588898
-2.486421
15.418533
2.315741
11.770596
9.388465
-11.226394
10.491855
8.513103
-5.281638
-8.618803
18.080551
-1.028294
-0.225611
10.072106
2.818504
2.624954
22.174896
20.388073
-3.652603
4.732486
4.481187
-5.259501
1.787356
1.273671
-13.827874
-1.074728
10.670350
-9.615032
1.558358
10.997551
6.803159
9.855455
16.132069
39.168282
-8.836129
9.048479
-7.290164
19.941069
-3.060623
30.764524
6.355720
2.652779
-3.561269
14.266456
14.259542
6.486531
3.679725
10.147986
-9.406253
1.186998
-31.973238
-3.210761
6.375144
-4.028167
0.877933
28.750643
-0.260053
-13.009193
6.971831
-6.638056
0.289980
-0.129438
5.005266
0.991765
6.200935
5.128080
24.615238
9.214937
-21.997429
16.552498
-7.024549
-3.036185
22.772350
-4.272840
27.091589
-4.038192
21.441633
5.212730
-17.182842
17.062414
-6.908238
33.013714
29.715263
-19.928270
-1.508501
-5.361171
25.772760
10.920976
2.686859
-20.763857
2.937200
22.157555
7.026084
32.318054
17.551863
-20.114389
12.364275
-3.414224
6.494461
10.934982
7.681546
-6.482710
12.832444
-17.929159
-0.022480
20.905947
14.492955
-9.703199
1.307750
-5.250021
4.890320
2.287856
0.086748
4.092429
4.616102
7.779816
-4.931341
12.604895
9.383860
27.163618
3.373722
9.094275
-0.342939
-10.073883
14.462247
23.158401
13.650727
5.277004
10.547367
5.377240
-4.176002
-12.652555
-16.473192
-6.113996
30.577955
5.890121
-17.343555
-2.628123
10.148080
10.640882
-4.899159
23.593346
13.130032
1.213044
10.995158
21.211002
-6.842137
28.697968
14.003195
5.715403
11.183998
18.367296
9.257021
5.166596
-15.386713
21.497107
7.721697
9.176056
5.392909
0.192870
4.765499
12.679603
11.402793
6.986553
7.704306
9.161694
-3.099771
4.306197
-6.681582
-3.218280
-15.111432
-17.095259
-4.383405
-11.400214
18.950146
33.263062
24.171724
-12.978464
-1.766144
2.296250
11.493207
1.848966
-4.854505
-26.199511
9.830545
-16.420517
-6.653833
9.245943
0.060139
41.847244
9.278959
-4.462842
17.124557
15.298750
1.796114
8.892340
-6.745090
-5.504346
-7.639247
-12.824861
12.699775
-15.466641
16.479275
3.224972
-21.752504
21.597290
0.547414
9.736791
-7.772527
7.806606
-15.788424
-5.566657
-3.059429
-1.392472
5.351978
-2.867697
-1.442243
12.068559
0.617316
-0.500477
-16.246702
3.787234
-17.786179
5.809648
5.968578
-4.000055
-2.662847
15.762710
-8.867485
-2.674302
17.819208
-7.267392
4.361197
19.062561
-13.258180
11.755281
12.127516
-12.292928
-0.827517
1.299468
-13.278763
-8.599960
0.299762
0.941457
-1.533307
-13.995723
-8.158530
-4.801992
13.558189
-5.472263
6.239817
14.798297
8.822526
-11.873052
2.302612
4.985474
-3.639952
-4.567368
19.638094
2.553536
-7.478474
8.701954
-20.770922
11.457067
6.282609
-13.664259
6.554973
-0.132046
4.773762
13.132834
-9.326785
21.561621
15.339725
-12.580652
4.819757
7.311731
-3.056117
8.283147
-1.884901
-14.100891
6.487509
14.399530
-2.903733
1.630213
-6.124968
0.887799
-7.145185
15.648195
21.098804
-14.485363
12.267806
21.451757
-1.550149
0.273618
10.444843
-6.303641
-22.626467
15.686982
-12.405307
3.936552
11.408039
-22.897743
17.949966
11.186234
-21.471823
17.442669
-23.154192
32.041077
-8.745903
-12.356700
16.266277
-2.664225
-32.781506
33.596661
3.698974
-4.884760
-1.834762
5.483701
-4.974013
2.914955
-5.671077
-23.900400
-0.778590
-6.729770
-0.587536
2.854332
3.581413
40.952057
-1.141710
-1.244328
0.491553
9.184885
11.157384
-3.785041
-5.747170
-0.572350
10.895171
-3.483851
10.611258
-0.097808
20.093279
11.376895
-9.467584
18.424906
-19.293531
5.129443
-6.449835
9.591803
9.054010
-25.927446
1.969643
54.331036
9.770329
8.765320
-6.317701
-5.274918
23.738920
5.676765
-16.395939
4.658021
23.315968
-11.953762
40.505878
17.780846
-1.055402
9.300014
6.690546
19.009790
7.855329
3.431209
9.488184
-5.505745
-7.142720
1.938414
-7.789473
-6.345963
-11.763671
-20.980843
6.218726
8.638508
-5.897293
18.885899
0.677193
7.015066
8.393419
12.423511
17.330660
9.464833
12.884418
-10.390767
17.918394
19.309681
-3.792829
17.096678
14.188500
38.698238
10.556057
1.223821
7.083412
14.235672
-7.434362
-1.756205
1.903427
25.928539
35.425476
-6.664771
8.210385
10.058783
-5.039437
8.893263
-6.346153
6.422979
-15.502437
1.775906
-2.869370
16.200041
-15.857476
9.207122
14.762635
-3.836888
-16.894804
9.424420
2.264030
-6.637103
6.403387
5.702372
6.723891
-34.543312
-1.657348
-3.241283
-4.852964
11.862995
5.736607
-0.205315
13.915326
-9.625081
-4.660000
-7.109558
-1.574901
-3.873434
4.479794
-6.170567
9.878526
-1.640651
11.966410
15.454573
7.239147
11.505571
7.152811
10.415130
-7.382986
10.487367
-4.706138
0.209318
3.591722
1.974368
-11.197895
7.537537
9.554060
25.470711
1.533323
15.008913
11.384304
3.915309
19.547138
9.788972
-14.268938
-7.799321
-10.560046
13.087775
-2.666501
-8.704110
-14.799550
16.066078
20.505686
-11.323747
14.585933
10.384260
-3.231724
18.907736
-2.772318
11.817618
-15.469457
-10.406693
4.842466
-23.597883
-12.190819
-2.372517
-0.628457
-13.762326
-3.887098
2.625391
15.588275
30.280880
-10.363893
19.152920
-5.182356
22.392572
-11.814953
0.873881
-26.969086
-7.062080
-12.148347
15.907119
-14.075365
15.062259
16.877659
-12.562497
-6.170022
17.008722
-3.352051
1.392972
11.163698
-18.338123
4.892530
9.326644
-1.940416
-7.262228
3.164185
17.772474
-10.628779
8.924124
-12.874837
3.710418
20.359758
-7.286469
-21.460123
-2.512819
-7.905870
-9.908278
-7.529665
3.868013
8.797244
-0.829962
-30.797577
-10.945647
14.455393
26.696461
1.418680
-9.184318
-4.290865
3.945233
13.234027
6.713122
9.440282
-10.734796
7.635939
19.171009
10.519287
-1.113561
-7.515257
19.723297
-16.973175
-5.086004
2.603123
-15.102973
2.457866
3.993801
-8.611012
7.032745
7.989601
-12.095343
19.661608
-12.676096
9.408944
11.623431
-12.724524
5.974915
-3.925251
-2.798564
10.407517
11.871373
-0.625430
12.272635
-5.567551
9.901654
26.072439
0.598170
20.708885
-13.023015
6.821558
28.442120
-17.655760
-0.355364
5.754678
3.818799
24.998568
12.468727
-2.635969
14.083939
-10.460367
4.259887
-2.094568
10.707387
-0.490596
-7.543049
14.100471
-9.547516
12.450372
19.240263
21.498344
13.759649
-0.647560
8.520332
-9.657853
10.649735
13.017320
1.461429
3.162296
14.641180
19.496101
9.327884
-0.322294
-14.544431
-14.330966
7.350857
2.061739
9.710739
10.475930
2.417354
9.341769
-21.189848
17.986279
-11.934974
-10.804712
0.110258
1.726721
5.235587
-17.059357
18.912016
8.238360
22.745087
24.335012
-11.569846
-8.989658
26.662018
8.086059
16.002752
-5.864506
-1.458222
13.376538
4.690901
-6.163969
1.202446
1.642516
15.197213
-10.034356
-8.425521
17.461283
9.729294
1.109231
23.641872
1.100940
10.872313
-6.376461
-6.888039
5.195393
9.781078
-31.039997
10.409757
14.035157
-16.152115
2.573700
-11.094359
-11.654762
5.727313
-1.558327
2.895812
8.554851
-15.218288
22.074572
-1.138363
-10.135073
1.877511
0.382890
2.898390
20.355972
14.315445
4.226501
7.777153
16.380777
20.126141
6.684227
0.147729
1.839573
-10.521559
1.740607
11.971071
13.377685
-17.192757
-4.418262
-4.105427
-6.167416
4.418223
19.872183
-11.760047
12.398790
-13.951128
7.834550
-12.739681
-8.657722
9.960055
-11.821896
14.445074
-13.295798
0.210516
1.997169
-0.435060
17.608322
10.410170
7.252942
8.148112
-7.559534
11.676298
-13.778489
-10.225229
10.756252
-3.587923
2.289609
1.109061
20.112520
18.537186
0.560717
-12.444713
8.671329
19.968073
8.435739
11.217099
12.510057
16.864342
-7.007157
-2.440287
21.401651
8.923594
1.446603
15.420322
-0.969499
-0.440908
12.109663
4.681784
-14.443283
14.588399
2.258474
10.168564
27.670753
11.375228
4.481094
14.084258
-5.088928
0.949942
16.268549
5.117399
13.954265
14.074884
14.095403
3.648651
-9.710563
8.222806
-1.959253
4.504490
0.662911
24.077599
13.655149
-5.085418
9.083726
1.729472
33.113884
-4.223885
2.199724
-5.415357
21.529829
7.443051
-6.122204
-7.289578
14.320619
-0.576805
19.993568
16.371244
11.033377
-1.631181
-9.295312
0.519263
3.347123
-6.396245
-23.821568
-17.815607
-3.099140
9.743205
25.713079
-8.187993
4.976873
-6.912607
-21.835421
9.626073
8.686966
3.286676
10.886073
0.695508
22.428442
10.091015
5.674389
-13.810296
8.108184
0.557413
-19.286057
-2.817610
7.335353
1.500377
-11.258037
5.407313
-6.625042
-8.849454
4.469114
2.246337
-3.913473
11.804513
-17.982611
19.084021
19.791054
-13.021056
-24.485632
12.891877
10.353959
-28.328711
-16.679075
12.444400
30.539156
0.398396
6.900232
2.630674
3.118163
11.830435
22.110203
-13.637887
-1.228701
-5.944086
7.848466
9.814818
25.687899
1.701431
-16.593182
-7.735135
-31.097765
-11.399788
8.956184
0.935235
-16.181946
11.233223
26.922915
-8.499711
9.070724
-21.527864
-18.579102
-19.148300
2.828837
-3.253083
-20.050825
4.874642
-6.492721
1.521494
6.800710
14.179777
0.416907
2.831683
26.813366
-17.410681
4.292975
19.125708
14.962406
10.636229
0.816571
4.936119
4.670946
-17.675014
14.273520
2.082496
-2.443733
-18.024998
4.418647
-3.658989
6.732238
12.021049
4.086007
-5.183832
11.124835
11.233177
8.890674
21.749666
0.044585
-4.622622
6.997682
14.100718
-2.582859
1.363497
-0.843313
-3.756025
3.129969
21.770502
4.999189
13.424598
11.341563
-19.736971
-1.607990
-16.576641
11.672383
16.949163
3.599251
-0.187535
-3.293664
-10.667933
32.469608
-18.404551
0.803539
-1.289219
-6.473381
-11.557212
-18.387243
10.068997
17.413809
-9.353147
6.931752
19.249386
-0.396570
21.857674
3.389585
14.506288
3.548346
12.971738
0.459635
-4.008006
11.953156
-9.240174
-5.506224
8.379776
-8.197164
12.010210
-1.112563
-0.896059
27.763235
-7.476751
-8.438023
-16.494682
10.768768
4.997677
-2.526602
3.718546
15.195809
-0.406897
-4.791041
2.224605
-1.195588
-11.041538
-1.122774
-6.736231
9.573771
17.417507
-3.296356
7.123429
-8.661643
12.339712
-3.338014
-2.324071
-2.900683
12.303602
-9.198020
3.568345
-4.355648
7.450243
20.557821
0.587985
9.004300
-5.473426
-2.398771
11.415224
2.635628
-14.435050
1.819172
-23.269777
21.355213
-8.083683
-3.677456
2.084559
16.175611
17.418190
-10.414501
-0.204327
-3.544056
17.105909
-4.514974
-5.038435
3.526735
0.768886
12.756375
19.514912
7.786005
12.100250
-6.165653
4.518476
0.530441
-17.588358
0.037675
3.722569
29.714876
4.674941
19.066429
13.319113
4.017590
5.685905
17.224070
-3.191220
-0.091922
4.861122
1.431626
2.852028
7.256472
-14.408968
-6.389159
-16.466846
-5.941283
8.664175
7.490938
-4.528874
-28.812700
18.405348
-14.052186
10.022250
-4.665025
-1.669869
0.592889
-7.539032
-9.789539
2.180844
25.771927
-2.936392
9.223402
-3.800452
-17.444330
15.709908
12.131554
-20.437061
3.259851
14.697423
8.541653
20.588898
16.608704
3.818058
-0.752748
-3.416271
0.105070
-0.212734
-1.848118
-27.928875
-4.668826
8.491312
24.142868
-10.880679
-1.637839
-11.049075
-8.612142
12.885542
1.252538
21.800020
-13.528708
-1.599499
7.248343
-22.703482
-12.623184
4.701302
16.581581
6.620209
14.980555
-20.917044
29.121447
6.296445
-3.126139
4.321093
-21.240215
-6.389499
25.209860
-36.521996
-14.283561
0.693464
17.007120
4.389606
-24.049164
-23.249493
7.019599
-1.099541
22.029501
-18.791512
-5.954965
6.554862
18.905657
-12.638575
15.745930
4.387182
-3.202096
9.567268
-6.075538
10.141175
11.517885
-7.712064
-17.046429
-3.593504
26.474543
-10.456974
4.211003
0.459927
7.090226
-8.132930
-2.986061
35.767300
-1.684291
17.162279
7.457251
11.751616
1.820084
-0.473645
-1.709909
-7.566040
9.032600
13.070541
-12.471353
12.275498
-21.182497
-4.848083
12.818678
3.006752
4.222077
2.013027
-8.720229
4.693305
-7.090998
3.433105
-2.482771
-6.102321
17.142113
17.231680
-10.130581
-4.916901
5.611436
3.931051
7.237820
10.558882
-3.032544
0.478291
22.697744
9.106717
6.203653
26.619310
-1.281073
14.929175
-0.564456
26.098680
19.133274
28.113039
-1.628620
-16.149607
-5.249766
21.709471
-16.855993
8.640792
14.094213
19.729109
10.630818
-12.575926
18.010466
-17.386139
23.668583
6.441057
-10.237214
-8.356151
2.178287
-1.051996
-11.696954
27.255219
8.370310
-4.783187
-17.252150
0.342030
-2.641782
4.830849
12.768717
-16.111032
-17.283300
2.134691
3.323945
-0.383476
8.051844
-7.985656
-20.442133
7.407232
-13.656877
-3.502111
-4.758204
8.372943
10.019764
-6.514932
-4.039429
23.449966
13.833217
18.171461
9.216271
6.164741
0.521883
-1.703242
35.749702
20.620329
1.843411
-3.195565
-11.736814
2.393351
4.736471
8.573726
-10.890610
-17.308655
17.951153
28.673054
-9.074904
-13.242101
7.129440
5.886130
17.963551
8.090711
17.178207
-2.992214
10.549872
20.680819
-16.843607
1.561583
-8.293407
4.421290
24.386694
-8.496054
-7.703120
-2.612837
12.016782
5.012726
-5.253006
15.883419
7.934643
5.348386
-2.280439
4.951848
11.877895
-9.610840
-16.198057
-6.864558
2.829303
0.228810
8.375085
21.185953
-14.703176
14.766259
-13.121073
-17.771437
8.191910
-17.482752
11.493083
-2.337600
-6.141548
-6.383088
11.218384
17.294502
1.309339
7.809288
-10.868379
20.027861
29.171938
2.403190
-2.213535
-23.245020
4.178421
27.629135
-10.852722
-1.992859
1.336183
1.203282
6.338047
-0.991914
-3.908868
-3.134482
24.111664
-17.904970
20.978443
10.937138
0.377585
-14.461162
-6.978260
29.800957
-7.042577
11.375873
-3.098717
22.680285
-5.438301
-10.209047
-3.788543
10.954921
-4.604222
-18.916473
1.804335
15.834870
13.073036
13.660320
21.981585
8.575480
3.775191
-1.965770
-6.861197
-7.204366
-2.817168
2.506143
-13.554333
-2.025451
-8.880483
-0.959073
19.919092
20.213533
11.342770
7.555107
-1.641910
-2.671391
0.414459
8.951591
-1.673221
10.067483
3.230751
5.244086
8.167225
11.426970
-14.444467
8.464154
1.588043
-4.947855
-5.704585
13.408469
-4.745714
-3.195580
-22.572676
1.058358
-26.979521
25.173805
-16.676912
-12.196855
-8.148411
16.173555
-3.759896
0.032976
-1.752718
-7.003910
12.034776
15.561074
10.782832
13.255076
4.740155
-3.423964
-0.238092
-5.138793
-2.088897
-10.994515
-17.666521
26.599911
16.977819
-30.074879
18.765556
-5.251167
3.723996
-30.270348
-11.674453
11.625993
5.777603
8.378918
14.991473
0.803889
6.362225
16.294521
-17.923450
-1.974097
8.998831
-8.725438
-23.478613
11.933126
11.140738
-0.961925
-3.829586
19.638395
-5.520919
-2.239325
20.027422
-10.310981
15.384355
11.615098
18.050047
-5.686397
-8.534953
-14.356948
-13.306337
-10.288512
3.378635
10.770144
-1.154373
7.698707
-13.280725
-4.842028
3.425024
-9.470017
-22.871094
-4.564152
-4.236475
9.042736
-2.570251
-12.575409
3.819943
-8.263970
1.029087
17.611273
20.830376
-16.682528
32.020588
-11.597974
-5.495819
-18.597273
2.588891
-4.982368
-2.519410
4.296322
-2.145061
-6.493622
-11.962925
-2.313799
-2.891584
21.236948
-15.798224
2.045030
23.875233
-16.130360
-11.934668
4.881348
17.527727
-13.723413
-0.852470
0.334257
-12.996931
1.804203
9.395411
16.747328
-10.953937
0.258434
-8.559263
7.715020
14.624352
-8.183796
-15.509020
-7.161855
8.734311
1.565333
-9.809712
5.688198
-7.350409
32.484329
-6.026599
-0.745838
5.086844
25.976400
8.636499
-11.580010
5.547969
-14.376806
-0.402810
-8.790170
6.021905
-12.733806
-13.573246
11.681230
12.827880
-9.317353
11.931174
7.604180
-17.635466
3.295422
8.415083
8.650771
12.225085
-0.908726
-10.292560
-4.870949
-1.979294
8.175726
5.381864
0.766347
24.896864
5.297792
-7.825247
26.944389
8.294460
2.356810
17.109291
-6.245845
1.587640
12.820578
9.154437
30.481121
13.348448
5.663305
-3.687037
7.722091
-0.829962
-10.126058
-7.288003
4.342046
13.720763
-9.552287
22.125582
6.111488
-7.436412
14.445837
-0.491043
15.455396
13.348096
1.812532
-20.451460
-7.097800
7.744009
20.415918
-8.428835
-1.587074
7.172652
7.996993
-2.342629
6.016985
-6.507230
9.038608
21.250763
-22.142334
29.820148
14.469724
9.502939
-3.540175
-6.227087
6.266874
-23.513746
-3.511645
6.691921
15.708838
-8.525339
1.632721
1.672770
-7.930924
20.831411
-12.102534
17.474174
23.116081
5.034601
7.617841
-23.502571
21.366646
-11.993828
-33.046795
-20.264427
27.339634
-0.553659
-1.309685
5.663945
-4.910361
16.619045
-19.379511
1.440477
10.787704
8.651203
15.214551
-0.548024
27.544283
16.064409
-18.581448
-2.291588
25.256063
5.777725
-14.160944
8.180477
-9.038194
-34.375957
6.445093
30.250971
6.943908
21.492887
31.569191
-3.293307
9.444313
-2.929749
-0.153996
-5.376932
-5.586539
-11.471649
5.103879
29.638924
-1.353436
-19.524681
33.755627
7.823963
-4.185468
14.351796
-3.093065
6.147074
-7.817339
7.840213
20.397173
-4.173089
-10.712653
7.457227
2.506095
-8.586601
-15.744466
10.420335
11.893064
-2.169254
12.619744
9.344862
22.302687
-0.614789
-0.640374
-10.351381
13.566135
19.057085
10.658321
12.721263
11.218905
6.503038
3.165679
-17.140099
14.228030
2.162074
6.896830
-12.164515
3.900823
-2.372419
-16.642328
18.215164
0.194758
-17.561480
4.321130
-0.151095
20.285151
-13.975240
18.209486
-9.798304
-3.572647
19.852596
-2.581327
-4.958759
-0.835582
17.798758
-3.707783
17.970903
10.177221
-1.530533
8.692222
-1.187639
10.071491
-13.661990
8.191219
-9.585994
7.225678
14.190477
12.224194
-17.895681
13.986019
20.435663
-12.014688
-7.927578
12.536188
-8.640601
-1.614297
0.161514
25.388926
6.191637
-5.587662
-14.938871
14.259267
5.509070
-13.624901
8.715367
9.418378
17.943796
8.060093
9.899653
-7.299934
-3.651202
-10.290716
8.490907
-28.459936
2.416398
5.846078
-3.141786
-5.441183
-13.865513
11.920256
33.151539
19.800234
7.373327
-22.058828
3.874000
-13.005877
10.799073
12.212118
-31.668941
-17.054945
8.862282
-3.316072
9.216578
-7.741123
36.294716
-1.151786
17.539679
-3.521353
8.924406
17.631733
-5.162450
18.101313
-11.637551
3.789031
15.004137
11.320872
9.416244
-15.466130
14.935912
19.830650
2.720965
1.865978
4.718699
14.509141
-2.972775
0.746373
17.847231
12.601076
-6.941096
15.009944
-26.195152
1.956771
5.048787
-15.034596
-11.026571
-16.746260
3.215169
-20.377365
27.440809
25.059761
7.668414
-0.204322
-15.711217
-16.339565
-3.310263
4.957258
-2.141572
9.418703
-5.390059
0.155905
9.727418
-2.674162
11.650011
-10.242974
-11.810710
-5.485455
10.445712
-6.957280
16.310738
11.434530
1.252240
10.516746
-14.154635
0.776173
-13.476356
15.429585
19.492336
-8.272769
11.850659
12.862962
10.692136
-1.604256
12.540081
4.556196
-2.903653
-8.761416
5.151018
-15.875280
-0.532409
-5.587344
-9.242702
10.006529
-7.878635
26.222670
2.303698
-3.761051
10.932973
8.833585
4.817310
-0.301212
3.709183
-0.839434
-9.338003
4.069239
17.655447
-10.768786
2.842580
17.642689
-10.471250
-19.042082
12.177503
18.564703
19.226568
20.310677
10.046882
-10.040850
11.676539
7.514499
-27.135618
-13.686792
7.373265
5.508167
15.907238
6.408140
1.140373
-18.393694
-0.028647
-6.271636
21.455610
10.782660
-17.703142
0.691749
-27.132540
-8.241524
26.766556
18.194654
4.890477
-4.512492
6.188730
5.852571
41.272099
4.130419
13.177282
2.774511
-13.290398
14.718735
8.466689
15.179354
-0.955157
-4.238047
-10.870486
4.658908
-8.925114
-1.386642
19.562023
15.369791
-12.346302
-22.858334
0.409414
15.472039
16.163383
-13.767538
-6.318436
-5.088562
-4.710919
30.942299
6.317800
4.221564
-14.401545
9.376463
7.244293
19.931269
-0.463416
-2.029546
4.593024
1.773459
-11.543525
13.796451
7.756784
3.169398
20.009974
-10.519406
10.451939
9.103765
-5.006290
-14.272496
13.599533
-6.270266
5.213410
-14.122204
-9.038943
17.721056
13.602064
-1.435234
10.031563
-11.149090
6.199345
-8.361243
-7.150757
-15.732115
13.360150
-9.405058
8.346823
1.295055
-4.439723
11.146790
-17.849335
3.322056
-16.544474
10.099099
7.318517
24.356895
1.375056
4.872721
-18.012125
29.100924
-5.167880
4.538344
-8.063913
8.056667
15.997837
7.172182
-10.209850
-4.454568
-6.835175
-5.914237
-25.145702
13.080568
3.427965
-0.694071
-15.546265
8.298638
-7.192594
4.939054
7.166947
13.420347
-14.712918
9.714943
8.116229
-4.334418
7.456544
18.557461
-0.365923
-12.657581
4.623958
-0.245370
6.906242
15.345735
5.500617
15.088045
-2.558393
-9.238924
1.654158
20.441626
9.976961
1.306706
12.559166
15.438816
13.028795
3.083756
0.957312
9.359405
-2.783746
16.886084
8.912728
13.912753
20.766514
-1.915871
11.110952
23.264080
-6.023671
-10.928125
-2.087491
-10.801046
15.662053
17.254904
-5.529356
-3.564717
0.664540
5.822371
3.098951
-1.925055
-5.505191
8.292828
18.297680
-2.088368
-7.870166
-15.541090
-12.540279
5.663723
-0.464920
9.738532
-3.500291
5.428698
5.562473
-2.760496
20.572786
-11.001954
13.819374
2.773060
5.168944
4.852810
-0.449227
14.025565
-2.260900
4.601521
3.880744
14.850578
7.063441
-30.859325
6.886723
7.460135
-6.072534
-14.345116
-17.351191
-30.545151
6.359376
3.186345
-2.516047
-3.667816
-9.759859
-22.742685
-2.175475
-15.554032
-0.555336
12.238027
26.281618
-4.737677
2.065080
-9.291415
10.814074
10.830805
1.702431
8.407722
22.193352
0.262327
9.552261
22.700417
4.180877
15.191484
-22.352732
22.823107
-28.861961
10.204996
16.134905
-7.419319
4.382199
12.964649
-4.851334
1.888028
13.639246
21.365204
-10.004270
9.746346
0.939209
0.360544
9.506480
-15.699252
20.926651
-2.148866
-11.981493
-0.994517
4.444297
4.109468
-9.906954
-7.000805
-7.085951
-8.256744
3.265563
3.854654
-4.671416
3.559482
25.759388
4.557146
23.037651
1.102684
6.401530
3.211205
-13.354450
3.623144
6.067904
-7.401230
14.251385
35.057724
9.269468
-6.628621
-1.018473
-16.526026
17.505388
-6.052718
25.551252
-2.853571
-22.401712
11.500905
-6.928343
6.844463
27.248682
13.708037
5.675088
-0.433379
8.074861
5.693997
0.391141
-8.446316
6.988311
-1.038409
-11.114599
0.504718
2.918377
7.990366
33.704475
17.276196
13.875359
-12.013261
-21.690315
-17.119253
29.484978
-6.735567
7.440361
7.089684
15.011955
22.472870
-4.979553
31.491394
-14.667343
10.918403
-7.034688
-0.501481
-10.634421
1.817031
12.594296
-6.696790
-7.752332
-2.566686
-5.629922
-29.490467
13.763615
-0.460109
9.140740
10.156252
2.121295
4.391054
5.871822
-8.119280
14.908625
21.210346
-5.960340
-14.435521
5.844815
18.010267
10.638549
1.070430
3.328837
12.334313
-0.965888
-1.057318
15.909468
20.269222
13.815588
4.002817
16.389225
-28.472549
-3.790499
-13.790782
-0.571621
-3.417063
1.636638
21.203293
1.481926
-4.440000
7.504579
6.526196
-10.253488
13.337964
-0.205147
-19.322298
11.181223
-6.704715
15.753158
-16.398762
5.116012
4.969471
1.314712
6.759462
3.726408
13.447607
-3.199668
-4.741744
1.590098
10.139725
14.093332
6.615433
0.431627
22.671520
-0.603166
9.949873
-3.243262
13.332568
17.187717
3.285885
12.072557
8.428596
3.365173
13.692520
-2.260936
12.760980
-2.580370
-18.318014
-10.652482
-5.009671
-4.790300
-3.158655
32.310818
-6.097007
-5.830143
11.742827
2.355042
16.680140
9.714812
16.899260
2.042182
12.770400
11.142597
3.802682
2.731784
-13.169076
24.702517
-15.052305
-6.557230
4.531550
14.695195
10.548177
-5.431839
-16.053812
16.374224
-2.235969
-7.166893
18.003115
-6.771947
-27.293274
11.381680
14.759109
5.270913
3.931171
10.901085
15.857779
2.956206
16.029448
5.757308
7.994806
3.703397
0.725253
0.872613
0.254571
5.661949
-6.527371
5.798298
11.949420
21.769133
15.596476
11.785149
1.016259
-17.150208
14.685118
16.361118
-1.976533
2.696126
-3.731616
26.477324
-0.825064
9.347897
17.332737
-5.643861
32.074326
5.326528
3.319779
13.750595
-7.171447
22.362131
11.261292
10.034952
17.523027
5.503665
4.602551
11.397431
3.255435
-11.059716
8.839613
8.668744
23.769798
-26.603333
-20.142170
-3.247860
-22.199215
11.125558
6.373695
0.690107
11.132183
-13.409393
-19.507746
15.523822
-4.565040
-1.208177
22.387745
1.201980
24.555525
18.065094
18.279020
-2.741346
-21.412699
11.207147
8.640944
-4.754698
19.552111
15.091850
-14.506703
25.158905
20.489948
14.648647
-9.532695
-7.446548
19.199520
12.920465
-2.893164
-20.348888
-7.008612
4.689952
15.438167
19.746130
25.645363
10.941523
18.900505
17.967785
-21.693844
-5.111656
0.588118
1.154504
-27.297365
27.714310
6.824756
8.790886
-6.155181
-2.064341
3.504285
5.401935
-10.855329
-1.816272
8.368814
9.260281
-19.918913
18.056028
0.685329
9.938640
-13.250271
10.477361
-7.260737
4.828171
-6.928593
13.633179
-5.363982
10.492884
2.634756
-12.606660
27.707874
25.634369
28.993597
6.498277
-20.053860
-6.947492
-8.862316
2.669640
0.440547
-11.197014
13.917182
19.128536
-10.425093
17.041210
-16.622492
2.226767
10.227206
-23.322668
-15.477903
-0.866297
9.543445
12.993625
14.155866
0.602757
21.814123
15.207441
4.144363
-1.986580
-30.516663
-2.211659
2.351629
29.933311
4.912301
13.388220
-3.215946
19.085541
-1.659893
12.564001
6.367541
9.594276
0.935819
24.999491
11.447383
-2.253408
9.698382
18.780193
4.546462
1.766461
0.958252
-4.212008
-1.887558
3.256725
25.078808
-8.083023
-23.403584
14.911834
27.308226
11.336632
0.237819
0.475614
-0.785407
4.635364
16.626532
4.718863
23.726542
20.143328
19.355585
8.287530
0.339043
27.954884
14.739053
-9.041911
23.063751
-3.805279
4.619636
4.664175
20.183651
12.266964
7.593011
19.767994
10.495453
-12.817520
13.931207
-3.917798
10.929090
33.124016
19.926779
3.438480
9.959109
21.274534
-12.484356
14.800907
16.519421
-11.032472
6.233652
-0.299606
13.561997
27.646196
-5.858160
15.090575
0.961279
-11.613920
-23.991125
2.016831
37.293430
-4.447398
5.456153
-5.769514
8.821184
-4.520463
18.943024
-11.737300
-0.892682
10.381250
4.747614
-16.830095
19.594965
11.616482
20.132460
-8.497279
12.300228
-14.759055
-6.714274
17.516611
8.918783
11.553510
-6.577590
4.677691
-6.721801
5.076166
11.686100
0.557580
-29.792336
-11.444826
-6.221748
14.404981
-10.073747
9.903970
16.228552
6.093502
20.305294
-3.708543
-2.813579
3.552817
-0.205338
11.836172
9.518623
15.805626
-14.033226
-0.472988
-1.571150
7.227030
19.422136
2.494959
-11.964150
-18.200972
-9.490564
20.397491
-7.407612
-0.701454
-7.178818
7.147118
0.692608
-2.909849
-7.268277
18.071892
-2.231972
8.965676
2.157079
4.415506
-3.393626
-15.000928
4.129327
1.336590
-15.682019
6.720846
-7.742563
11.757814
19.887619
15.986832
31.179214
-9.182343
0.740805
9.329885
-6.715923
-6.381535
10.896941
5.570561
6.048501
35.604256
-3.430409
-4.116981
-9.075771
16.945593
-16.108456
2.333313
1.039412
2.757929
-23.942099
10.753300
-18.236649
22.413567
9.624974
13.136949
3.698905
5.355626
12.081932
-19.805565
33.148369
16.927387
4.449209
2.456906
-13.738311
1.273193
29.186045
-11.825666
-7.657568
16.308914
21.543196
5.767745
13.423882
3.125058
2.933394
-8.380939
5.892984
23.047258
1.295253
24.884573
9.034386
-0.461267
30.703148
-6.794384
15.800165
-8.286498
-10.616061
23.924292
-3.757192
20.358553
5.552614
-7.518037
10.691482
-2.543079
4.119648
6.932724
4.386355
7.451881
19.942652
12.136752
-4.525577
-10.740068
-2.556103
-7.615189
-13.566881
-25.052578
-11.182594
23.251612
14.690086
9.004416
-6.534019
0.346155
-10.675920
-1.941447
-1.519481
16.889500
24.068466
18.939270
16.665359
15.067132
-27.172588
-0.890784
33.558228
13.795954
12.443822
11.283304
26.584564
-0.727474
25.772152
-1.413837
6.860881
29.295414
8.420768
-11.207982
18.220551
0.069537
3.384553
-2.399046
50.264935
-23.572575
-17.550873
18.604376
12.884998
-15.137328
-9.339697
-3.637206
1.416881
13.537370
1.217958
31.482918
15.131489
5.868584
-10.770863
-1.666721
12.010437
-2.899729
-11.476779
0.463842
7.617352
-10.979389
16.092855
6.605292
-9.186913
0.525368
3.146751
11.183453
-15.981861
9.440305
1.543658
-28.995428
-10.487414
22.350838
-2.913688
1.339360
3.564830
-13.783405
10.364388
24.321924
-23.689312
11.642507
7.463689
-1.987880
1.788405
-2.039967
6.172545
5.879816
-13.035833
16.500700
3.587626
17.741056
-22.069269
10.754949
-4.925672
14.455724
2.120391
17.579742
19.858957
8.262055
6.201405
17.053572
-13.875172
-15.268989
16.564119
-10.346907
-0.019768
-3.729472
-3.400455
-11.814586
-17.936222
-21.082228
-17.968092
1.273175
-12.800496
-3.871180
15.768005
-0.288654
-5.933990
-4.390698
-3.875710
11.896923
5.556093
-1.208780
6.421235
1.768175
2.911892
6.648552
10.493551
5.621205
-3.174777
-8.654287
20.419090
-8.177997
0.568508
11.828327
18.218857
-1.950860
6.583789
28.760660
5.579590
6.610914
-6.802486
-23.500469
-5.739897
4.619769
-19.036243
-4.619459
-4.614638
3.225238
7.406088
-6.074095
-1.675694
-16.828148
19.902853
0.775053
29.461824
25.088999
-14.040824
-3.214743
-6.711548
-2.703578
0.676985
7.019166
8.753498
5.580303
11.164086
5.155453
10.103735
1.495184
-1.094087
6.449357
0.885000
8.893190
11.175869
3.112260
23.691422
-2.771624
-24.871050
11.537576
15.544384
-8.579316
24.039103
9.814373
27.889467
-4.974928
21.284145
15.970618
-6.193631
12.536546
-9.386996
1.653999
3.280297
-12.710174
1.506256
36.401608
-20.402330
14.666986
22.192312
3.928964
3.119780
13.309749
24.613228
-4.592158
-6.913358
16.804287
-5.549386
-17.480690
4.019234
-12.452911
0.191344
20.788254
24.350204
6.876674
-6.876060
12.193395
-0.233548
-4.865295
-17.554840
-0.011132
-0.587244
17.633753
15.196207
-10.279782
8.132569
10.012799
17.252829
5.483221
16.419062
-20.209131
0.754584
-18.071930
2.809969
4.000129
10.223060
23.064747
26.274090
9.363807
6.964024
-1.796671
-6.399839
4.712249
2.443661
3.827459
12.700777
11.979636
9.383830
-16.913048
-4.418936
-9.407687
10.825323
18.699200
-9.213027
23.096712
40.093922
22.363064
7.541324
3.808059
20.735960
4.091631
-24.578819
2.063380
-21.460215
4.530462
-7.847649
12.329208
-13.566065
-1.586816
1.343392
-0.025555
19.807608
-5.941068
7.691806
-7.413939
13.556091
-10.146653
11.192453
20.112082
9.152415
0.374424
-4.108336
-5.360515
-1.304822
-13.315169
6.777828
-6.263539
-18.538670
-0.018767
26.115463
11.861111
7.313942
-8.918966
-12.883334
-17.309059
26.540497
-8.452455
-1.756726
-14.095424
6.420646
-0.296784
-1.762637
5.145934
-5.040633
8.280700
0.883067
2.519205
-5.112631
19.403698
-2.613838
19.753363
-7.874845
8.322733
-5.551607
-0.452836
-20.632761
49.853603
-2.026661
-1.622912
28.987156
17.980947
-2.193902
-2.956934
-15.595279
-13.464782
25.449900
-8.386668
-17.388411
8.242849
-6.667840
7.267793
10.874725
-5.652501
-3.692209
21.728981
5.953783
-8.997883
2.449568
8.017714
9.965839
18.163403
-17.853659
-8.057985
14.263641
-1.407489
8.186225
15.971646
4.475418
1.633259
10.326494
4.550317
12.061378
1.833482
-2.196516
-9.961875
28.713737
9.784179
-2.078308
12.208372
-36.293194
5.812483
11.925949
-15.667248
13.444059
10.834820
-1.334870
20.945293
4.797123
14.632972
10.100157
27.106848
37.414928
9.448122
3.136669
19.618727
9.371181
-6.121189
7.452921
5.708547
23.694778
-3.754183
-13.956350
14.014141
12.297881
-0.258960
6.042965
13.866312
-2.386980
2.887111
27.411242
10.359722
28.313562
-1.015858
-8.014069
9.746620
-10.842360
-2.045982
8.828632
4.788716
16.101305
1.812407
7.198918
-11.280161
12.087603
7.252228
12.436485
12.683308
10.376302
26.842236
8.355535
30.304235
15.914266
9.796619
1.490306
-2.080916
11.919136
14.453276
6.527474
26.858124
-5.242656
-14.600957
-14.718669
9.893277
14.072398
18.208935
13.108820
7.684393
-19.872063
-15.766764
-2.682165
8.798340
7.038681
16.883469
-6.452934
-15.646399
0.378873
10.366013
-12.679049
10.042760
-2.847442
12.082438
14.880429
-1.682593
1.515133
16.855209
-10.566695
9.900817
5.480224
14.650682
-9.977143
11.581532
12.437341
-7.277424
-5.026271
-4.797987
-20.019564
9.229027
-4.340733
8.470650
-5.792025
19.605093
3.946793
-3.409317
7.287150
-11.288476
1.643679
36.778004
13.752970
10.741997
5.419079
-4.115021
-0.766922
15.465756
-4.379226
-7.329060
-1.543421
20.883247
33.114971
-9.545142
-7.531878
-25.402824
2.597151
10.538025
13.085608
5.872366
17.692169
-5.916996
6.478800
21.842739
6.863591
10.059581
2.692748
-7.084539
-8.304424
-9.735221
0.813892
4.730630
-16.491308
8.812229
-11.567627
17.195780
7.453571
-9.162012
-27.147747
13.751840
-7.286899
3.357187
20.306395
9.545050
-6.636912
-6.664354
17.664030
-24.222155
10.950858
5.370260
-14.069191
-9.000096
13.508924
-15.311426
-0.556325
11.920400
-3.679343
23.916744
-11.984879
-11.938204
18.091778
1.628370
15.928826
-18.411106
-17.918655
12.546102
-17.956476
12.387355
7.910055
-3.853871
0.313790
-1.496307
8.072211
-10.090367
20.602831
12.522759
17.364449
-6.563959
-11.604336
-12.075293
5.833463
-3.829058
6.380892
16.890545
14.477724
14.804391
-4.139846
-8.279626
12.467868
9.789701
21.050138
-0.686219
10.466831
-11.211367
11.449563
26.830400
3.806128
8.204433
14.340759
18.225113
-22.518232
12.993953
14.329430
17.071136
11.406527
3.139925
35.208893
12.463738
10.184439
1.886004
-6.347773
-11.460175
11.299438
-6.886693
-12.798618
19.978924
-20.313078
15.157851
-8.992632
-8.836452
9.918732
17.167383
1.182168
-2.947206
23.265991
-14.546802
-2.048396
3.385225
19.159506
19.908787
10.740903
-0.420279
13.865954
-0.300847
-9.846668
-5.340627
9.568863
-7.157051
26.091988
2.490530
12.458098
4.570689
3.205966
11.257007
-0.725184
2.429278
6.512106
-13.241934
-4.324442
-6.452217
-7.661863
-2.989062
-22.937538
-0.201030
19.394911
-4.747638
-2.659298
-3.369481
29.036276
3.360028
-15.705817
-0.568526
27.539507
-12.060957
3.177648
-17.059662
4.013444
5.735096
2.441249
3.736514
-13.429317
20.099401
5.917705
-19.172024
11.947113
-10.709171
-2.397766
24.817221
-0.910279
22.837076
-16.636158
-11.638785
-9.364109
-0.435077
11.684268
-4.303235
-20.154909
-2.174175
6.118563
-3.091476
-2.586349
7.893178
6.530248
-5.684000
-11.643420
-10.907264
-8.633576
5.090139
7.598730
5.158617
4.539459
11.623084
19.435284
-12.103719
29.256683
1.707325
-5.405325
23.531105
-3.721506
-25.589346
25.003107
-13.938475
5.217038
13.807099
12.909163
-5.042377
-6.004151
6.156648
-4.194829
-5.070204
41.767902
2.437340
-1.190777
8.759686
-12.846051
0.472996
-13.913135
10.528547
6.379213
0.166450
1.513602
-12.621703
-9.411370
4.896178
-7.640949
-6.438113
-9.708880
-14.994242
-2.210764
4.235529
14.439273
9.914297
11.027968
20.742222
1.119725
-1.945277
14.896937
-5.183143
-21.827021
11.099123
10.445469
-20.689203
4.744667
32.131889
-2.870076
15.377798
8.387657
5.747724
12.164577
4.658752
3.453624
2.929492
13.813470
13.766912
10.181343
-13.580256
-12.959542
-2.496057
8.612783
-14.006632
-6.104927
6.852174
15.856112
18.342813
22.535463
33.202728
25.976715
10.549017
6.205132
-1.250514
3.469925
15.478762
2.484118
-13.327188
4.497910
-4.288248
-6.643767
-1.585949
-18.606932
-7.451572
-7.219242
28.026775
-2.079434
11.034812
-14.843018
-14.787771
5.287185
5.127897
-11.307153
-9.852412
-0.579510
12.986973
8.831554
2.906668
15.213271
7.931680
4.237329
-19.889631
-6.808130
4.980150
-1.032350
-4.699093
13.525375
-1.486615
21.981262
5.145792
3.565699
-17.241066
9.352758
-0.210061
0.810987
15.520855
11.979381
-13.546091
5.822614
-14.538445
16.137335
-2.857372
-2.545107
20.468533
0.334068
8.048381
3.192686
22.860567
20.467091
-1.811596
-12.088557
-4.332389
17.458897
23.690247
12.958930
-0.173062
1.220560
2.252697
-4.634814
22.045181
14.311996
-19.243925
7.244141
-7.096988
-7.500508
2.149173
28.690353
-7.052821
12.714163
-0.929687
0.221464
28.948898
23.030586
7.906209
12.977364
-2.158626
-0.197292
1.858258
5.877090
-6.640291
12.831499
-7.227351
13.528911
2.991685
24.521955
2.868444
10.782282
14.020379
2.329253
-3.189868
7.323756
7.697467
6.950118
14.854980
-6.325056
2.556619
-2.336354
-2.934772
19.427282
-5.448802
-3.368190
3.492339
11.264684
-0.021031
-2.045791
11.267382
-7.838346
-5.732458
6.186510
6.976730
0.811182
11.407888
-12.637561
-6.076402
21.837511
7.950680
7.666145
-24.275789
18.672615
24.851376
7.134794
18.285002
11.237710
-11.738747
-5.459229
-2.314038
20.485863
-7.647111
3.837304
37.057266
-10.580390
-6.631589
-7.218822
18.680298
-4.065443
-5.080796
-13.696016
5.247396
12.931019
4.297532
25.145609
-2.048047
4.502605
-6.840441
20.911715
-15.714190
-3.717688
2.384931
0.261468
-13.069724
-5.467134
-12.007812
0.061832
-9.745431
-1.730792
6.086384
-5.981885
21.056772
-4.007624
5.505424
-5.870921
3.158146
-1.466329
-1.778649
12.970391
6.894753
7.482252
-14.274838
9.325922
-1.104912
9.950938
-10.861651
-16.578863
15.298661
0.669050
-11.598494
0.606378
4.445422
-10.173674
10.400827
-12.482824
3.448157
12.723801
10.485987
-5.402818
4.712769
0.313181
29.945120
0.405275
-8.199074
-1.242351
-5.812867
8.793922
23.024118
-8.026614
11.289609
6.310120
-9.457478
7.389820
-6.103160
5.190215
16.244772
9.817817
9.641842
2.960381
15.971485
6.712984
9.772997
13.890158
0.213508
5.038867
-8.936856
0.841485
0.836119
-11.360663
2.858826
3.508661
-3.997982
-3.161130
-4.259247
-12.517380
16.585148
-20.206432
1.027414
0.097655
2.064525
23.399000
8.753690
17.125515
13.299819
3.347518
40.249947
-5.593889
-1.391531
-15.658462
-6.077186
-14.613533
5.280409
1.079563
2.751148
-17.075687
5.974105
4.156937
5.883574
20.436771
11.324679
12.100549
-17.190296
36.104229
9.666621
7.193140
4.905497
19.536627
-7.951894
18.322515
4.893083
4.528435
1.368916
1.803537
17.499851
12.822717
-3.050579
18.117355
7.416905
4.303638
22.863846
-0.139061
4.176745
-8.467405
2.128862
6.708313
-0.086583
21.624687
8.870055
31.533035
15.110127
-1.318315
25.884584
1.102134
18.748583
4.664173
-0.704557
19.499882
-5.319592
-6.293644
2.969810
-7.396926
9.083259
-12.795918
1.618699
-15.917947
12.065623
6.452358
-0.670115
-8.605049
3.437591
16.675558
18.069733
9.307335
-16.106865
5.792517
1.424413
-11.215435
-18.912281
7.024730
3.429549
-7.357224
8.498310
7.813582
