5694.492188 1 0 0 0.41 0.27 0.32
5026.133301 1 1 0 0.41 0.26 0.33
5709.127441 1 2 0 0.42 0.29 0.29
4661.740234 1 3 0 0.42 0.26 0.32
6337.218750 1 4 0 0.41 0.28 0.31
4919.491211 1 5 0 0.42 0.29 0.28
5468.025879 1 6 0 0.43 0.27 0.30
5727.934082 1 7 0 0.42 0.29 0.30
7608.549316 1 8 0 0.44 0.27 0.28
4920.122070 1 9 0 0.39 0.25 0.36
6976.671875 1 10 0 0.42 0.23 0.34
7064.305664 1 11 0 0.44 0.28 0.29
5628.289062 1 12 0 0.41 0.22 0.37
7596.955078 1 13 0 0.42 0.28 0.30
4358.603516 1 14 0 0.44 0.27 0.29
4483.513184 1 15 0 0.40 0.26 0.34
5506.275391 1 16 0 0.43 0.22 0.35
6139.108887 1 17 0 0.40 0.24 0.36
6609.918945 1 18 0 0.39 0.34 0.27
6312.850586 1 19 0 0.41 0.29 0.29
5701.486328 1 20 0 0.45 0.22 0.33
7030.488770 1 21 0 0.42 0.29 0.29
5720.698730 1 22 0 0.43 0.26 0.31
6103.733887 1 23 0 0.41 0.23 0.36
6285.453613 1 24 0 0.41 0.25 0.33
5783.304688 1 25 0 0.43 0.26 0.31
6016.407715 1 26 0 0.39 0.27 0.34
5197.580566 1 27 0 0.41 0.23 0.36
5077.306152 1 28 0 0.42 0.23 0.35
6409.525391 1 29 0 0.44 0.26 0.30
8613.404297 1 30 0 0.39 0.27 0.34
5271.896973 1 31 0 0.37 0.34 0.29
5634.983887 1 32 0 0.37 0.36 0.28
7437.259766 1 33 0 0.40 0.26 0.34
7529.045410 1 34 0 0.40 0.31 0.29
6084.904785 1 35 0 0.42 0.29 0.29
5409.546387 1 36 0 0.40 0.27 0.33
6035.617188 1 37 0 0.44 0.25 0.31
6530.939941 1 38 0 0.38 0.31 0.31
7410.804199 1 39 0 0.40 0.27 0.33
6120.682129 1 40 0 0.37 0.38 0.25
7547.041016 1 41 0 0.41 0.34 0.25
6803.561035 1 42 0 0.42 0.23 0.35
8350.792969 1 43 0 0.41 0.30 0.29
5665.683105 1 44 0 0.44 0.20 0.36
5609.905273 1 45 0 0.41 0.25 0.34
6895.261719 1 46 0 0.43 0.28 0.29
5795.806641 1 47 0 0.45 0.26 0.29
7321.937012 1 48 0 0.40 0.29 0.31
4867.229980 1 49 0 0.43 0.27 0.30
6681.366211 1 50 0 0.42 0.27 0.31
5131.833008 1 51 0 0.41 0.28 0.31
5931.584961 1 52 0 0.40 0.28 0.32
6832.784668 1 53 0 0.42 0.28 0.30
4269.241211 1 54 0 0.42 0.32 0.26
7268.508301 1 55 0 0.38 0.38 0.24
5420.138184 1 56 0 0.40 0.31 0.29
5979.669922 1 57 0 0.42 0.27 0.30
5274.983398 1 58 0 0.43 0.34 0.23
7145.219238 1 59 0 0.41 0.32 0.27
5988.171875 1 60 0 0.40 0.27 0.33
5227.131348 1 61 0 0.40 0.27 0.32
4999.349609 1 62 0 0.43 0.17 0.40
6382.433594 1 63 0 0.44 0.21 0.35
7330.189941 1 64 0 0.44 0.23 0.33
5183.771973 1 65 0 0.37 0.30 0.33
7047.089355 1 66 0 0.39 0.33 0.27
6655.618164 1 67 0 0.38 0.31 0.31
7472.859375 1 68 0 0.42 0.28 0.30
6025.186523 1 69 0 0.38 0.29 0.32
5554.018555 1 70 0 0.39 0.21 0.39
7189.376465 1 71 0 0.44 0.26 0.30
4600.330078 1 72 0 0.42 0.25 0.34
4576.105957 1 73 0 0.41 0.26 0.34
5656.016113 1 74 0 0.43 0.26 0.32
5772.144531 1 75 0 0.41 0.24 0.35
6252.221680 1 76 0 0.41 0.35 0.25
6009.479492 1 77 0 0.38 0.29 0.33
4868.917969 1 78 0 0.41 0.27 0.32
5396.905273 1 79 0 0.42 0.24 0.34
6613.701172 1 80 0 0.43 0.27 0.30
7349.257324 1 81 0 0.39 0.28 0.33
5414.031250 1 82 0 0.38 0.24 0.38
4920.348145 1 83 0 0.41 0.24 0.35
6337.553223 1 84 0 0.41 0.24 0.35
5122.667969 1 85 0 0.41 0.22 0.36
7254.282715 1 86 0 0.41 0.37 0.23
5207.037109 1 87 0 0.39 0.21 0.39
6736.491699 1 88 0 0.43 0.25 0.32
4848.262695 1 89 0 0.39 0.27 0.34
6649.656250 1 90 0 0.44 0.24 0.33
7213.132324 1 91 0 0.44 0.23 0.33
6795.139648 1 92 0 0.39 0.31 0.30
8278.817383 1 93 0 0.42 0.29 0.29
6647.404785 1 94 0 0.38 0.31 0.31
6051.712891 1 95 0 0.41 0.18 0.41
6589.064941 1 96 0 0.38 0.29 0.33
5456.143066 1 97 0 0.41 0.26 0.33
5544.186035 1 98 0 0.44 0.32 0.25
4112.765625 1 99 0 0.40 0.27 0.33
