4104.899902 0 2 96 0.35 0.33 0.33
3282.769775 0 3 96 0.36 0.31 0.33
3263.559570 1 5 96 0.37 0.30 0.33
3126.569580 1 5 96 0.37 0.30 0.33
3291.958496 0 5 96 0.37 0.30 0.33
2730.262939 4 5 96 0.37 0.30 0.33
3255.813477 1 6 96 0.37 0.30 0.33
3370.859619 0 9 96 0.36 0.30 0.33
3296.124512 0 10 96 0.37 0.29 0.33
3035.574219 1 11 96 0.37 0.30 0.33
3202.688477 1 11 96 0.37 0.30 0.33
2996.126465 2 12 96 0.37 0.30 0.33
3272.260254 1 14 96 0.37 0.31 0.33
3446.128418 0 17 96 0.36 0.31 0.33
3026.736816 1 20 96 0.37 0.30 0.33
3356.855225 0 21 96 0.37 0.30 0.33
3302.792480 0 22 96 0.36 0.30 0.33
3275.380615 1 23 96 0.37 0.30 0.33
3586.343750 0 24 96 0.37 0.30 0.33
4054.104980 0 26 96 0.37 0.30 0.33
3160.082275 1 27 96 0.36 0.30 0.33
3142.170410 1 27 96 0.37 0.30 0.33
3154.219971 1 28 96 0.37 0.30 0.33
3127.281250 1 28 96 0.38 0.30 0.33
3544.474854 1 29 96 0.37 0.30 0.33
3716.980713 0 30 96 0.36 0.31 0.33
3113.582520 1 31 96 0.37 0.30 0.33
3188.128174 2 32 96 0.37 0.29 0.33
2896.942139 2 32 96 0.37 0.30 0.33
3223.641357 1 33 96 0.37 0.29 0.34
3082.507568 1 33 96 0.37 0.29 0.34
3266.274658 1 34 96 0.37 0.29 0.34
2927.453857 2 35 96 0.37 0.30 0.33
3043.054932 2 36 96 0.37 0.29 0.34
3106.441406 1 37 96 0.37 0.29 0.33
3190.843994 1 37 96 0.37 0.29 0.34
3142.513428 1 38 96 0.37 0.30 0.33
2985.218506 2 38 96 0.38 0.30 0.33
2805.796143 3 38 96 0.38 0.30 0.33
2912.635498 2 39 96 0.38 0.30 0.33
3021.065918 1 39 96 0.37 0.30 0.33
3571.057861 0 40 96 0.37 0.31 0.33
3412.012207 0 43 96 0.37 0.30 0.33
3270.388184 1 44 96 0.37 0.30 0.33
3226.834717 1 45 96 0.37 0.30 0.33
3273.357666 1 50 96 0.37 0.30 0.33
3452.747803 0 54 96 0.37 0.30 0.33
3561.166016 0 55 96 0.37 0.30 0.33
3298.165039 0 77 96 0.36 0.31 0.33
3358.678955 0 77 96 0.37 0.30 0.33
3255.258545 1 78 96 0.37 0.30 0.33
3497.092529 0 79 96 0.37 0.30 0.33
4388.157715 0 82 96 0.36 0.31 0.33
4056.628174 0 82 96 0.36 0.31 0.33
3015.763916 1 82 96 0.37 0.30 0.33
3078.627930 1 82 96 0.37 0.30 0.33
3390.965576 0 82 96 0.37 0.30 0.33
3620.611572 0 82 96 0.37 0.30 0.33
3552.668945 0 82 96 0.37 0.30 0.33
3661.227295 0 82 96 0.37 0.30 0.33
3807.530518 0 82 96 0.37 0.30 0.33
3718.056152 0 82 96 0.37 0.30 0.33
4082.729980 0 82 96 0.38 0.30 0.33
3692.740234 0 82 96 0.37 0.30 0.33
3685.280518 0 83 96 0.37 0.30 0.33
3818.827393 0 83 96 0.37 0.30 0.33
3425.818359 0 83 96 0.37 0.30 0.33
3643.518311 0 83 96 0.37 0.31 0.33
3760.974121 0 83 96 0.37 0.30 0.33
3792.236328 0 83 96 0.38 0.30 0.32
3330.649658 0 84 96 0.36 0.31 0.33
3545.094727 0 84 96 0.37 0.30 0.33
3978.394775 0 84 96 0.36 0.31 0.33
4354.475586 0 85 96 0.36 0.31 0.33
4010.633545 0 85 96 0.36 0.31 0.33
3788.462646 0 85 96 0.37 0.30 0.32
3822.823730 0 85 96 0.37 0.31 0.32
2920.822754 2 85 96 0.37 0.30 0.33
3249.546387 1 85 96 0.37 0.30 0.33
3036.212646 1 87 96 0.37 0.30 0.33
3373.586182 0 87 96 0.36 0.32 0.33
3434.749268 0 88 96 0.37 0.30 0.33
2484.171875 12 88 96 0.38 0.28 0.34
2657.280518 6 89 96 0.40 0.28 0.32
2815.198975 3 89 96 0.39 0.28 0.32
2662.745850 6 91 96 0.37 0.30 0.33
4246.253418 0 92 96 0.38 0.30 0.32
2913.783203 2 92 96 0.39 0.28 0.33
2914.341064 2 92 96 0.39 0.28 0.32
2916.797607 2 92 96 0.39 0.28 0.34
4542.121582 0 92 96 0.37 0.30 0.34
3265.426514 1 92 96 0.39 0.29 0.32
2595.335938 8 92 96 0.38 0.30 0.32
3662.839355 0 92 96 0.39 0.28 0.32
3709.758789 0 96 96 0.40 0.28 0.32
3642.860352 0 96 96 0.40 0.28 0.32
2923.011963 2 97 96 0.40 0.29 0.31
2812.199219 3 97 96 0.39 0.30 0.31
3728.433105 0 97 96 0.38 0.31 0.31
3585.837646 1 99 96 0.38 0.30 0.32
