5230.292480 0 2 97 0.41 0.27 0.32
6251.977051 0 3 97 0.39 0.29 0.32
4972.119629 1 4 97 0.41 0.29 0.30
4142.778809 1 5 97 0.41 0.27 0.32
3952.712402 1 5 97 0.41 0.29 0.30
3639.937500 4 5 97 0.41 0.29 0.30
5178.607910 0 5 97 0.41 0.29 0.30
4173.075195 0 12 97 0.41 0.30 0.29
7111.257812 0 12 97 0.42 0.31 0.27
5971.075684 0 12 97 0.35 0.28 0.37
4542.511230 0 12 97 0.41 0.24 0.35
6207.286133 0 12 97 0.40 0.32 0.28
3445.444336 8 12 97 0.40 0.22 0.38
6422.736328 0 12 97 0.42 0.27 0.30
5777.061523 0 12 97 0.41 0.30 0.28
5940.282715 0 17 97 0.39 0.29 0.32
4686.415039 0 21 97 0.41 0.23 0.36
4130.426270 1 26 97 0.39 0.24 0.36
5416.512695 0 26 97 0.37 0.34 0.28
4905.156250 0 26 97 0.39 0.32 0.29
5145.481934 0 26 97 0.44 0.23 0.34
4131.867188 1 26 97 0.41 0.30 0.29
5534.939941 0 26 97 0.41 0.28 0.31
4469.946777 0 31 97 0.40 0.23 0.36
5462.540527 0 31 97 0.41 0.27 0.33
5742.604980 0 31 97 0.42 0.26 0.32
3532.387207 6 31 97 0.39 0.27 0.34
5769.935547 0 36 97 0.39 0.25 0.35
6574.129883 0 38 97 0.39 0.27 0.34
6549.327637 0 39 97 0.40 0.30 0.29
4677.908203 0 45 97 0.40 0.28 0.32
3641.008545 4 45 97 0.35 0.36 0.28
4634.229492 0 45 97 0.36 0.38 0.26
4255.267578 0 45 97 0.39 0.27 0.34
4664.490234 0 45 97 0.38 0.33 0.29
4386.782715 0 46 97 0.41 0.31 0.28
3973.400879 1 50 97 0.38 0.29 0.33
5609.820801 0 54 97 0.42 0.25 0.32
4069.775635 1 54 97 0.36 0.33 0.31
4800.883789 1 61 97 0.42 0.25 0.33
4911.334473 0 61 97 0.35 0.39 0.26
4288.045898 0 61 97 0.40 0.35 0.25
6109.334961 0 61 97 0.40 0.24 0.36
6811.060059 0 61 97 0.38 0.33 0.30
5334.277344 0 61 97 0.42 0.22 0.35
3554.165771 5 61 97 0.41 0.25 0.34
4094.741943 1 61 97 0.41 0.31 0.28
5556.866699 0 61 97 0.44 0.26 0.30
5134.104004 0 61 97 0.38 0.31 0.31
4173.799805 0 65 97 0.41 0.29 0.30
3961.900391 1 73 97 0.40 0.30 0.31
4878.085938 0 73 97 0.40 0.29 0.32
5008.396973 0 73 97 0.38 0.30 0.32
6035.027832 0 73 97 0.39 0.30 0.31
3868.208252 2 73 97 0.41 0.34 0.25
6226.651367 0 73 97 0.35 0.40 0.24
4746.106934 0 73 97 0.38 0.33 0.29
6025.349121 0 73 97 0.40 0.30 0.29
4597.292969 0 73 97 0.42 0.36 0.23
6066.895508 0 78 97 0.36 0.37 0.27
6892.621094 0 78 97 0.37 0.31 0.33
3400.038818 10 87 97 0.39 0.27 0.34
4841.845215 0 89 97 0.42 0.18 0.40
5805.369629 0 89 97 0.42 0.22 0.36
7125.870605 0 89 97 0.39 0.27 0.34
4386.207520 1 89 97 0.38 0.30 0.32
4764.391113 0 89 97 0.39 0.33 0.28
5201.947266 0 89 97 0.36 0.33 0.31
5568.520020 0 89 97 0.38 0.31 0.31
4207.128418 0 89 97 0.36 0.30 0.33
4507.015137 0 89 97 0.38 0.23 0.39
5435.356934 0 89 97 0.43 0.27 0.30
4225.265625 0 89 97 0.40 0.25 0.34
3438.251709 9 89 97 0.40 0.27 0.33
5962.229004 0 89 97 0.40 0.28 0.32
4217.969727 0 89 97 0.41 0.25 0.34
5549.858398 0 89 97 0.37 0.39 0.24
5088.746582 0 89 97 0.36 0.32 0.32
3753.542480 2 89 97 0.42 0.26 0.32
5601.398926 0 89 97 0.40 0.26 0.34
7099.296387 0 89 97 0.41 0.29 0.30
5689.125488 0 89 97 0.37 0.29 0.33
4973.290527 0 89 97 0.38 0.23 0.39
4667.364258 0 89 97 0.38 0.26 0.36
5217.319824 0 89 97 0.39 0.25 0.36
4661.869141 0 89 97 0.39 0.24 0.37
5953.624023 0 89 97 0.39 0.40 0.22
4035.803223 1 89 97 0.38 0.21 0.40
4477.154785 0 89 97 0.43 0.26 0.31
3068.897461 37 89 97 0.39 0.27 0.34
5575.625000 0 89 97 0.40 0.27 0.33
5943.480957 0 89 97 0.42 0.26 0.32
5584.739258 0 89 97 0.39 0.32 0.30
6995.399414 0 89 97 0.41 0.32 0.27
6547.801270 0 89 97 0.38 0.33 0.29
5547.181152 0 89 97 0.38 0.20 0.42
5133.500488 0 89 97 0.36 0.30 0.34
3904.294678 1 89 97 0.39 0.29 0.32
5742.437012 0 89 97 0.40 0.35 0.25
4156.655273 0 97 97 0.40 0.28 0.32
