4467.053711 0 52 100 0.36 0.31 0.33
3926.670410 0 52 100 0.36 0.31 0.33
4917.115234 0 52 100 0.35 0.31 0.33
4264.774414 0 52 100 0.36 0.32 0.33
4884.392090 0 53 100 0.35 0.32 0.33
4283.743164 0 53 100 0.35 0.32 0.33
4405.099609 0 54 100 0.35 0.31 0.33
5004.864258 0 54 100 0.35 0.32 0.33
4425.158203 0 54 100 0.35 0.32 0.33
3579.618652 0 54 100 0.36 0.31 0.33
3657.496826 0 54 100 0.35 0.32 0.33
3516.063721 0 55 100 0.36 0.31 0.33
3596.956055 0 55 100 0.36 0.32 0.33
5297.563477 0 55 100 0.34 0.32 0.33
5054.898438 0 55 100 0.34 0.32 0.34
5335.688965 0 55 100 0.34 0.32 0.34
5756.791992 0 55 100 0.34 0.33 0.33
5619.254395 0 55 100 0.34 0.32 0.33
4697.101074 0 56 100 0.34 0.32 0.34
4372.963379 0 56 100 0.35 0.32 0.33
4734.842285 0 56 100 0.35 0.32 0.33
4837.483398 0 56 100 0.35 0.32 0.34
4027.718750 0 57 100 0.35 0.32 0.33
4090.404053 0 57 100 0.34 0.32 0.34
4678.708008 0 57 100 0.35 0.32 0.34
4871.399414 0 57 100 0.35 0.31 0.34
4351.978027 0 57 100 0.35 0.31 0.34
5073.806152 0 58 100 0.35 0.32 0.33
5267.432129 0 58 100 0.35 0.32 0.33
4550.323730 0 58 100 0.35 0.31 0.34
4878.527832 0 58 100 0.35 0.32 0.34
3959.055420 0 58 100 0.36 0.31 0.33
3904.200928 0 58 100 0.35 0.31 0.34
4505.261230 0 59 100 0.35 0.32 0.33
3773.435791 0 59 100 0.36 0.31 0.33
4086.311035 0 59 100 0.35 0.32 0.33
4542.451172 0 59 100 0.35 0.32 0.33
4302.315430 0 59 100 0.35 0.32 0.33
4392.878906 0 59 100 0.35 0.32 0.33
3529.060059 0 59 100 0.36 0.32 0.33
3446.284424 0 59 100 0.36 0.32 0.33
4403.749512 0 60 100 0.35 0.32 0.33
4308.230957 0 60 100 0.36 0.30 0.34
4480.876953 0 60 100 0.34 0.32 0.34
3572.707520 0 60 100 0.36 0.32 0.33
4559.554199 0 60 100 0.35 0.31 0.33
4555.463867 0 60 100 0.35 0.31 0.33
5347.863281 0 60 100 0.35 0.32 0.33
5093.843262 0 61 100 0.36 0.31 0.33
4974.416992 0 61 100 0.36 0.31 0.33
4620.522949 0 61 100 0.36 0.31 0.33
4742.985840 0 61 100 0.35 0.32 0.33
2473.667480 4 62 100 0.38 0.28 0.33
2727.389893 2 62 100 0.38 0.29 0.33
2437.183838 5 62 100 0.38 0.29 0.33
2342.796631 7 62 100 0.37 0.29 0.33
2482.626221 4 62 100 0.38 0.28 0.34
2452.609375 5 62 100 0.38 0.28 0.34
2370.728027 6 62 100 0.38 0.28 0.34
2309.852783 8 63 100 0.38 0.28 0.34
2352.008057 7 63 100 0.38 0.29 0.33
2460.492676 4 63 100 0.38 0.29 0.34
2346.110107 7 63 100 0.38 0.28 0.34
2465.985840 4 67 100 0.38 0.29 0.33
3236.899658 0 70 100 0.38 0.30 0.32
3273.260010 0 71 100 0.38 0.30 0.32
3182.788574 0 72 100 0.38 0.30 0.32
2735.988525 1 72 100 0.39 0.29 0.32
3122.403076 0 73 100 0.39 0.29 0.32
3380.988037 0 73 100 0.37 0.30 0.32
2743.476562 1 73 100 0.39 0.29 0.33
2743.266602 1 74 100 0.39 0.28 0.33
2726.500488 2 74 100 0.39 0.29 0.32
2519.677490 3 74 100 0.37 0.29 0.34
2434.964600 5 74 100 0.37 0.29 0.34
2766.012695 1 74 100 0.36 0.29 0.34
2607.997314 2 75 100 0.37 0.29 0.34
2400.817139 6 76 100 0.37 0.30 0.33
2464.985840 4 76 100 0.37 0.30 0.34
2900.803467 1 77 100 0.39 0.28 0.33
2895.643799 1 77 100 0.38 0.29 0.33
4295.547852 0 77 100 0.37 0.30 0.33
4661.130371 0 77 100 0.37 0.30 0.33
3163.773193 0 77 100 0.38 0.28 0.33
2863.973877 1 77 100 0.38 0.28 0.33
2925.488037 1 78 100 0.39 0.29 0.32
3007.543701 0 78 100 0.37 0.31 0.32
2982.156494 1 78 100 0.37 0.31 0.31
2989.970703 1 78 100 0.38 0.30 0.32
2964.544189 1 79 100 0.38 0.31 0.31
2984.414551 1 80 100 0.38 0.30 0.31
3188.609863 0 84 100 0.38 0.31 0.31
2964.844727 1 85 100 0.38 0.31 0.31
2979.229004 1 87 100 0.38 0.31 0.31
4215.630371 0 88 100 0.39 0.30 0.31
4067.051025 0 89 100 0.40 0.29 0.31
3675.865967 0 90 100 0.39 0.31 0.31
3447.145996 0 92 100 0.38 0.31 0.31
3325.017334 0 93 100 0.39 0.31 0.30
2916.766113 1 99 100 0.38 0.31 0.32
