2735.142578 0 5 89 0.38 0.29 0.33
2727.497803 0 6 89 0.38 0.29 0.33
2878.159668 0 7 89 0.37 0.29 0.34
2774.468750 0 9 89 0.37 0.29 0.34
2918.414062 0 12 89 0.38 0.29 0.34
2843.052734 1 14 89 0.38 0.28 0.33
2396.717529 1 15 89 0.38 0.29 0.33
2612.530518 1 17 89 0.38 0.29 0.33
2722.614746 0 17 89 0.38 0.29 0.33
2574.069580 1 20 89 0.38 0.29 0.33
2927.358887 0 26 89 0.38 0.29 0.33
2740.536621 0 27 89 0.38 0.29 0.33
2415.760742 1 27 89 0.38 0.29 0.33
2706.471436 0 27 89 0.38 0.29 0.33
2444.071777 1 28 89 0.38 0.29 0.33
2518.744141 1 28 89 0.38 0.29 0.33
2741.425781 0 28 89 0.38 0.29 0.33
2618.551270 2 28 89 0.38 0.29 0.33
3035.479248 0 28 89 0.38 0.28 0.34
2983.500244 0 28 89 0.38 0.28 0.34
3108.651123 1 29 89 0.38 0.28 0.34
2838.412598 0 29 89 0.38 0.28 0.34
2757.758545 0 30 89 0.38 0.29 0.33
2661.793457 0 31 89 0.38 0.28 0.34
2767.582520 0 31 89 0.38 0.28 0.33
2679.948242 0 31 89 0.38 0.28 0.33
2759.215332 1 31 89 0.39 0.28 0.33
2176.355713 3 31 89 0.38 0.28 0.34
2034.282104 6 31 89 0.38 0.28 0.34
2268.067139 2 31 89 0.38 0.28 0.34
2490.012939 1 31 89 0.38 0.28 0.34
1947.166870 9 31 89 0.38 0.28 0.34
2524.601318 1 32 89 0.38 0.29 0.34
2818.089600 0 34 89 0.38 0.28 0.33
2465.989258 1 35 89 0.39 0.28 0.33
2492.061035 1 36 89 0.39 0.28 0.34
2494.978760 2 36 89 0.38 0.29 0.33
2519.035645 1 37 89 0.39 0.28 0.33
2137.002930 4 38 89 0.39 0.28 0.33
2215.790527 3 38 89 0.39 0.28 0.33
2577.365723 1 38 89 0.39 0.28 0.33
3047.708008 0 38 89 0.38 0.28 0.34
2977.230225 0 39 89 0.38 0.28 0.34
2867.316650 0 39 89 0.38 0.28 0.34
3051.035156 0 39 89 0.38 0.29 0.34
3043.951660 0 40 89 0.38 0.28 0.34
2947.582520 0 58 89 0.38 0.28 0.34
3127.900391 0 60 89 0.39 0.28 0.34
2852.509766 0 60 89 0.38 0.29 0.33
2966.521973 0 61 89 0.38 0.29 0.33
2774.728760 0 61 89 0.37 0.29 0.34
3030.775146 0 61 89 0.38 0.29 0.33
2692.439453 0 62 89 0.38 0.28 0.34
2780.587402 0 69 89 0.39 0.28 0.33
2715.850342 0 69 89 0.38 0.29 0.33
2705.433838 0 70 89 0.38 0.28 0.33
2862.268311 0 70 89 0.38 0.29 0.33
2721.466309 0 71 89 0.38 0.28 0.33
2651.915771 1 71 89 0.38 0.29 0.33
2773.127441 0 71 89 0.38 0.28 0.34
2344.819824 2 72 89 0.38 0.28 0.33
2273.635742 3 72 89 0.38 0.28 0.34
2428.121338 1 72 89 0.38 0.28 0.34
3611.661377 0 73 89 0.38 0.30 0.32
4430.687988 0 73 89 0.37 0.29 0.33
3877.125977 0 73 89 0.37 0.29 0.34
4745.104004 0 74 89 0.38 0.29 0.33
4578.290039 0 74 89 0.38 0.30 0.33
2757.558105 0 75 89 0.37 0.30 0.33
2322.752686 2 75 89 0.37 0.30 0.34
2303.523682 2 75 89 0.37 0.30 0.34
2233.508301 3 75 89 0.37 0.29 0.34
2347.041504 3 75 89 0.37 0.29 0.34
2229.918457 3 75 89 0.37 0.29 0.34
2438.655029 2 76 89 0.36 0.29 0.34
2127.485596 6 76 89 0.36 0.30 0.34
2306.748779 2 77 89 0.36 0.30 0.34
2341.989990 2 77 89 0.37 0.29 0.34
2316.701172 2 78 89 0.37 0.29 0.34
2488.831543 1 78 89 0.37 0.30 0.33
2604.901123 1 79 89 0.37 0.30 0.33
2346.095703 2 80 89 0.37 0.30 0.33
2473.241211 1 81 89 0.37 0.30 0.33
2846.059570 0 81 89 0.37 0.30 0.33
2444.263672 1 82 89 0.36 0.30 0.34
2224.833252 3 84 89 0.37 0.29 0.34
2278.978271 2 85 89 0.37 0.30 0.33
2458.161865 1 85 89 0.37 0.29 0.34
2199.087891 3 85 89 0.37 0.29 0.34
2925.225098 0 86 89 0.38 0.28 0.33
2992.190918 0 86 89 0.37 0.29 0.34
3142.132568 0 87 89 0.39 0.29 0.33
2830.975098 1 88 89 0.38 0.30 0.32
2948.536133 0 88 89 0.38 0.31 0.31
3057.621582 0 88 89 0.37 0.32 0.32
2862.389160 0 92 89 0.37 0.31 0.32
3074.261963 0 98 89 0.36 0.32 0.31
3556.904541 0 98 89 0.37 0.31 0.32
2164.187988 4 98 89 0.38 0.31 0.31
3327.294189 0 98 89 0.37 0.32 0.31
