3433.418213 1 0 97 0.40 0.28 0.32
4818.576660 0 9 97 0.39 0.22 0.39
4921.484863 0 26 97 0.39 0.22 0.39
4597.504395 0 27 97 0.39 0.22 0.39
5231.559570 0 27 97 0.39 0.22 0.39
4972.190430 0 27 97 0.38 0.23 0.39
5407.760742 0 27 97 0.38 0.23 0.39
5004.875488 0 28 97 0.39 0.23 0.39
5201.204102 0 28 97 0.38 0.23 0.39
5273.122070 1 28 97 0.38 0.23 0.39
4367.689941 0 28 97 0.38 0.23 0.39
4290.289551 0 28 97 0.38 0.23 0.39
4857.996582 0 28 97 0.39 0.22 0.39
4795.230957 0 29 97 0.39 0.22 0.39
4563.258789 0 30 97 0.39 0.22 0.40
3811.729248 0 32 97 0.39 0.22 0.39
4080.318115 0 34 97 0.39 0.21 0.39
4634.239258 0 36 97 0.39 0.22 0.39
4539.564941 0 37 97 0.39 0.22 0.40
4362.413574 0 40 97 0.38 0.22 0.40
4770.961914 0 41 97 0.39 0.22 0.39
5018.450195 0 45 97 0.39 0.22 0.39
5145.475098 0 46 97 0.38 0.23 0.39
4901.193359 0 46 97 0.38 0.22 0.39
4906.439453 0 46 97 0.39 0.22 0.39
5009.031738 0 46 97 0.39 0.22 0.39
3308.012207 1 46 97 0.34 0.37 0.29
3133.218506 4 46 97 0.34 0.38 0.28
2932.705322 6 46 97 0.35 0.37 0.28
3299.057373 1 46 97 0.34 0.38 0.28
3324.236572 1 47 97 0.34 0.38 0.28
3614.156006 0 48 97 0.34 0.38 0.28
3489.135742 1 48 97 0.34 0.38 0.28
3680.075684 0 49 97 0.34 0.38 0.28
3467.366699 1 49 97 0.35 0.37 0.28
4015.558350 0 50 97 0.37 0.29 0.34
3515.134766 1 50 97 0.39 0.32 0.29
3343.635254 1 50 97 0.39 0.28 0.33
3838.403320 0 50 97 0.39 0.28 0.33
3730.309814 0 50 97 0.39 0.28 0.33
3556.994385 1 50 97 0.39 0.28 0.33
3497.243408 1 50 97 0.38 0.28 0.34
3877.533203 0 50 97 0.40 0.28 0.32
3813.762695 0 50 97 0.40 0.28 0.32
3572.691406 0 50 97 0.40 0.28 0.32
3341.885010 1 50 97 0.40 0.28 0.32
2861.283936 8 50 97 0.40 0.27 0.32
3401.666260 1 50 97 0.41 0.27 0.32
3213.412842 2 50 97 0.40 0.27 0.32
3210.927734 2 50 97 0.41 0.27 0.32
2631.123535 21 50 97 0.40 0.28 0.32
3661.836914 0 50 97 0.41 0.27 0.32
3213.112061 2 50 97 0.37 0.21 0.42
2912.755127 8 50 97 0.38 0.21 0.41
3216.231445 2 50 97 0.37 0.21 0.42
3248.756104 2 50 97 0.37 0.21 0.41
2912.762939 7 52 97 0.37 0.21 0.41
2948.312256 6 52 97 0.38 0.28 0.34
3286.614746 1 53 97 0.37 0.28 0.35
2872.406250 8 53 97 0.38 0.28 0.35
4694.548340 0 53 97 0.36 0.29 0.35
4187.262695 0 53 97 0.37 0.28 0.35
3926.446289 0 53 97 0.37 0.28 0.35
3741.573242 0 53 97 0.37 0.28 0.35
3751.839111 0 53 97 0.38 0.28 0.34
4311.064941 0 53 97 0.36 0.29 0.35
4924.983398 0 54 97 0.36 0.28 0.36
3662.839844 0 54 97 0.37 0.28 0.35
3902.943604 0 55 97 0.37 0.28 0.35
4074.451416 0 55 97 0.36 0.29 0.35
4405.116211 0 56 97 0.37 0.28 0.35
4378.312988 0 56 97 0.36 0.28 0.35
4257.874023 0 56 97 0.37 0.29 0.34
4532.026855 0 56 97 0.36 0.29 0.34
3680.259277 0 56 97 0.38 0.28 0.34
4220.583008 0 56 97 0.36 0.29 0.35
4025.135742 0 56 97 0.37 0.28 0.35
4325.805176 0 57 97 0.37 0.28 0.35
3565.419922 0 57 97 0.37 0.29 0.34
3229.277344 2 57 97 0.38 0.28 0.35
3875.472656 0 57 97 0.36 0.28 0.35
4420.377930 0 57 97 0.37 0.29 0.34
4363.087891 0 57 97 0.36 0.29 0.34
4376.061523 0 58 97 0.37 0.28 0.35
4571.037598 0 59 97 0.37 0.29 0.35
4655.629395 0 59 97 0.37 0.29 0.35
4274.895508 0 59 97 0.37 0.29 0.34
4085.448730 0 59 97 0.37 0.28 0.35
3351.999512 1 59 97 0.36 0.29 0.35
4406.394531 0 59 97 0.37 0.28 0.35
3268.654541 2 59 97 0.37 0.28 0.35
3507.713379 1 59 97 0.37 0.28 0.35
4061.269287 0 79 97 0.37 0.28 0.35
3341.644775 1 79 97 0.38 0.27 0.34
3446.239746 1 88 97 0.38 0.28 0.34
4212.474609 0 90 97 0.36 0.29 0.35
3969.155518 0 90 97 0.37 0.28 0.35
4850.657715 0 91 97 0.37 0.28 0.35
4788.203125 0 93 97 0.37 0.28 0.35
4718.167480 0 94 97 0.37 0.28 0.35
