3645.110107 0 11 86 0.37 0.30 0.33
3853.672119 0 15 86 0.36 0.32 0.33
3673.355713 0 24 86 0.38 0.28 0.34
3275.233398 0 24 86 0.37 0.30 0.33
2538.947021 0 25 86 0.36 0.29 0.35
2779.693359 0 25 86 0.35 0.30 0.35
2727.344482 0 25 86 0.35 0.30 0.35
2703.596680 0 25 86 0.35 0.30 0.34
2710.314453 0 25 86 0.35 0.30 0.35
2470.480957 0 25 86 0.35 0.31 0.34
2588.605713 0 26 86 0.35 0.31 0.34
2645.302490 1 26 86 0.35 0.31 0.34
2813.043945 0 27 86 0.36 0.30 0.34
2860.142578 0 27 86 0.36 0.29 0.34
2745.864990 0 28 86 0.37 0.29 0.34
3021.743164 1 28 86 0.36 0.29 0.34
2896.388916 0 28 86 0.36 0.29 0.35
2921.365723 0 28 86 0.36 0.29 0.35
2867.864502 0 29 86 0.36 0.29 0.34
2646.919678 0 29 86 0.36 0.30 0.34
2611.064941 0 29 86 0.36 0.29 0.35
2867.886719 0 29 86 0.36 0.29 0.35
2677.636475 0 29 86 0.36 0.30 0.34
2808.077881 0 30 86 0.36 0.29 0.34
2054.982910 2 30 86 0.36 0.29 0.34
1830.757324 6 30 86 0.37 0.29 0.34
2078.509033 2 31 86 0.36 0.30 0.34
2054.847656 2 31 86 0.36 0.30 0.34
1912.315796 4 31 86 0.36 0.30 0.34
1876.435059 5 31 86 0.36 0.30 0.34
1968.905640 3 32 86 0.36 0.30 0.34
1913.665283 4 32 86 0.36 0.30 0.34
2049.444092 2 33 86 0.36 0.30 0.34
1937.564819 5 33 86 0.36 0.30 0.34
1847.029663 5 33 86 0.36 0.30 0.34
1873.388062 6 33 86 0.35 0.30 0.34
1680.778931 11 33 86 0.37 0.29 0.34
2207.468750 1 34 86 0.36 0.30 0.34
1845.871216 5 34 86 0.36 0.30 0.34
1910.398926 4 34 86 0.36 0.30 0.34
2829.820068 2 34 86 0.36 0.30 0.34
2896.794922 1 34 86 0.36 0.29 0.34
2931.675293 0 35 86 0.36 0.29 0.35
2865.225830 0 35 86 0.35 0.30 0.34
2563.820557 0 35 86 0.35 0.30 0.35
2857.271973 1 35 86 0.36 0.30 0.34
2941.611572 0 35 86 0.36 0.29 0.34
2844.688721 0 35 86 0.36 0.30 0.34
2851.045410 0 36 86 0.36 0.29 0.35
2808.031738 0 36 86 0.36 0.30 0.34
2724.795898 0 36 86 0.36 0.30 0.34
2935.725098 0 36 86 0.36 0.29 0.34
2927.938965 1 36 86 0.36 0.30 0.34
3035.902588 0 36 86 0.36 0.29 0.34
2659.079590 0 36 86 0.36 0.29 0.34
2526.017822 0 36 86 0.36 0.30 0.35
2867.546875 0 36 86 0.36 0.30 0.34
2499.991211 0 36 86 0.36 0.30 0.34
2502.411377 0 36 86 0.36 0.30 0.34
2454.673096 1 37 86 0.36 0.30 0.34
2405.580322 1 38 86 0.35 0.30 0.34
2531.095215 0 38 86 0.35 0.30 0.34
2366.861816 1 38 86 0.36 0.30 0.35
2291.329346 1 38 86 0.35 0.30 0.35
2097.779297 3 38 86 0.35 0.30 0.34
2620.248535 0 39 86 0.36 0.30 0.35
2738.544922 0 39 86 0.36 0.29 0.34
2841.416992 0 39 86 0.37 0.29 0.34
2668.615479 0 39 86 0.36 0.29 0.35
2728.659668 1 40 86 0.36 0.29 0.34
2660.864258 0 40 86 0.37 0.29 0.35
2677.359619 0 41 86 0.37 0.29 0.34
2538.293945 0 45 86 0.36 0.29 0.34
2660.928711 0 52 86 0.37 0.29 0.34
2419.607422 1 59 86 0.36 0.29 0.34
2539.295898 1 60 86 0.37 0.29 0.34
2779.329102 0 62 86 0.37 0.29 0.34
2895.124023 0 63 86 0.36 0.29 0.35
2300.411865 1 64 86 0.36 0.29 0.34
2531.584473 0 64 86 0.36 0.29 0.35
2082.390137 2 64 86 0.37 0.29 0.34
1992.832275 3 69 86 0.37 0.29 0.34
2207.535400 1 74 86 0.36 0.29 0.34
2088.210693 2 75 86 0.37 0.29 0.34
1933.568970 4 78 86 0.36 0.29 0.34
2236.415771 1 80 86 0.36 0.30 0.34
2562.928711 0 80 86 0.36 0.30 0.35
2502.139648 0 81 86 0.35 0.30 0.35
2935.259521 0 81 86 0.36 0.30 0.35
2489.990967 0 81 86 0.36 0.30 0.34
3345.592041 0 82 86 0.35 0.31 0.34
3628.170410 0 83 86 0.36 0.31 0.34
3283.103760 0 83 86 0.35 0.31 0.34
3246.488525 0 84 86 0.35 0.31 0.34
3045.218994 0 84 86 0.37 0.30 0.33
2917.005615 0 84 86 0.37 0.30 0.33
2842.379883 0 84 86 0.37 0.30 0.33
2799.605957 0 85 86 0.37 0.30 0.33
2612.476562 1 98 86 0.36 0.31 0.33
2174.674316 1 99 86 0.37 0.31 0.31
