3655.231445 0 3 89 0.39 0.29 0.32
3697.898926 0 3 89 0.38 0.23 0.39
3197.827637 0 4 89 0.33 0.38 0.29
2707.377441 2 4 89 0.35 0.37 0.28
2783.064453 2 5 89 0.34 0.37 0.29
2969.380127 1 6 89 0.34 0.37 0.29
2902.497559 1 14 89 0.34 0.38 0.28
3122.596924 0 16 89 0.33 0.39 0.28
3174.315186 0 16 89 0.34 0.39 0.28
3184.399414 0 16 89 0.33 0.39 0.28
3350.714355 0 16 89 0.33 0.39 0.28
3116.102051 0 16 89 0.34 0.38 0.28
3165.845215 0 16 89 0.34 0.38 0.28
3856.119873 0 16 89 0.33 0.39 0.28
3556.666260 1 16 89 0.33 0.39 0.28
3728.208984 0 16 89 0.33 0.39 0.28
2225.192871 12 16 89 0.34 0.37 0.28
4679.352539 0 16 89 0.39 0.32 0.29
2645.601318 2 16 89 0.38 0.28 0.33
2797.606934 1 18 89 0.39 0.28 0.33
2417.791016 5 18 89 0.38 0.27 0.34
2923.598633 1 19 89 0.39 0.29 0.31
2450.507568 5 20 89 0.39 0.29 0.32
2369.052246 7 20 89 0.40 0.28 0.32
2415.519043 5 20 89 0.39 0.29 0.32
2350.777832 7 20 89 0.40 0.28 0.32
2576.464600 3 20 89 0.40 0.28 0.32
2197.290771 13 21 89 0.40 0.28 0.32
2500.306885 4 22 89 0.40 0.28 0.32
2527.062256 4 22 89 0.40 0.28 0.32
2617.348633 2 22 89 0.40 0.28 0.32
2591.639404 3 22 89 0.41 0.28 0.32
2611.940918 3 22 89 0.41 0.28 0.32
2604.583252 3 23 89 0.40 0.28 0.32
2646.778076 2 23 89 0.41 0.27 0.32
3081.822998 0 23 89 0.39 0.29 0.32
2970.973877 1 23 89 0.39 0.29 0.32
3285.536865 0 23 89 0.39 0.29 0.33
3152.716309 1 23 89 0.39 0.29 0.32
3214.663818 0 23 89 0.39 0.29 0.32
3191.779541 0 24 89 0.39 0.29 0.32
3130.619873 0 24 89 0.39 0.29 0.32
3176.511475 1 24 89 0.39 0.29 0.32
3119.382812 0 24 89 0.39 0.29 0.32
3343.071289 0 24 89 0.39 0.29 0.32
3226.468994 0 25 89 0.39 0.29 0.32
3100.046387 0 25 89 0.39 0.28 0.32
3321.223633 0 25 89 0.39 0.29 0.32
3265.808350 0 25 89 0.39 0.29 0.32
3229.966553 0 25 89 0.39 0.29 0.32
3151.830078 0 25 89 0.39 0.29 0.32
3254.941406 0 25 89 0.39 0.28 0.32
3035.102783 0 26 89 0.39 0.29 0.32
3235.095947 0 26 89 0.38 0.29 0.32
3255.128418 0 26 89 0.39 0.29 0.32
3127.213623 0 27 89 0.39 0.29 0.32
4086.875000 0 27 89 0.36 0.22 0.42
3786.329834 0 27 89 0.36 0.22 0.42
3637.265137 0 27 89 0.37 0.21 0.41
3042.258301 0 27 89 0.37 0.21 0.41
3163.261719 0 27 89 0.37 0.22 0.42
3256.626465 0 27 89 0.37 0.22 0.41
3148.756592 0 27 89 0.37 0.22 0.41
3159.121582 1 27 89 0.37 0.22 0.42
3224.402344 0 27 89 0.38 0.21 0.41
3393.064941 0 27 89 0.37 0.21 0.42
3917.834961 0 27 89 0.36 0.22 0.42
3378.542969 1 27 89 0.36 0.22 0.42
2841.817139 1 28 89 0.36 0.22 0.41
3033.836182 0 28 89 0.36 0.23 0.41
3346.361572 0 28 89 0.37 0.22 0.41
3039.223633 0 28 89 0.36 0.22 0.41
3491.392578 0 29 89 0.36 0.23 0.42
3239.029541 0 29 89 0.37 0.22 0.41
3126.189941 0 29 89 0.36 0.22 0.42
3083.776855 0 29 89 0.36 0.22 0.41
3337.061523 0 30 89 0.36 0.22 0.42
3754.066406 0 30 89 0.36 0.30 0.34
3690.930176 0 31 89 0.36 0.29 0.34
3820.332275 0 31 89 0.36 0.29 0.34
3506.218262 0 31 89 0.36 0.29 0.34
3805.611084 1 32 89 0.36 0.29 0.34
3641.442383 0 32 89 0.36 0.29 0.34
3948.185059 0 32 89 0.36 0.29 0.35
3952.960205 0 33 89 0.37 0.29 0.35
4077.730469 0 33 89 0.36 0.29 0.35
4168.970703 0 33 89 0.36 0.29 0.35
3908.547852 0 34 89 0.37 0.28 0.35
3800.895508 0 34 89 0.37 0.29 0.35
4056.200439 0 36 89 0.36 0.29 0.35
3971.483398 2 38 89 0.37 0.28 0.35
3962.254150 0 42 89 0.36 0.29 0.35
3457.259521 0 63 89 0.37 0.28 0.35
3283.154297 0 67 89 0.37 0.28 0.35
3775.906982 0 68 89 0.36 0.29 0.35
3106.103516 1 81 89 0.38 0.29 0.34
3567.011963 0 90 89 0.37 0.29 0.34
3036.962646 0 90 89 0.36 0.29 0.34
3719.795166 1 95 89 0.37 0.28 0.35
3364.109863 0 98 89 0.38 0.28 0.34
