2098.832031 23 0 94 0.38 0.29 0.34
2170.240967 17 0 94 0.38 0.29 0.34
2619.171875 3 0 94 0.38 0.29 0.34
2407.856201 7 0 94 0.38 0.29 0.33
2388.117432 7 0 94 0.37 0.29 0.34
2773.052979 2 0 94 0.38 0.27 0.35
3061.430908 0 0 94 0.38 0.27 0.35
3140.759766 0 0 94 0.38 0.27 0.35
3181.682373 0 0 94 0.38 0.28 0.35
3408.879150 0 0 94 0.37 0.28 0.34
3175.491455 1 0 94 0.37 0.27 0.35
2933.297363 1 0 94 0.37 0.28 0.35
3123.563477 0 0 94 0.38 0.29 0.33
2984.988770 1 0 94 0.39 0.28 0.33
2947.515137 1 0 94 0.38 0.29 0.33
3042.899414 1 0 94 0.39 0.28 0.33
3042.849121 1 0 94 0.38 0.29 0.33
3444.866455 0 0 94 0.39 0.29 0.32
3397.624268 1 0 94 0.39 0.29 0.32
3621.576416 0 0 94 0.40 0.28 0.32
3216.068115 0 0 94 0.39 0.29 0.32
3378.665283 0 0 94 0.40 0.27 0.33
3672.008057 0 0 94 0.40 0.28 0.32
3514.891602 0 1 94 0.39 0.29 0.32
3586.245605 0 1 94 0.39 0.28 0.32
2701.763672 2 1 94 0.40 0.27 0.32
2732.739258 2 1 94 0.40 0.28 0.32
3232.553223 0 1 94 0.39 0.29 0.32
3250.958252 0 1 94 0.39 0.29 0.32
3256.215576 0 1 94 0.39 0.29 0.32
3214.552490 0 1 94 0.39 0.29 0.32
3383.953125 0 1 94 0.40 0.28 0.32
3593.354980 0 1 94 0.39 0.29 0.32
3213.843750 0 1 94 0.39 0.29 0.32
2891.352051 1 1 94 0.39 0.29 0.32
4021.733887 0 1 94 0.39 0.29 0.32
4166.547852 0 1 94 0.38 0.30 0.32
4356.224609 0 1 94 0.38 0.30 0.32
2723.103516 2 1 94 0.39 0.28 0.32
3107.594238 0 1 94 0.39 0.29 0.32
3177.271973 0 2 94 0.39 0.29 0.32
3245.611328 0 2 94 0.39 0.29 0.32
3106.749756 0 2 94 0.39 0.29 0.32
2956.416504 1 3 94 0.40 0.28 0.32
2975.473145 1 3 94 0.40 0.28 0.32
3096.182129 0 3 94 0.39 0.29 0.32
3115.806152 0 3 94 0.39 0.29 0.32
3025.798340 1 3 94 0.39 0.29 0.32
3215.520508 0 3 94 0.39 0.29 0.32
3158.023926 1 3 94 0.39 0.29 0.32
3447.927734 0 4 94 0.39 0.30 0.32
3420.048096 0 4 94 0.39 0.29 0.32
4488.432617 0 4 94 0.38 0.30 0.32
3753.356201 0 4 94 0.39 0.29 0.32
4063.227051 0 4 94 0.38 0.30 0.32
4404.724609 0 4 94 0.38 0.30 0.32
4217.427246 0 4 94 0.39 0.29 0.32
4181.703613 0 5 94 0.38 0.30 0.32
4344.205078 0 5 94 0.38 0.30 0.31
3699.424072 0 10 94 0.39 0.29 0.32
3985.585205 1 11 94 0.38 0.29 0.32
3456.598389 0 13 94 0.38 0.30 0.32
4087.514160 1 14 94 0.38 0.29 0.33
3750.309326 0 15 94 0.38 0.29 0.32
3717.808594 0 16 94 0.39 0.29 0.32
3120.271729 0 18 94 0.39 0.29 0.32
4392.129395 0 25 94 0.38 0.30 0.32
3130.155273 0 25 94 0.39 0.29 0.32
3453.745850 0 26 94 0.39 0.29 0.32
3053.148682 1 26 94 0.38 0.29 0.33
3402.228516 0 34 94 0.38 0.30 0.32
3080.769531 0 38 94 0.39 0.29 0.32
3754.467529 0 38 94 0.38 0.30 0.32
3406.594238 0 43 94 0.39 0.29 0.32
3074.396484 0 44 94 0.38 0.30 0.32
3630.533203 0 47 94 0.39 0.29 0.32
3024.517090 1 49 94 0.39 0.28 0.33
2995.979736 1 60 94 0.38 0.29 0.33
2867.350586 1 62 94 0.38 0.29 0.33
3003.826904 1 69 94 0.38 0.29 0.33
2703.498779 2 76 94 0.38 0.29 0.33
3478.741455 0 77 94 0.38 0.29 0.33
3406.917969 0 78 94 0.38 0.29 0.33
3428.676758 0 79 94 0.38 0.29 0.33
3092.559570 0 80 94 0.39 0.29 0.32
4501.183105 0 80 94 0.40 0.28 0.32
3973.863525 0 89 94 0.39 0.29 0.32
4111.479980 0 90 94 0.39 0.28 0.32
4104.145508 0 90 94 0.39 0.28 0.32
2891.571533 1 91 94 0.40 0.28 0.32
2758.490234 2 92 94 0.39 0.29 0.33
2885.022705 1 93 94 0.38 0.29 0.33
2943.178711 1 93 94 0.39 0.28 0.32
2741.014404 2 95 94 0.39 0.28 0.32
3089.399170 0 96 94 0.39 0.29 0.32
2883.042725 1 96 94 0.39 0.29 0.32
2697.342041 2 97 94 0.39 0.28 0.32
2658.143555 2 97 94 0.39 0.29 0.32
2956.087891 1 98 94 0.38 0.29 0.33
3107.478271 1 99 94 0.39 0.28 0.33
