2378.275391 2 0 94 0.36 0.31 0.32
3500.503418 0 0 94 0.35 0.32 0.33
2973.017090 0 6 94 0.34 0.32 0.34
4060.900879 0 6 94 0.34 0.32 0.34
3219.259521 0 10 94 0.35 0.31 0.34
4045.808838 0 11 94 0.35 0.31 0.34
2301.144775 2 13 94 0.35 0.32 0.34
3222.905029 0 13 94 0.34 0.32 0.34
3112.016357 0 13 94 0.35 0.31 0.34
3020.665283 0 13 94 0.35 0.31 0.34
2467.051270 1 13 94 0.35 0.31 0.34
2468.226807 1 13 94 0.35 0.31 0.35
2802.505859 0 13 94 0.34 0.31 0.34
1976.639282 8 13 94 0.35 0.31 0.34
3304.205811 0 35 94 0.34 0.32 0.34
3745.217041 0 35 94 0.35 0.31 0.34
3193.570801 0 35 94 0.35 0.31 0.34
3216.428467 0 35 94 0.34 0.31 0.35
3218.671143 0 35 94 0.34 0.32 0.35
3397.477051 0 35 94 0.34 0.32 0.34
3444.824463 0 35 94 0.34 0.32 0.34
3114.316895 0 35 94 0.34 0.32 0.35
3225.056396 0 35 94 0.35 0.31 0.34
3287.449951 0 35 94 0.35 0.31 0.34
3213.968506 0 35 94 0.34 0.31 0.34
3219.833984 0 35 94 0.34 0.32 0.34
3566.371094 0 36 94 0.33 0.32 0.35
3335.493164 0 36 94 0.35 0.31 0.34
3571.001953 0 36 94 0.34 0.32 0.34
3463.391113 0 36 94 0.34 0.32 0.35
3655.132812 0 36 94 0.34 0.32 0.34
3417.341309 0 36 94 0.34 0.31 0.34
3313.841553 0 36 94 0.34 0.31 0.34
3453.121826 0 36 94 0.35 0.31 0.34
3570.654053 0 37 94 0.34 0.31 0.34
1865.046143 12 37 94 0.34 0.31 0.34
1980.893677 8 37 94 0.35 0.31 0.34
1707.829590 23 37 94 0.35 0.30 0.36
1964.374268 8 37 94 0.35 0.30 0.35
1946.702393 9 37 94 0.35 0.30 0.35
1940.933350 9 37 94 0.34 0.30 0.36
3094.754150 0 37 94 0.35 0.31 0.34
3012.442383 0 37 94 0.35 0.31 0.34
3367.327637 0 37 94 0.35 0.31 0.34
3147.133545 0 37 94 0.35 0.31 0.34
3449.223145 0 37 94 0.35 0.31 0.34
3436.888916 0 37 94 0.35 0.31 0.34
3239.982178 1 37 94 0.35 0.31 0.34
3109.855957 0 37 94 0.35 0.31 0.34
3303.939941 1 37 94 0.35 0.31 0.34
2601.564453 1 37 94 0.36 0.29 0.35
2328.686035 2 37 94 0.36 0.30 0.35
2330.234375 2 37 94 0.36 0.29 0.35
2866.276855 0 37 94 0.35 0.29 0.36
2871.616699 0 37 94 0.35 0.29 0.35
2922.448730 0 37 94 0.35 0.29 0.36
2366.216309 2 37 94 0.36 0.30 0.35
2553.607178 1 38 94 0.35 0.31 0.34
2646.348877 1 38 94 0.35 0.31 0.33
3439.116699 0 38 94 0.33 0.32 0.35
3257.592773 0 38 94 0.34 0.32 0.35
3223.077148 0 38 94 0.34 0.32 0.35
2823.912842 1 38 94 0.34 0.31 0.35
3016.248291 0 38 94 0.33 0.32 0.35
2977.658691 1 38 94 0.34 0.31 0.35
3613.740723 0 39 94 0.33 0.32 0.34
3434.626221 0 39 94 0.33 0.32 0.35
3725.485107 0 39 94 0.34 0.32 0.34
3320.982178 0 39 94 0.33 0.32 0.35
3160.415283 1 39 94 0.33 0.32 0.35
3221.120361 0 39 94 0.33 0.32 0.35
3215.779785 0 39 94 0.34 0.32 0.34
3037.873047 0 39 94 0.34 0.32 0.35
3040.472412 0 39 94 0.34 0.31 0.35
2803.561035 0 40 94 0.34 0.31 0.35
2581.096191 1 40 94 0.34 0.31 0.35
3156.078369 0 40 94 0.34 0.31 0.35
2871.636963 0 40 94 0.34 0.31 0.35
2710.498291 0 40 94 0.34 0.31 0.35
2849.852783 0 40 94 0.34 0.31 0.35
2931.342041 0 40 94 0.34 0.32 0.35
2776.469482 0 40 94 0.34 0.31 0.35
3202.915039 0 40 94 0.36 0.31 0.33
3345.021240 0 47 94 0.36 0.31 0.33
3432.067139 0 49 94 0.36 0.31 0.34
3437.661133 0 50 94 0.35 0.32 0.34
3486.928955 0 51 94 0.35 0.32 0.33
3322.028564 0 51 94 0.34 0.32 0.33
3181.574707 1 52 94 0.33 0.32 0.35
2945.401611 0 52 94 0.33 0.31 0.35
2990.541260 0 56 94 0.33 0.31 0.35
3125.562500 0 56 94 0.34 0.31 0.35
3207.133789 0 57 94 0.34 0.31 0.35
3021.920410 0 58 94 0.34 0.31 0.35
3178.827148 0 62 94 0.35 0.31 0.34
3156.322754 0 64 94 0.35 0.31 0.35
3161.019531 0 69 94 0.34 0.31 0.35
2585.658447 1 75 94 0.34 0.31 0.35
2773.752441 0 88 94 0.34 0.31 0.35
2682.504150 0 97 94 0.34 0.31 0.35
