2807.002197 0 2 91 0.36 0.32 0.32
2716.167480 0 4 91 0.36 0.31 0.33
3049.124268 1 6 91 0.36 0.31 0.33
2852.081055 0 22 91 0.36 0.31 0.33
2313.472168 1 25 91 0.36 0.30 0.34
3018.169678 0 26 91 0.36 0.30 0.34
2876.915039 1 29 91 0.36 0.30 0.34
3379.075195 0 34 91 0.35 0.32 0.33
3618.015625 0 37 91 0.36 0.31 0.34
4108.876465 0 59 91 0.35 0.31 0.34
2692.724121 0 66 91 0.35 0.31 0.35
3425.920898 0 66 91 0.35 0.31 0.34
2762.416504 0 67 91 0.35 0.30 0.34
2608.061035 0 68 91 0.35 0.31 0.34
2704.331543 0 69 91 0.36 0.30 0.34
3045.746582 0 69 91 0.36 0.31 0.33
3105.839844 0 69 91 0.36 0.31 0.33
3180.970459 0 70 91 0.36 0.31 0.33
3135.966797 0 70 91 0.36 0.31 0.33
3079.902832 0 70 91 0.35 0.31 0.34
2937.371826 0 70 91 0.36 0.30 0.34
3051.225342 0 70 91 0.36 0.31 0.34
4046.384766 1 71 91 0.36 0.31 0.34
3900.480713 0 71 91 0.36 0.31 0.33
2732.461670 0 71 91 0.36 0.31 0.34
2731.500732 1 71 91 0.36 0.30 0.34
2455.454834 1 72 91 0.36 0.30 0.34
3015.666992 0 72 91 0.35 0.31 0.34
2626.746826 0 72 91 0.35 0.31 0.34
3095.084961 1 72 91 0.35 0.31 0.33
3216.749023 0 73 91 0.36 0.31 0.33
2791.764404 0 73 91 0.36 0.30 0.33
3285.400146 0 73 91 0.35 0.31 0.33
3133.847412 0 73 91 0.35 0.30 0.34
3069.580811 1 73 91 0.35 0.31 0.34
2602.670898 0 75 91 0.36 0.30 0.34
2719.239746 0 75 91 0.36 0.30 0.34
2518.111572 1 76 91 0.35 0.31 0.34
3063.531006 0 76 91 0.35 0.31 0.34
3372.723145 0 76 91 0.36 0.31 0.33
3499.235596 0 76 91 0.36 0.31 0.34
3224.670410 0 77 91 0.36 0.31 0.33
3139.812744 0 77 91 0.36 0.30 0.34
3287.596436 0 77 91 0.36 0.30 0.33
3486.949707 0 77 91 0.36 0.31 0.33
3679.678711 0 77 91 0.36 0.31 0.33
3616.283936 0 77 91 0.35 0.31 0.34
3008.700195 0 77 91 0.36 0.31 0.34
3147.918701 0 77 91 0.37 0.29 0.34
3050.213135 0 77 91 0.36 0.30 0.34
2793.110107 0 78 91 0.36 0.30 0.34
2569.453613 0 78 91 0.36 0.29 0.35
2572.807617 0 78 91 0.36 0.30 0.34
2720.672607 0 79 91 0.36 0.30 0.34
2868.557617 0 79 91 0.35 0.30 0.35
2621.839111 0 79 91 0.36 0.29 0.35
2711.983154 0 82 91 0.35 0.30 0.35
2780.765381 0 83 91 0.35 0.30 0.35
2591.109619 0 83 91 0.36 0.30 0.34
2533.839355 1 87 91 0.36 0.30 0.35
2775.039795 0 87 91 0.36 0.30 0.34
2853.680176 0 87 91 0.36 0.30 0.34
2720.017334 0 88 91 0.35 0.30 0.35
2834.964111 0 88 91 0.36 0.30 0.34
2796.434814 0 88 91 0.36 0.30 0.35
2994.492188 0 89 91 0.35 0.31 0.34
2415.891846 2 89 91 0.36 0.30 0.34
2333.151123 1 89 91 0.35 0.31 0.34
2420.397949 1 90 91 0.36 0.30 0.34
2251.800537 3 90 91 0.34 0.31 0.35
1968.556885 5 90 91 0.34 0.31 0.34
2026.073608 4 90 91 0.35 0.31 0.34
2008.418945 4 90 91 0.35 0.31 0.34
1967.689941 5 91 91 0.35 0.31 0.34
2999.524170 0 91 91 0.35 0.31 0.34
2142.807617 2 91 91 0.35 0.30 0.35
2031.778076 4 91 91 0.35 0.29 0.35
1823.466187 9 91 91 0.36 0.29 0.35
2074.378418 3 91 91 0.36 0.29 0.35
2070.531006 3 91 91 0.35 0.29 0.36
3064.239502 0 91 91 0.36 0.29 0.34
3065.687256 0 91 91 0.35 0.30 0.35
3384.709229 1 92 91 0.35 0.30 0.35
2188.584717 2 92 91 0.36 0.30 0.34
2850.634766 0 92 91 0.35 0.31 0.34
2842.002686 0 93 91 0.36 0.30 0.34
2752.612061 0 94 91 0.36 0.30 0.33
2078.722656 3 95 91 0.35 0.30 0.35
2056.012451 3 96 91 0.36 0.30 0.35
2125.775879 3 96 91 0.36 0.30 0.35
1973.439209 5 96 91 0.36 0.30 0.35
1809.280396 9 97 91 0.36 0.29 0.35
2121.832520 3 97 91 0.36 0.30 0.34
2527.768799 1 98 91 0.35 0.31 0.34
2336.053955 1 98 91 0.36 0.30 0.34
2359.625244 1 98 91 0.36 0.30 0.34
2061.847168 3 98 91 0.35 0.30 0.35
2161.089111 2 99 91 0.35 0.30 0.35
1994.467896 4 99 91 0.35 0.30 0.35
2090.809814 3 99 91 0.36 0.30 0.35
