5533.432129 0 1 99 0.39 0.31 0.30
3568.092041 1 7 99 0.41 0.27 0.32
4140.485352 0 7 99 0.41 0.30 0.29
3786.880127 0 7 99 0.40 0.29 0.30
3706.317139 0 8 99 0.40 0.29 0.30
3689.232666 0 8 99 0.40 0.30 0.31
3722.685059 0 8 99 0.40 0.29 0.30
3227.232666 3 8 99 0.40 0.22 0.38
3052.220459 6 8 99 0.40 0.22 0.38
3364.930176 2 8 99 0.39 0.22 0.38
3339.269043 2 9 99 0.39 0.22 0.39
3264.313721 3 9 99 0.40 0.21 0.39
3277.845215 2 10 99 0.39 0.22 0.39
3652.518066 1 10 99 0.40 0.22 0.38
3065.100098 6 11 99 0.39 0.22 0.39
4739.417969 0 11 99 0.38 0.25 0.37
4355.281250 0 11 99 0.40 0.31 0.29
4033.306152 0 12 99 0.37 0.28 0.35
4107.738770 0 12 99 0.37 0.28 0.35
4185.666504 0 13 99 0.37 0.28 0.34
4041.966553 0 14 99 0.37 0.28 0.35
4111.335449 0 14 99 0.38 0.28 0.34
4163.679199 0 14 99 0.37 0.28 0.34
3432.649170 1 14 99 0.35 0.37 0.28
3345.311035 2 14 99 0.35 0.36 0.29
3315.804932 2 14 99 0.35 0.37 0.29
3165.878418 4 23 99 0.34 0.37 0.28
3651.426758 1 24 99 0.38 0.29 0.33
3837.991455 0 24 99 0.35 0.34 0.31
5208.762207 0 25 99 0.40 0.26 0.34
4602.093262 0 25 99 0.41 0.27 0.33
4596.483398 0 26 99 0.41 0.26 0.33
4837.891602 0 26 99 0.40 0.27 0.33
4963.652344 0 26 99 0.40 0.27 0.33
4608.776855 0 26 99 0.41 0.26 0.33
3796.093262 0 27 99 0.40 0.33 0.27
3587.479736 1 36 99 0.39 0.31 0.30
4273.370605 0 40 99 0.39 0.35 0.25
4402.546875 0 43 99 0.39 0.36 0.25
3732.126221 0 44 99 0.40 0.27 0.33
3526.981934 1 47 99 0.40 0.26 0.33
3968.480225 0 48 99 0.40 0.27 0.33
3892.548584 0 50 99 0.39 0.27 0.33
3557.630615 1 50 99 0.39 0.27 0.34
3627.748047 1 51 99 0.40 0.27 0.33
3701.019287 0 52 99 0.40 0.27 0.33
3731.611572 0 54 99 0.40 0.27 0.33
3575.711426 1 55 99 0.40 0.27 0.33
3652.893311 1 56 99 0.39 0.27 0.34
3757.469727 0 57 99 0.38 0.30 0.32
3312.029785 2 58 99 0.41 0.27 0.32
3478.753174 1 60 99 0.41 0.27 0.32
3635.980225 1 61 99 0.41 0.27 0.32
3681.620361 0 61 99 0.40 0.27 0.32
3551.583252 1 61 99 0.40 0.28 0.32
3556.800049 1 61 99 0.40 0.27 0.32
3455.588135 1 61 99 0.40 0.27 0.32
3574.482910 1 62 99 0.41 0.27 0.32
3618.045654 1 62 99 0.40 0.27 0.32
4802.737305 0 62 99 0.41 0.27 0.32
4823.708008 1 63 99 0.41 0.27 0.33
3118.772705 5 64 99 0.38 0.21 0.41
3242.457520 3 65 99 0.38 0.28 0.35
3583.572998 1 65 99 0.37 0.28 0.35
3521.538818 1 66 99 0.38 0.28 0.35
3284.660889 2 67 99 0.38 0.28 0.35
3498.448486 1 67 99 0.38 0.28 0.34
3330.575439 2 68 99 0.38 0.28 0.35
3626.599854 1 69 99 0.38 0.28 0.35
3462.687988 1 71 99 0.38 0.27 0.35
3701.236572 0 72 99 0.37 0.28 0.35
3669.650391 1 72 99 0.37 0.28 0.35
3329.072998 2 73 99 0.38 0.27 0.35
3470.890137 1 75 99 0.38 0.28 0.34
3872.889160 0 77 99 0.38 0.27 0.35
3415.788086 1 78 99 0.38 0.28 0.35
3763.606934 0 79 99 0.38 0.28 0.35
3565.686523 1 80 99 0.38 0.27 0.35
3612.819336 1 81 99 0.38 0.28 0.35
3557.515381 1 82 99 0.37 0.28 0.35
3430.794678 1 83 99 0.38 0.28 0.35
3552.801025 1 84 99 0.38 0.28 0.35
3427.045654 1 84 99 0.38 0.27 0.35
3638.707031 1 86 99 0.38 0.28 0.35
3390.709961 2 88 99 0.37 0.28 0.35
3724.802490 0 89 99 0.38 0.27 0.35
3543.265381 1 90 99 0.38 0.28 0.35
3686.641113 0 91 99 0.38 0.28 0.35
3500.574219 1 92 99 0.38 0.28 0.35
3563.166748 1 93 99 0.37 0.28 0.35
3640.991943 1 94 99 0.37 0.28 0.35
3405.688232 1 94 99 0.38 0.28 0.34
3415.570312 1 95 99 0.37 0.28 0.35
3639.705811 1 96 99 0.38 0.28 0.35
3377.883789 2 96 99 0.37 0.28 0.35
3499.399414 1 97 99 0.38 0.27 0.35
3342.730713 2 97 99 0.38 0.27 0.35
3381.279053 2 98 99 0.38 0.28 0.34
3243.253662 3 98 99 0.38 0.28 0.35
4057.181152 0 98 99 0.37 0.30 0.33
