5121.250977 1 0 0 0.41 0.28 0.32
6349.574707 1 1 0 0.40 0.28 0.32
4752.981934 1 2 0 0.41 0.29 0.29
4259.935059 1 3 0 0.42 0.27 0.32
4541.836426 1 4 0 0.40 0.30 0.30
3328.904297 1 5 0 0.42 0.29 0.29
6057.603516 1 6 0 0.42 0.29 0.30
5370.876953 1 7 0 0.42 0.29 0.29
6973.152344 1 8 0 0.43 0.29 0.28
5414.765625 1 9 0 0.37 0.27 0.36
5769.466309 1 10 0 0.41 0.24 0.35
6717.857422 1 11 0 0.42 0.29 0.29
4972.050293 1 12 0 0.39 0.22 0.38
5575.546875 1 13 0 0.43 0.27 0.30
5832.094238 1 14 0 0.42 0.29 0.29
5467.781738 1 15 0 0.40 0.27 0.33
4267.504395 1 16 0 0.41 0.23 0.36
4851.419434 1 17 0 0.40 0.25 0.36
6091.802734 1 18 0 0.38 0.34 0.28
5120.411133 1 19 0 0.40 0.31 0.29
5132.982422 1 20 0 0.44 0.23 0.33
5226.164062 1 21 0 0.41 0.30 0.29
5435.909180 1 22 0 0.42 0.27 0.31
4557.216797 1 23 0 0.41 0.23 0.37
6659.234863 1 24 0 0.41 0.25 0.33
5790.880371 1 25 0 0.43 0.26 0.32
3542.935303 1 26 0 0.39 0.27 0.34
6201.027832 1 27 0 0.40 0.24 0.36
6731.684570 1 28 0 0.41 0.25 0.34
6008.873535 1 29 0 0.43 0.28 0.29
6589.624023 1 30 0 0.39 0.28 0.33
6449.865723 1 31 0 0.36 0.35 0.29
4257.873047 1 32 0 0.37 0.37 0.27
4551.761719 1 33 0 0.40 0.26 0.34
5838.697266 1 34 0 0.39 0.33 0.28
5262.571289 1 35 0 0.41 0.30 0.29
5328.102539 1 36 0 0.38 0.29 0.33
6215.065918 1 37 0 0.42 0.26 0.32
5532.617188 1 38 0 0.36 0.32 0.32
5782.693359 1 39 0 0.41 0.26 0.33
4945.401855 1 40 0 0.35 0.39 0.26
6509.157715 1 41 0 0.41 0.35 0.25
5579.268066 1 42 0 0.41 0.23 0.36
6836.201660 1 43 0 0.39 0.31 0.29
5275.419434 1 44 0 0.42 0.22 0.36
4658.944336 1 45 0 0.41 0.25 0.34
6027.469238 1 46 0 0.41 0.30 0.29
5536.885254 1 47 0 0.44 0.26 0.29
6031.842773 1 48 0 0.38 0.30 0.32
4671.901367 1 49 0 0.42 0.28 0.30
5281.317871 1 50 0 0.40 0.29 0.31
4740.985840 1 51 0 0.41 0.28 0.32
5602.751465 1 52 0 0.39 0.29 0.31
5704.651367 1 53 0 0.40 0.29 0.31
3713.451660 1 54 0 0.41 0.33 0.26
7417.840820 1 55 0 0.37 0.39 0.25
5343.747070 1 56 0 0.39 0.31 0.30
6179.791992 1 57 0 0.42 0.28 0.30
5615.227539 1 58 0 0.42 0.35 0.23
7092.416992 1 59 0 0.38 0.35 0.27
5582.896484 1 60 0 0.39 0.28 0.33
5053.975098 1 61 0 0.39 0.27 0.34
5231.239746 1 62 0 0.43 0.18 0.40
6240.780762 1 63 0 0.43 0.22 0.35
7586.686035 1 64 0 0.42 0.25 0.33
5066.607910 1 65 0 0.38 0.30 0.32
4814.017090 1 66 0 0.40 0.33 0.27
5702.647461 1 67 0 0.37 0.33 0.31
6199.579590 1 68 0 0.39 0.31 0.30
4744.959961 1 69 0 0.37 0.30 0.33
4653.305664 1 70 0 0.39 0.22 0.39
5307.176270 1 71 0 0.43 0.27 0.31
4496.752441 1 72 0 0.42 0.24 0.34
4077.580322 1 73 0 0.41 0.26 0.33
4565.593750 1 74 0 0.41 0.26 0.33
4684.430664 1 75 0 0.41 0.25 0.34
6788.635254 1 76 0 0.38 0.38 0.24
5941.721680 1 77 0 0.38 0.30 0.32
4418.380371 1 78 0 0.42 0.26 0.32
5393.959961 1 79 0 0.41 0.26 0.34
5350.787109 1 80 0 0.42 0.28 0.30
6085.109863 1 81 0 0.38 0.28 0.33
5831.319336 1 82 0 0.39 0.23 0.38
5073.388672 1 83 0 0.40 0.24 0.36
5740.903320 1 84 0 0.41 0.25 0.35
5363.176758 1 85 0 0.41 0.23 0.37
7325.142578 1 86 0 0.40 0.39 0.22
3657.752441 1 87 0 0.38 0.22 0.40
5346.287598 1 88 0 0.43 0.25 0.32
4215.152344 1 89 0 0.39 0.27 0.34
6342.849121 1 90 0 0.42 0.25 0.33
5419.464355 1 91 0 0.44 0.24 0.33
5471.804199 1 92 0 0.39 0.31 0.30
7029.036133 1 93 0 0.43 0.30 0.28
6271.257812 1 94 0 0.36 0.33 0.31
6003.576172 1 95 0 0.40 0.19 0.41
8128.564941 1 96 0 0.37 0.29 0.33
5139.383301 1 97 0 0.40 0.28 0.33
4802.871094 1 98 0 0.41 0.34 0.25
4658.527832 1 99 0 0.40 0.28 0.32
