3694.117676 0 19 98 0.34 0.38 0.28
3432.132324 0 19 98 0.34 0.38 0.29
3697.667969 0 20 98 0.34 0.37 0.29
3525.163574 0 20 98 0.34 0.38 0.28
3706.950684 0 20 98 0.33 0.38 0.28
4064.763672 0 22 98 0.34 0.38 0.28
2871.552246 0 23 98 0.32 0.40 0.28
3227.636719 0 23 98 0.33 0.39 0.28
3290.184814 0 23 98 0.33 0.39 0.28
3203.504150 0 24 98 0.33 0.39 0.28
3445.354980 0 25 98 0.33 0.39 0.28
3547.254883 0 26 98 0.33 0.39 0.28
3095.265137 0 28 98 0.33 0.39 0.28
3140.632568 0 29 98 0.33 0.39 0.28
3508.877930 0 30 98 0.33 0.39 0.28
3402.729004 0 31 98 0.33 0.39 0.28
3524.349365 0 32 98 0.33 0.39 0.28
3480.395264 0 33 98 0.33 0.39 0.28
3456.528076 0 34 98 0.33 0.40 0.28
2503.260742 2 35 98 0.38 0.28 0.34
2414.677246 3 36 98 0.38 0.28 0.34
3696.156006 0 37 98 0.38 0.29 0.33
2797.280518 1 38 98 0.38 0.27 0.35
2437.986328 3 38 98 0.39 0.27 0.34
2800.514404 1 38 98 0.38 0.27 0.35
2832.227051 1 39 98 0.38 0.28 0.35
2795.509033 1 39 98 0.38 0.27 0.35
3528.321777 0 40 98 0.39 0.30 0.31
2860.423096 1 40 98 0.40 0.28 0.32
2688.618896 1 40 98 0.39 0.28 0.32
2646.733643 1 41 98 0.39 0.29 0.32
2678.009033 1 41 98 0.40 0.28 0.32
2611.927490 1 41 98 0.39 0.29 0.32
2651.682129 1 41 98 0.40 0.28 0.32
2700.238525 1 41 98 0.40 0.28 0.33
2685.661865 1 42 98 0.40 0.28 0.33
2654.221680 1 42 98 0.40 0.28 0.32
2605.718018 1 42 98 0.40 0.27 0.32
2418.163818 3 43 98 0.40 0.27 0.33
2504.856934 2 43 98 0.40 0.28 0.32
2387.968994 3 43 98 0.39 0.28 0.32
2289.599854 5 43 98 0.39 0.29 0.32
2405.457031 3 43 98 0.40 0.28 0.32
2113.624023 11 43 98 0.40 0.28 0.32
2395.287354 3 43 98 0.40 0.28 0.32
2687.571777 1 43 98 0.39 0.29 0.32
2773.349365 1 43 98 0.40 0.28 0.32
2544.154297 2 43 98 0.39 0.29 0.32
2702.863281 1 43 98 0.39 0.28 0.32
2685.955811 1 44 98 0.39 0.29 0.32
2589.534180 1 44 98 0.39 0.29 0.32
2661.317627 1 44 98 0.39 0.28 0.32
2782.417236 1 45 98 0.39 0.28 0.32
2627.552002 1 46 98 0.40 0.28 0.32
2520.105713 2 47 98 0.40 0.28 0.32
2769.890381 1 47 98 0.40 0.28 0.32
2700.769531 1 48 98 0.40 0.28 0.32
2753.353760 1 49 98 0.39 0.29 0.32
3011.575928 1 50 98 0.39 0.29 0.32
2895.527100 0 51 98 0.39 0.29 0.32
2832.184082 1 52 98 0.39 0.29 0.32
2801.382568 1 53 98 0.39 0.29 0.32
2560.219971 2 54 98 0.39 0.29 0.32
2663.778320 1 54 98 0.40 0.28 0.32
2888.855469 0 55 98 0.39 0.29 0.32
2700.583008 1 56 98 0.39 0.29 0.32
2944.517578 0 57 98 0.39 0.29 0.32
2578.839844 2 58 98 0.39 0.28 0.32
2355.965820 4 60 98 0.39 0.28 0.33
2664.003906 1 61 98 0.39 0.28 0.33
2465.033691 2 62 98 0.39 0.28 0.33
2544.552734 2 62 98 0.39 0.28 0.33
2742.937744 1 63 98 0.40 0.28 0.32
2793.514893 1 65 98 0.40 0.28 0.32
2813.188721 1 67 98 0.40 0.28 0.32
2829.823486 1 67 98 0.40 0.27 0.32
2522.938965 2 68 98 0.38 0.29 0.32
2125.968018 9 68 98 0.39 0.29 0.33
2990.319824 0 68 98 0.41 0.27 0.32
2869.572021 0 68 98 0.42 0.27 0.32
3137.063232 0 69 98 0.41 0.27 0.32
4133.618164 0 70 98 0.40 0.28 0.32
4208.874512 0 70 98 0.40 0.28 0.32
4363.939453 0 71 98 0.40 0.28 0.32
4063.080078 0 71 98 0.38 0.30 0.32
4059.689209 0 72 98 0.39 0.30 0.31
3915.931396 0 73 98 0.39 0.29 0.31
2989.801270 0 74 98 0.40 0.28 0.32
3594.326416 0 75 98 0.40 0.28 0.31
3886.981201 0 76 98 0.39 0.29 0.32
3551.024658 0 76 98 0.37 0.31 0.32
4836.111816 0 77 98 0.38 0.30 0.32
3567.955811 0 77 98 0.37 0.21 0.42
4337.123535 0 77 98 0.35 0.22 0.43
3475.997559 0 77 98 0.36 0.23 0.42
2924.045898 0 77 98 0.36 0.29 0.35
3426.820312 0 77 98 0.36 0.29 0.35
3449.326172 0 77 98 0.37 0.29 0.34
3508.217529 0 77 98 0.37 0.30 0.33
3021.465332 0 77 98 0.37 0.29 0.35
