550568.687500 1 0 0 0.42 0.26 0.32
555619.250000 1 1 0 0.42 0.26 0.32
535104.750000 1 2 0 0.43 0.28 0.29
573679.000000 1 3 0 0.44 0.24 0.32
566634.625000 1 4 0 0.42 0.27 0.31
581120.062500 1 5 0 0.43 0.29 0.28
564010.562500 1 6 0 0.44 0.26 0.30
532334.375000 1 7 0 0.43 0.28 0.30
557707.187500 1 8 0 0.45 0.26 0.29
561033.250000 1 9 0 0.40 0.25 0.35
559772.500000 1 10 0 0.44 0.22 0.33
570893.875000 1 11 0 0.44 0.27 0.29
564582.687500 1 12 0 0.42 0.21 0.37
551644.687500 1 13 0 0.43 0.28 0.29
574954.875000 1 14 0 0.44 0.26 0.30
554170.250000 1 15 0 0.41 0.25 0.34
579915.500000 1 16 0 0.44 0.21 0.35
567324.187500 1 17 0 0.41 0.23 0.36
581808.437500 1 18 0 0.39 0.33 0.28
566197.250000 1 19 0 0.43 0.28 0.29
539389.750000 1 20 0 0.45 0.22 0.34
547269.250000 1 21 0 0.43 0.27 0.30
564525.000000 1 22 0 0.45 0.25 0.31
549717.812500 1 23 0 0.43 0.22 0.35
566409.250000 1 24 0 0.42 0.24 0.34
571908.125000 1 25 0 0.44 0.25 0.31
557749.750000 1 26 0 0.41 0.26 0.33
547408.500000 1 27 0 0.42 0.22 0.35
568772.625000 1 28 0 0.42 0.23 0.35
538708.562500 1 29 0 0.46 0.24 0.29
582132.625000 1 30 0 0.41 0.25 0.35
538739.125000 1 31 0 0.39 0.32 0.28
575918.812500 1 32 0 0.38 0.35 0.27
568991.375000 1 33 0 0.43 0.24 0.33
584689.812500 1 34 0 0.40 0.31 0.29
573351.812500 1 35 0 0.42 0.28 0.29
573597.437500 1 36 0 0.41 0.26 0.33
549580.187500 1 37 0 0.46 0.24 0.31
555327.562500 1 38 0 0.39 0.30 0.31
551896.625000 1 39 0 0.42 0.24 0.34
569108.437500 1 40 0 0.39 0.36 0.25
558927.687500 1 41 0 0.44 0.31 0.25
572706.375000 1 42 0 0.43 0.21 0.36
567912.875000 1 43 0 0.43 0.27 0.30
555369.687500 1 44 0 0.44 0.22 0.35
565874.812500 1 45 0 0.43 0.24 0.33
552659.375000 1 46 0 0.43 0.26 0.31
534464.250000 1 47 0 0.46 0.24 0.30
556510.437500 1 48 0 0.43 0.26 0.32
560250.062500 1 49 0 0.43 0.27 0.30
545035.312500 1 50 0 0.44 0.25 0.31
537969.875000 1 51 0 0.40 0.28 0.32
573337.437500 1 52 0 0.39 0.29 0.32
560844.937500 1 53 0 0.44 0.25 0.30
560419.687500 1 54 0 0.42 0.32 0.26
555012.812500 1 55 0 0.41 0.35 0.25
566463.750000 1 56 0 0.41 0.30 0.30
606660.062500 1 57 0 0.43 0.26 0.31
564411.812500 1 58 0 0.44 0.32 0.23
552927.312500 1 59 0 0.43 0.30 0.28
583722.500000 1 60 0 0.41 0.27 0.33
582591.500000 1 61 0 0.42 0.26 0.32
551682.312500 1 62 0 0.44 0.17 0.40
570193.312500 1 63 0 0.46 0.21 0.33
540411.687500 1 64 0 0.46 0.21 0.33
569957.875000 1 65 0 0.39 0.28 0.33
577544.437500 1 66 0 0.42 0.32 0.26
573281.000000 1 67 0 0.39 0.30 0.31
570199.937500 1 68 0 0.43 0.27 0.30
583614.437500 1 69 0 0.41 0.28 0.32
554957.875000 1 70 0 0.41 0.21 0.38
574733.062500 1 71 0 0.45 0.25 0.30
606544.687500 1 72 0 0.43 0.25 0.32
582720.375000 1 73 0 0.41 0.26 0.33
575018.937500 1 74 0 0.45 0.24 0.31
562294.812500 1 75 0 0.41 0.24 0.35
550510.000000 1 76 0 0.40 0.35 0.25
560466.187500 1 77 0 0.40 0.27 0.33
567488.062500 1 78 0 0.42 0.27 0.32
555024.500000 1 79 0 0.43 0.23 0.34
550360.562500 1 80 0 0.45 0.25 0.30
552193.937500 1 81 0 0.41 0.26 0.33
564069.312500 1 82 0 0.39 0.23 0.37
561672.312500 1 83 0 0.41 0.24 0.34
555719.312500 1 84 0 0.42 0.23 0.34
573551.125000 1 85 0 0.42 0.23 0.35
557564.875000 1 86 0 0.43 0.34 0.23
555118.750000 1 87 0 0.41 0.21 0.38
553412.062500 1 88 0 0.44 0.25 0.31
547224.937500 1 89 0 0.40 0.27 0.33
579372.437500 1 90 0 0.44 0.23 0.33
547893.312500 1 91 0 0.45 0.22 0.33
569495.312500 1 92 0 0.41 0.28 0.30
544671.062500 1 93 0 0.44 0.26 0.30
574515.312500 1 94 0 0.40 0.29 0.31
571532.125000 1 95 0 0.41 0.17 0.41
561146.562500 1 96 0 0.40 0.27 0.32
552065.812500 1 97 0 0.42 0.26 0.32
544985.125000 1 98 0 0.43 0.31 0.26
557268.312500 1 99 0 0.40 0.26 0.33
