3659.093994 0 11 94 0.37 0.30 0.33
3597.341064 0 22 94 0.36 0.31 0.33
3473.334717 0 23 94 0.36 0.30 0.33
3687.233643 0 23 94 0.36 0.31 0.33
3622.619629 0 23 94 0.36 0.31 0.33
3499.145264 0 23 94 0.37 0.30 0.33
3966.679932 0 24 94 0.37 0.30 0.33
3642.219727 0 24 94 0.36 0.30 0.33
3525.538574 0 24 94 0.36 0.31 0.33
3801.607178 0 24 94 0.36 0.31 0.33
3726.534424 0 25 94 0.37 0.30 0.33
3442.201416 1 25 94 0.36 0.31 0.33
3579.312988 0 25 94 0.36 0.31 0.33
3816.082520 0 25 94 0.36 0.31 0.33
3689.309570 0 25 94 0.36 0.30 0.33
3824.890381 0 26 94 0.36 0.31 0.33
3537.501221 0 26 94 0.36 0.31 0.33
3753.987061 0 26 94 0.36 0.31 0.33
3638.613770 0 26 94 0.37 0.30 0.33
3503.536133 0 26 94 0.36 0.31 0.33
3654.805176 0 26 94 0.36 0.31 0.33
3870.668457 0 26 94 0.37 0.30 0.33
3579.019775 1 26 94 0.36 0.31 0.33
2403.103027 4 26 94 0.37 0.30 0.33
2454.240479 4 26 94 0.38 0.29 0.33
2359.983154 5 26 94 0.37 0.30 0.33
2183.379150 11 27 94 0.37 0.29 0.33
2208.346436 11 27 94 0.38 0.29 0.33
2425.690186 4 27 94 0.37 0.29 0.33
2680.346680 1 27 94 0.38 0.29 0.33
2471.815918 3 27 94 0.37 0.30 0.33
2275.677246 7 27 94 0.37 0.30 0.33
2659.563721 2 27 94 0.37 0.30 0.33
2604.113525 2 27 94 0.38 0.29 0.33
2405.707275 4 27 94 0.37 0.29 0.33
2294.360596 7 27 94 0.38 0.29 0.33
2396.780273 5 27 94 0.38 0.29 0.33
2616.658447 3 28 94 0.37 0.30 0.33
2611.112793 2 28 94 0.37 0.29 0.33
2465.002441 3 28 94 0.37 0.29 0.33
3622.856934 0 28 94 0.37 0.30 0.33
3580.937744 0 29 94 0.37 0.30 0.33
3184.105225 0 30 94 0.36 0.30 0.34
3430.090576 0 30 94 0.37 0.30 0.33
3244.154785 0 30 94 0.38 0.30 0.33
3222.587646 0 31 94 0.37 0.30 0.33
3601.652832 0 31 94 0.37 0.30 0.33
3257.564453 0 31 94 0.37 0.29 0.33
3288.143066 0 31 94 0.37 0.30 0.33
3269.405273 0 31 94 0.37 0.30 0.33
3834.654297 1 31 94 0.36 0.30 0.33
3838.559326 0 31 94 0.36 0.30 0.34
4057.448975 1 32 94 0.37 0.30 0.33
3648.298340 0 32 94 0.37 0.30 0.34
3664.547119 0 33 94 0.37 0.30 0.33
4064.069580 0 33 94 0.36 0.31 0.33
3619.854492 0 34 94 0.36 0.30 0.33
3081.127197 0 34 94 0.37 0.28 0.35
3221.951172 0 34 94 0.37 0.28 0.35
3724.840576 0 34 94 0.36 0.29 0.35
3090.596191 0 35 94 0.37 0.29 0.35
2714.774414 1 35 94 0.39 0.28 0.34
3330.993408 0 35 94 0.39 0.28 0.33
2650.997803 2 35 94 0.39 0.28 0.32
2728.213867 1 35 94 0.38 0.29 0.33
2867.937500 1 35 94 0.39 0.29 0.32
2570.961426 2 35 94 0.39 0.28 0.33
2716.259277 1 36 94 0.39 0.28 0.33
2983.014404 0 36 94 0.40 0.28 0.32
3018.574219 0 36 94 0.40 0.28 0.32
3460.837158 0 36 94 0.38 0.30 0.32
4163.085938 0 36 94 0.38 0.29 0.33
4467.411133 0 37 94 0.38 0.30 0.32
3415.996338 0 37 94 0.38 0.29 0.33
3068.776123 0 37 94 0.40 0.28 0.32
3545.749756 0 38 94 0.38 0.30 0.32
3871.150146 0 38 94 0.38 0.30 0.32
3906.770020 0 39 94 0.38 0.30 0.32
3680.592041 0 39 94 0.37 0.31 0.32
4404.167969 0 39 94 0.38 0.30 0.32
3377.134521 0 50 94 0.38 0.29 0.33
3885.830078 0 52 94 0.38 0.29 0.33
2735.417480 1 61 94 0.38 0.29 0.33
4285.474121 0 63 94 0.38 0.30 0.33
3865.017822 0 63 94 0.38 0.29 0.33
3782.420898 0 64 94 0.38 0.29 0.33
2764.084229 1 65 94 0.39 0.29 0.33
3481.840820 0 66 94 0.40 0.29 0.32
3521.262939 0 66 94 0.39 0.29 0.32
2983.141113 0 67 94 0.39 0.29 0.32
3292.254150 0 82 94 0.39 0.29 0.32
3202.870605 0 86 94 0.39 0.29 0.32
2905.813721 1 92 94 0.38 0.30 0.32
2471.181885 3 93 94 0.39 0.28 0.32
2895.497314 1 93 94 0.38 0.30 0.32
2812.112549 1 93 94 0.39 0.29 0.32
3726.011230 0 94 94 0.38 0.29 0.33
3346.552490 0 95 94 0.39 0.28 0.33
2946.889160 1 98 94 0.39 0.30 0.32
2779.245361 1 99 94 0.38 0.29 0.32
