3343.874512 0 2 96 0.38 0.29 0.33
3860.711914 0 3 96 0.38 0.29 0.33
4531.273926 1 40 96 0.37 0.30 0.33
3979.175781 1 53 96 0.37 0.30 0.33
3447.496094 0 57 96 0.38 0.29 0.33
3466.883301 0 57 96 0.38 0.29 0.33
3184.547119 0 58 96 0.38 0.29 0.34
3113.080811 0 58 96 0.37 0.29 0.34
3165.760010 0 58 96 0.38 0.28 0.34
3549.943848 0 59 96 0.38 0.29 0.34
4292.912598 0 59 96 0.38 0.29 0.33
3368.719482 0 59 96 0.38 0.28 0.34
3437.760010 0 60 96 0.38 0.28 0.34
3289.269775 0 60 96 0.38 0.28 0.34
3265.304932 0 60 96 0.38 0.28 0.34
3427.056641 0 60 96 0.38 0.28 0.34
3854.354004 0 60 96 0.37 0.28 0.35
3281.776611 0 60 96 0.38 0.29 0.34
3362.640625 0 60 96 0.38 0.29 0.34
3532.972412 0 60 96 0.38 0.28 0.34
4282.220215 0 60 96 0.37 0.29 0.34
4235.471191 0 60 96 0.37 0.29 0.34
3200.859131 0 60 96 0.38 0.28 0.34
3593.536133 0 60 96 0.37 0.28 0.35
4024.473877 0 61 96 0.36 0.29 0.35
3792.899658 0 61 96 0.37 0.29 0.35
3554.079102 0 61 96 0.37 0.29 0.35
3554.823486 0 61 96 0.37 0.28 0.35
3683.024170 0 61 96 0.37 0.28 0.35
3772.500977 0 61 96 0.37 0.28 0.34
3845.951416 0 61 96 0.38 0.28 0.34
3701.956055 0 61 96 0.36 0.29 0.35
3295.057617 0 61 96 0.38 0.29 0.34
4008.792480 0 61 96 0.37 0.29 0.34
3544.146240 0 61 96 0.37 0.29 0.34
3483.697754 0 61 96 0.38 0.29 0.33
3879.653564 0 61 96 0.38 0.28 0.34
3095.715088 0 61 96 0.39 0.28 0.33
3459.417480 0 61 96 0.38 0.29 0.34
3531.660400 0 61 96 0.38 0.29 0.34
3592.313477 1 62 96 0.38 0.28 0.34
3587.446045 0 62 96 0.38 0.29 0.34
3646.277588 0 62 96 0.37 0.29 0.34
3413.219971 0 62 96 0.37 0.29 0.34
3216.438232 0 62 96 0.38 0.28 0.34
3523.257324 0 62 96 0.38 0.29 0.33
3295.458984 0 62 96 0.37 0.29 0.34
3796.579102 0 62 96 0.38 0.29 0.34
3670.992188 0 62 96 0.37 0.29 0.33
3277.168457 0 62 96 0.37 0.29 0.34
3313.799316 0 62 96 0.37 0.29 0.34
3150.799316 0 62 96 0.37 0.29 0.34
3301.548340 0 62 96 0.37 0.29 0.34
2539.379395 1 62 96 0.37 0.30 0.33
2716.670166 0 62 96 0.37 0.29 0.33
2713.335938 0 62 96 0.36 0.30 0.33
2743.133545 0 62 96 0.36 0.30 0.34
2308.187012 2 63 96 0.37 0.29 0.34
2224.733398 3 63 96 0.36 0.29 0.34
2185.865723 3 63 96 0.36 0.30 0.34
1854.497070 12 64 96 0.37 0.29 0.34
1771.258667 16 64 96 0.36 0.30 0.34
1754.583374 17 64 96 0.36 0.29 0.34
2202.928711 3 65 96 0.36 0.29 0.34
2216.870850 3 65 96 0.36 0.29 0.34
2228.727539 2 68 96 0.36 0.29 0.34
2767.604248 0 68 96 0.36 0.30 0.34
2883.540527 0 69 96 0.36 0.30 0.34
2252.198486 2 69 96 0.37 0.29 0.34
2184.331543 3 69 96 0.36 0.29 0.34
1952.561646 8 70 96 0.36 0.30 0.34
2244.819092 2 70 96 0.36 0.30 0.34
1997.511108 6 70 96 0.37 0.29 0.34
2119.154297 4 70 96 0.36 0.30 0.34
3310.874756 0 70 96 0.36 0.30 0.34
3505.688232 0 70 96 0.36 0.30 0.34
2328.756104 2 70 96 0.36 0.30 0.34
2267.885010 2 70 96 0.36 0.29 0.34
2265.034668 2 71 96 0.36 0.30 0.34
2331.215088 2 71 96 0.36 0.30 0.34
2900.992188 0 72 96 0.36 0.30 0.33
2785.403076 0 72 96 0.36 0.30 0.34
2512.481445 1 72 96 0.36 0.31 0.34
2652.871582 0 72 96 0.36 0.31 0.34
3159.753174 0 72 96 0.35 0.31 0.34
2845.730957 0 72 96 0.35 0.31 0.34
2759.653076 0 73 96 0.35 0.31 0.34
2660.550049 0 73 96 0.36 0.31 0.33
3017.822266 0 73 96 0.35 0.31 0.33
3301.274902 0 73 96 0.35 0.31 0.34
3034.902588 0 76 96 0.35 0.31 0.34
3083.136719 0 76 96 0.35 0.31 0.34
2844.336182 0 77 96 0.35 0.31 0.34
2804.556641 0 77 96 0.36 0.31 0.33
2766.197998 0 78 96 0.36 0.30 0.34
2983.474854 0 78 96 0.37 0.31 0.32
2587.764160 1 79 96 0.37 0.31 0.32
2744.653809 0 79 96 0.37 0.31 0.32
3055.644043 0 82 96 0.37 0.31 0.32
2985.390137 0 96 96 0.37 0.31 0.32
