3040.149658 0 1 91 0.36 0.31 0.34
2064.076904 4 1 91 0.37 0.30 0.34
2482.389404 1 1 91 0.36 0.30 0.34
2253.859863 2 1 91 0.36 0.30 0.34
2969.283691 0 2 91 0.36 0.30 0.34
3090.610840 0 3 91 0.36 0.30 0.34
3125.162842 1 3 91 0.37 0.30 0.33
3221.962158 1 6 91 0.36 0.30 0.34
2942.716553 0 7 91 0.36 0.30 0.34
3142.095703 1 9 91 0.36 0.30 0.34
2785.152588 0 16 91 0.36 0.30 0.34
2759.924072 0 23 91 0.36 0.30 0.34
3161.507568 0 26 91 0.36 0.30 0.34
3012.026855 0 26 91 0.36 0.30 0.34
2704.000977 0 26 91 0.36 0.30 0.34
2620.974121 0 27 91 0.36 0.30 0.34
2399.895264 1 27 91 0.36 0.30 0.35
2764.452881 0 27 91 0.36 0.30 0.34
2981.144775 0 27 91 0.37 0.30 0.34
3103.449463 0 28 91 0.37 0.30 0.33
3067.058594 0 28 91 0.37 0.30 0.33
2972.935791 0 28 91 0.37 0.30 0.34
2993.619629 0 29 91 0.37 0.29 0.34
2832.172852 1 29 91 0.36 0.30 0.34
3146.616211 0 32 91 0.36 0.29 0.34
3082.311035 0 33 91 0.36 0.30 0.34
2204.450684 3 34 91 0.36 0.30 0.34
2094.027344 4 35 91 0.36 0.30 0.34
2178.482422 3 36 91 0.36 0.30 0.34
2255.765137 2 40 91 0.36 0.30 0.34
2749.261475 0 42 91 0.36 0.29 0.34
2822.286133 0 45 91 0.36 0.30 0.34
2341.206787 1 47 91 0.37 0.30 0.34
2530.629639 1 48 91 0.36 0.30 0.34
2498.818359 1 49 91 0.36 0.30 0.34
2489.879150 1 53 91 0.36 0.30 0.34
2473.501953 1 55 91 0.36 0.30 0.34
2910.306641 0 58 91 0.36 0.31 0.34
3126.026367 0 59 91 0.37 0.30 0.33
2899.700439 0 65 91 0.36 0.30 0.34
3134.716064 1 65 91 0.37 0.30 0.34
2826.278076 0 65 91 0.37 0.29 0.34
2590.540039 1 66 91 0.36 0.30 0.34
2628.781006 0 66 91 0.36 0.30 0.34
2629.803467 0 67 91 0.36 0.30 0.34
2509.566162 1 67 91 0.35 0.30 0.34
2616.531494 0 68 91 0.36 0.30 0.34
2527.850098 1 70 91 0.36 0.30 0.34
2451.988770 1 72 91 0.36 0.30 0.34
2566.193359 1 76 91 0.36 0.30 0.34
2848.443115 0 76 91 0.36 0.30 0.34
2713.473877 0 76 91 0.36 0.30 0.34
2624.312988 0 76 91 0.36 0.30 0.34
2811.692627 1 76 91 0.36 0.30 0.34
2637.248047 0 76 91 0.36 0.30 0.34
2546.582520 1 76 91 0.36 0.30 0.34
2838.284668 0 76 91 0.35 0.31 0.34
2661.181396 0 76 91 0.35 0.30 0.34
2547.726562 1 76 91 0.36 0.30 0.34
2491.603027 1 76 91 0.35 0.31 0.34
2789.033447 0 76 91 0.36 0.30 0.34
2871.050537 0 76 91 0.36 0.30 0.34
2880.970215 0 76 91 0.36 0.30 0.34
2649.997314 0 76 91 0.36 0.30 0.34
2817.221191 0 76 91 0.36 0.30 0.34
2170.617188 3 77 91 0.36 0.30 0.34
2240.743164 2 78 91 0.37 0.29 0.34
2222.226318 2 78 91 0.36 0.29 0.34
2424.130127 1 78 91 0.37 0.29 0.34
2731.972656 0 79 91 0.36 0.30 0.33
2472.938477 1 79 91 0.36 0.30 0.34
3084.013916 0 79 91 0.36 0.30 0.34
2515.389893 1 79 91 0.36 0.30 0.34
3085.966553 0 79 91 0.35 0.31 0.34
2920.310791 0 80 91 0.35 0.30 0.35
2666.157471 0 81 91 0.35 0.31 0.34
1738.821411 16 81 91 0.36 0.29 0.35
2561.529297 1 85 91 0.36 0.30 0.34
2174.419434 3 86 91 0.35 0.30 0.34
2063.291260 5 87 91 0.36 0.30 0.34
2366.021973 1 90 91 0.35 0.31 0.34
2228.286377 2 90 91 0.37 0.29 0.35
2914.921631 0 90 91 0.35 0.30 0.34
2700.015381 0 91 91 0.35 0.30 0.36
2931.335693 0 91 91 0.35 0.30 0.35
2418.174805 1 92 91 0.36 0.29 0.34
2458.823242 1 92 91 0.36 0.29 0.35
2487.293457 1 93 91 0.37 0.28 0.35
2641.006836 0 93 91 0.37 0.29 0.35
2676.630371 0 93 91 0.37 0.29 0.35
2197.576904 3 93 91 0.36 0.29 0.34
2238.180908 2 93 91 0.36 0.30 0.34
2229.333496 2 94 91 0.37 0.29 0.34
2037.765869 5 94 91 0.36 0.30 0.34
2159.654053 4 94 91 0.36 0.30 0.34
2418.835938 1 94 91 0.36 0.29 0.34
2165.195312 3 95 91 0.36 0.30 0.34
2685.709229 0 96 91 0.36 0.29 0.34
2916.971436 0 96 91 0.35 0.32 0.33
2877.083496 0 96 91 0.38 0.31 0.31
